0 0 0 0 0.1464073518236594 0 0 0 0 0 0 0 0 0 0 0 0 0 0 0
0 0 0 0 0 0 0 0 0 0 0 0 0 0 0 0.7121461201182497 0 0 0 0
0.3979653598512199 0 0 0 0 0 0 0 0 0 0 0 0 0 0 0 0 0 0 0
0 0 0 0 0 0 0 0 0 0 0 0 0 0 0 0.5233003076029402 0 0 0 0
0 0 0 0 0.4179136062719549 0 0 0 0 0 0 0 0 0 0 0 0 0 0 0
0 0 0 0 0 0 0 0 0 0 0 0.6948090425583618 0 0 0 0 0 0 0 0
0 0 0 0 0 0 0 0 0 1 0 0 0 0 0 0 0 0 0 0
0 0 0 0 0 0 1 0 0 0 0 0 0 0 0 0 0 0 0 0
0 0.8588668845261113 0 0 0 0 0 0 0 0 0 0 0 0 0 0 0 0 0 0
0 0 0 0 0 0 0 0 0 0 0 0 0 0.7556840719835167 0 0 0 0 0 0
0.7007265076543217 0 0 0 0 0 0 0 0 0 0 0 0 0 0 0 0 0 0 0
0 0 0.4385915986605471 0 0 0 0 0 0 0 0 0 0 0 0 0 0 0 0 0
0 0 0 0 0 0 0 0 0 0 0 0 0 0 0 0 0 0 0 0.6417707936764115
0 0 0 0 0 0 0 1 0 0 0 0 0 0 0 0 0 0 0 0
0 0 0 0 0 0 0 0 0 0 0 0 0 0 0 0 0 0 0 0.3690684606610852
0 0 0 0 0 0 0 0 0 0 1 0 0 0 0 0 0 0 0 0
0 0 0.4422878449362713 0 0 0 0 0 0 0 0 0 0 0 0 0 0 0 0 0
0 0 0 0 0 0 0 0 0 0 0 0 0 0 0 0 0.2398324190147922 0 0 0
0 0 0 0 0 0 0 0 1 0 0 0 0 0 0 0 0 0 0 0
0 0.4794117798880594 0 0 0 0 0 0 0 0 0 0 0 0 0 0 0 0 0 0
0 0 0 0 0 0 0 0 0 0 0 0.229796288679228 0 0 0 0 0 0 0 0
0 0 0 0 0 0 0 0 0 0 0 0 0 0 0 0 0.4881178186194056 0 0 0
0 0 0 0 0 0 0 0 0 0 0 0 0 0 0 0 0 0 0 0.6722490012853912
0 0 0.7800704044227598 0 0 0 0 0 0 0 0 0 0 0 0 0 0 0 0 0
0 0 0 0 0 0 0 0 0 0 0 0 0 0 0 0 0.3469868262115974 0 0 0
0 0 0 0 0 0 0 0 0 0 0 0 0 0 0 0 0.5619488028144429 0 0 0
0 0 0 0 0 0 0 0 0 0 0 0 0 0 0 0.415672701171162 0 0 0 0
0 0 0 0 0 0 0 0 0 0 0 0 0.9713795402895654 0 0 0 0 0 0 0
0 0 0 0 0 0 0 0 0 0 0 0 0.2375327108143895 0 0 0 0 0 0 0
0 0 0 0 0 0 0 0 0 0 0 0 0 0.5849103574355515 0 0 0 0 0 0
0 0 0 0 0 0.3659381736405909 0 0 0 0 0 0 0 0 0 0 0 0 0 0
0 0 0 0 0.5072924001408851 0 0 0 0 0 0 0 0 0 0 0 0 0 0 0
0 0 0 0 0 0 0 0 0 0 0 0 0 0 0 0 0 0.6628968192555187 0 0
0 0 0.05923711631845776 0 0 0 0 0 0 0 0 0 0 0 0 0 0 0 0 0
0 0 0 0 0 0 0 0 0 0 0 0 0 0 0 0.2072588759645798 0 0 0 0
0 0 0 0 0 0.9306391637324258 0 0 0 0 0 0 0 0 0 0 0 0 0 0
0 0.1803108980870944 0 0 0 0 0 0 0 0 0 0 0 0 0 0 0 0 0 0
0 0 0 1 0 0 0 0 0 0 0 0 0 0 0 0 0 0 0 0
0 0 0 0 0 0 0 0 0 0 0 0 0 0 0 0 0.5177210555760344 0 0 0
0 0 0 0 0 0 0 0 0 0 0 0 0 0 0 0 0 0 1 0
0 0 0 0 0 0 0 0 0 0 0 0 0 0 0.5940079476126764 0 0 0 0 0
0.1286025050571922 0 0 0 0 0 0 0 0 0 0 0 0 0 0 0 0 0 0 0
0 0 0 0 0.7393020531447567 0 0 0 0 0 0 0 0 0 0 0 0 0 0 0
0 0 0 0 0 0 0 0 0 0 0 0 0 0.2946548100999312 0 0 0 0 0 0
0 0 0 0 0 0 0 0 0 0 0 0 0 0 0.8044591712280841 0 0 0 0 0
0.5779855789914502 0 0 0 0 0 0 0 0 0 0 0 0 0 0 0 0 0 0 0
0 0 0 0 0 0 0 0 0 0 0 0 0 0 0 0.0571371638967186 0 0 0 0
0 0 0 0 0 0 0 0 0 0 0 0 0 0 0 0 0 0.7428286074726825 0 0
0 0 0 0 0 0 0 0 0 0 0 0 0 0 0 0 0 0.09366678675555985 0 0
0 0 0 0 0 0 0 0 0 0 0 0.681493991234248 0 0 0 0 0 0 0 0
