0.1098181712403592 0.4126688310897094 0.2854060910677028 0.9749754431689278 0.4797028666335965 0.8490095295886076 0.6232839367605315 0.8924244516556141 0.09725442660847883 0.4862258022765658 0.1898025159820739 0.3947861010701432 0.06937648375537087 0.2931459230567287 0.3999462624434924 0.9257186156496003 0.4084139282363979 0.004942331385267451 0.1144425453037926 0.5220699461276879 0.8309432903956052 0.4362651373755668 0.9683160488380588 0.07182893865697859 0.1732632305820007 0.163808421671132 0.8088790902195755 0.6894945196069091 0.9953248066870344 0.7995154334387263
0.4529960281193701 0.03905790478987214 0.001590930439407279 0.6580620182512943 0.6934734865181194 0.8304123871347917 0.6193174627501802 0.4368315734470445 0.2267368020262153 0.9969137727964498 0.3449110420455069 0.5175975486225741 0.6763046803019839 0.9284373356362298 0.9262283374351116 0.4999053219467249 0.1620903215989467 0.6310579549002672 0.8219749079833212 0.7920845754074378 0.3038920788702669 0.382613309758402 0.9389703909408206 0.2851748298001225 0.825499881662435 0.09362079736242368 0.2915371545678249 0.06724099798018046 0.3986260382852851 0.5388031000365113
0.1101147431445144 0.4024893253051757 0.7860151673973859 0.7684627736691001 0.3471433467931226 0.1093106638986727 0.07177719657140891 0.4520440226099238 0.6622940786898982 0.007037819069126927 0.7227194065941231 0.8691574820761229 0.2715787468662607 0.673768664170794 0.9842279612721588 0.1542419859368971 0.8113159650837121 0.652956566943119 0.3136954519319956 0.4499722781146416 0.4655193919178161 0.6947205501584069 0.9101803324187666 0.1765761641718961 0.8653251026068456 0.8445922628173472 0.7468636070428143 0.8659752009693582 0.7319699555016969 0.249498206428037
0.3356086363070604 0.2695762089481911 0.8062374541259704 0.4863783717507472 0.4174260750597705 0.1378297821147754 0.06284310904740575 0.9161592842214088 0.9033318857228143 0.5488542098570107 0.9739987077874183 0.7615771243283874 0.9317324169110209 0.1087066211827669 0.8201908887969367 0.6841087626738392 0.6809922484421533 0.7892172472493885 0.04682389749490135 0.1113825174659053 0.8485077683926294 0.4971856900887516 0.1486510710727947 0.7698875423611655 0.614532570302327 0.5128319526320448 0.4878962171769047 0.04565441876576848 0.5332896072028825 0.4395886454810687
0.4378445343194377 0.7330442433374941 0.7213166139315792 0.8082029004896617 0.9999000961462167 0.6604898132400486 0.3344496474253317 0.5744230711330146 0.7215314076528604 0.9494089995913009 0.575964498325652 0.5390491268625256 0.4593491996639584 0.5476859751756272 0.5410837469646987 0.5088289085323892 0.8997695748894684 0.0122392230169337 0.8358459580452217 0.4231985443166766 0.4903822798869009 0.2155259834901634 0.1983561301375082 0.7303749742449928 0.03358553098569572 0.3097064773218744 0.07379916383053098 0.8717966008333118 0.6135846046281003 0.5700421753767596
0.3103378627164421 0.9474900637976285 0.1649430211753956 0.1257005156545743 0.4836101437595071 0.4357590872740611 0.3171502288187793 0.8853038750715968 0.965093589254326 0.2617304889327506 0.2219581156876806 0.5541047938626713 0.296739523831302 0.8894760685130723 0.4840037352309843 0.8718385287579311 0.7022047571328662 0.2556715976738413 0.9864924465344248 0.4349049086527089 0.2993206020718204 0.712481746509608 0.2847419708976237 0.8664865106387947 0.4314657226209515 0.2081585423627125 0.207813763262095 0.5307838653225604 0.6172959286560376 0.9425034083978694
0.562619768593395 0.7991865252949247 0.4329523383901384 0.07296924309094921 0.6403730021288582 0.08835186899664194 0.05851412204503204 0.05716077109571127 0.8536895827449622 0.8957420380948092 0.8045648960551713 0.4474982106826964 0.4643830015245644 0.08310346633520516 0.7098726530643379 0.9169258701178225 0.1402564039764608 0.8735576751113502 0.9491215338973096 0.8676144356586142 0.5056050223908283 0.1462804386531581 0.8063539294809241 0.6901348796618 0.02170725203671164 0.415306930985973 0.7735362489573474 0.3625566355765902 0.4170495462604823 0.1642560309557042
0.6083431772431396 0.3697488112339123 0.1672165566599091 0.3240630141952201 0.3606889599573998 0.421074961291335 0.8852491057786623 0.7917871420970977 0.4422372092921951 0.8731013067055272 0.1569390967273472 0.02434415474145657 0.6823424611506903 0.2589988501225576 0.4905558649481333 0.573555911855076 0.9059674325377048 0.8051987015436323 0.6943104083000701 0.7305343206082674 0.3798895736898144 0.4589161976791561 0.466585566596271 0.5368221863642266 0.1865835463897996 0.6590362409496179 0.5583752758814039 0.7979473082398957 0.4517201934212149 0.550608429925316
0.8047422719180862 0.6340374764660452 0.961709859626268 0.6012917335263652 0.204509029665161 0.288213943709119 0.7082417414626142 0.6030726798337525 0.09458595679722748 0.2826801755571964 0.784267846053645 0.2363601273091815 0.6316167306887771 0.8843746710300868 0.9951466015916101 0.6370261219744776 0.03363212881748923 0.3284318204673218 0.8571117867818655 0.7880209770571079 0.3789122698642777 0.9461285782415274 0.09040218539152411 0.1651470478584198 0.8228871071041398 0.6866072474197352 0.2377185774873393 0.01156044937285117 0.519062744690308 0.6625132058744551
0.05690684910892185 0.3290651083280707 0.4260888285963651 0.4904132504525291 0.09321881551078426 0.4391155057458681 0.3743892345269733 0.09779632488876 0.3856853460167301 0.03943446397915062 0.1158799192589187 0.3188246914612105 0.6508301252148405 0.6449426286656497 0.284600193511278 0.3460543408211016 0.6628170996358628 0.6386112772511582 0.2603479728328754 0.1649179344984217 0.2299005781586604 0.05871981082690125 0.809618158397679 0.9994902372539075 0.6091106468143619 0.963932715854977 0.7903469605805932 0.3048706195169956 0.5362677557318599 0.8590824671410243
0.9167907084086059 0.5760898899604018 0.9549280843133094 0.2013650430393188 0.541740725731084 0.2844462132567342 0.9682661797526958 0.2683356059952967 0.4790995885063037 0.5644585669714355 0.06290634316089116 0.4551907276445292 0.662902790554721 0.6353071168573585 0.7870404089607937 0.4042736779570157 0.1914699148909635 0.884749473039676 0.2322717122707019 0.593843242217603 0.7014317519333396 0.2259853040832051 0.0760730370925794 0.1724737338792867 0.4450561297838892 0.4865702281174731 0.9316418514629161 0.5932306474455676 0.1285747997147089 0.7411675413663409
0.1061255186706285 0.2790745635300106 0.6970720283389437 0.05139518510657548 0.9303690872699572 0.5769343207297316 0.6486813205908217 0.2344946005270517 0.8410425781012368 0.003975977177963497 0.5810445464273071 0.7461270876467141 0.358167950519633 0.2540215294421944 0.6677310114056357 0.5691219027617906 0.9004010899794977 0.5244421793376314 0.9184720958821228 0.1333271178086873 0.1268289313441467 0.04864342939461697 0.2262962986065019 0.8263051311996167 0.968061469283669 0.6262247203122083 0.7098487424227266 0.08110816323036851 0.9617823480220162 0.5514366301608655
0.7657981474953697 0.5565249691831049 0.3753852695760129 0.8482471397573395 0.06976965204146868 0.722277394212005 0.2261313570147767 0.3313149495081074 0.3630905186668473 0.1255646755643257 0.2728975033442225 0.4253915811966648 0.84382076159749 0.1415536073276767 0.7495447888558936 0.01207894337510951 0.6809393080709646 0.700321139424003 0.1891739444532567 0.7139320072438089 0.4491884562557487 0.3525011267224702 0.1024311508603353 0.2771108104071081 0.2644105854739247 0.4232525760393701 0.27144776834924 0.8482845854009755 0.5456397462437725 0.2552989515869316
0.1250445425671094 0.005042865022298448 0.1897384552603482 0.0003499059128551085 0.3937046797223016 0.5333189328487503 0.284472688368114 0.8081242574093045 0.4923785473391584 0.1507919492767911 0.602121036388619 0.8250477939861426 0.2774986738963777 0.2611782946288733 0.2396666341250102 0.9857762880801068 0.8582327771115158 0.6062507351575284 0.7081861460171669 0.7392151724318352 0.4904428564129906 0.2611322054268392 0.7506475409806226 0.5106324861130309 0.8425287300249739 0.9303393178402831 0.9124894611626571 0.2317048445985347 0.2655505037391236 0.1712971525383001
0.758496030975613 0.5810981804051734 0.9173472912473827 0.4548331589192762 0.4429417146787783 0.3689232830488702 0.9496948648171487 0.0723373771903133 0.3735134844107056 0.9702676045145373 0.9942692867832639 0.5881464309060835 0.4267080933032983 0.3564244303980699 0.7110241725581904 0.6516882558664566 0.1981859926488475 0.6038920959635143 0.6033537482454925 0.2580411722753727 0.1930797312621331 0.1074460285312483 0.8304148194403993 0.09717574895311865 0.5158569190467943 0.2619375021654691 0.2440648587266122 0.2500990532801536 0.7480200680678235 0.3638457897886496
0.1215653743598344 0.3212824287967899 0.726540678418487 0.5613605428741997 0.1302393737373816 0.537406085533441 0.7415034744843135 0.9341219982945613 0.2655561793507226 0.908825512820884 0.8654434729185184 0.8092208400815715 0.4880230233530477 0.7875563650191111 0.2945419489037567 0.5702433354213345 0.4723652466665014 0.6355208419066546 0.3577425548683266 0.5191855254142246 0.8632120855180407 0.05012629616422237 0.04669620604090086 0.2217176683135923 0.1772236421878585 0.7165295110009409 0.360221166067822 0.3392849258481668 0.154496321492419 0.7214997735540393
0.7567678495060817 0.8840431177660775 0.9579734827922115 0.03745179749220739 0.7850366280692189 0.07446221453574986 0.7395840061436348 0.2936860421012846 0.4681163098333826 0.4578309041512875 0.5153723457355401 0.824944538713214 0.7269796003208903 0.5014479598871183 0.05234607955135173 0.1749446292417003 0.4533521979253666 0.0451889631533986 0.6965281102540019 0.29964274185873 0.8058020363002086 0.5415874074746018 0.8788867564056873 0.9475349640810289 0.8327902927486557 0.9987936250896454 0.4928403884426498 0.3999790816897391 0.170043378641484 0.3609822082301262
0.8966650284061577 0.9272294404382663 0.1952999136164658 0.5754745667987405 0.2546109729127685 0.7970284073077907 0.5570491065701011 0.9060965093990814 0.5779143777813356 0.1324424982903923 0.4447954654771582 0.03412546098199887 0.7012718899575164 0.1087763147627592 0.3688791699734351 0.2023815918116663 0.1829120111055244 0.4203220540403404 0.7611305998000719 0.8303889956527507 0.5807513836361077 0.3156794720905578 0.3175936051024187 0.6819974867693507 0.1305268458746391 0.4398128338557256 0.03378975491888125 0.8500418843234305 0.5195608405635346 0.4138024724853281
0.5868543426975867 0.1088340208049201 0.2937200236897239 0.331735227300424 0.5273676287994379 0.1655773484688136 0.4748113124309616 0.691273849525621 0.2033514558060506 0.7305472930745699 0.0530081299774855 0.9467306164611808 0.7629204149845604 0.1735495642625121 0.4910767002070261 0.2224094051875637 0.006866718014502671 0.4137759332174781 0.454209208830455 0.9845036846458233 0.2728978167305701 0.1306942771545581 0.4462844824092057 0.4620034261751007 0.1328088262407101 0.3472322475234293 0.4243780252336669 0.8242473225557089 0.2413627632097755 0.6676852567340549
0.7183602528316811 0.2750561645976154 0.5218709752203675 0.7138767582054542 0.0185894625553763 0.3310167951576182 0.7174615253635928 0.6148780741122767 0.6409054744024721 0.9050071543657248 0.700970223543919 0.4115208071424638 0.6067775581469588 0.8524287585095053 0.6572796120513915 0.9096810750388996 0.5676020686069082 0.6793626167907022 0.1679248513963816 0.558258768978776 0.6830870413115936 0.6052059075250981 0.5468479642751209 0.9429771271477279 0.4581809290639526 0.06899292861201645 0.751021760126384 0.4222570691646687 0.1533081413030845 0.8459868786071932
0.2787278532995618 0.9018504597710966 0.3773331567914615 0.7729041512681477 0.5273400115588517 0.5447539138856533 0.1325959066624784 0.3108449827999331 0.1464570572687185 0.3274578000532692 0.6334317198670959 0.09303830946469327 0.5953207992625973 0.6681618293515048 0.0819439638728281 0.7591471382517128 0.3621193270473247 0.05527480672106677 0.08752047099727689 0.0957214372852222 0.9493178176018684 0.5800904857222785 0.9807854929289364 0.3040032407415481 0.04233088770305071 0.04938695780511027 0.2406838289948471 0.5384741825883083 0.744258227137611 0.2004017120488192
0.4261848149443712 0.8927231292647539 0.1602656871436838 0.2818065374914749 0.5248241355993664 0.7764524521656134 0.8035587413994463 0.9474711811113413 0.9526451459101765 0.3004672054298551 0.195577324411095 0.3843389338899291 0.04464523139525611 0.13141519332042 0.09128224070015134 0.78564260668232 0.660088922012746 0.3347949218465005 0.5528109374389495 0.8828605180307808 0.116753830220277 0.2965052895577155 0.8882058086972821 0.1721784498640774 0.7145070510786697 0.1519179839862477 0.1260242715465011 0.2397287322941325 0.4284601332515537 0.7269233087989256
0.482978396009484 0.4568942928704243 0.6664650403061041 0.779085319816204 0.9749790248001969 0.3857205401069403 0.12835244379189 0.06114825028468407 0.04329146331133293 0.1068386385488687 0.2750827854262484 0.07098259182132804 0.6248203776029202 0.1432684904422545 0.03243785030961666 0.7476577689064301 0.9657953215004268 0.8756331204674646 0.874742332474862 0.5832076505142215 0.04187059821376948 0.6838871413945173 0.4993168840096627 0.1059162394679658 0.3742798358874272 0.4077376672720436 0.08686109849306323 0.9737163053648161 0.7758018365241028 0.2028845050209119
0.5628818307869021 0.3451969131386941 0.2350164031554488 0.6901598667901558 0.9432177627973956 0.3544585701393344 0.4569737927211904 0.9820013509079697 0.1556169966359251 0.2357180696709869 0.2400039208568434 0.1800653242320241 0.879279213639923 0.9132284105196781 0.9110309689426231 0.9623033653370764 0.7529290047940418 0.9057151899711757 0.6429287460398242 0.1189175087439923 0.7430801092677939 0.9845577859552743 0.585270398004558 0.5388630985686853 0.4791058493003479 0.2763372227271972 0.2686034507983093 0.02082445586455073 0.9412608151538773 0.3490896933734574
0.740702246728948 0.3179396619009318 0.2417835902661187 0.4738088860134323 0.1249986004735674 0.3711020579840403 0.2789747295582788 0.6375400414739396 0.6569905721215803 0.4084688682898171 0.3211826647719764 0.4738119620618231 0.6447067276158931 0.1171903337087024 0.4825887940404222 0.1428110995003306 0.1342098573454642 0.6238640831875181 0.8883601862841425 0.4261514964700088 0.1865384572576499 0.4169504980186702 0.2178055912361495 0.2576913238600862 0.2249282752227703 0.6044803393680889 0.2343684163312775 0.9595063513956648 0.7902323201009148 0.2264246554884193
0.1859263429441986 0.8893805521335819 0.8943514676552792 0.2516862893452456 0.8355835354678142 0.9936375974299149 0.09572164745831435 0.01466254860856009 0.5863812140223353 0.4268048840150296 0.9006037126907095 0.6296166258447125 0.2942448236339099 0.2880762597874847 0.3676773325285633 0.3726890945627047 0.2158214117637427 0.3759444602832812 0.4272071325341616 0.9745100438100146 0.404411536288213 0.4255379855024757 0.5195080522859601 0.9486367683273588 0.5670773209330953 0.4510649721670174 0.8146024865312685 0.06630424442641447 0.6875080206689183 0.1392379241434689
0.1984621895662764 0.3496425651188152 0.9762585733124854 0.2709555762967136 0.9486413290954441 0.3927812974939436 0.1674214382059588 0.8108362381550344 0.07300999849183121 0.8262657868341712 0.001609291526482148 0.01481151177431872 0.275556269454965 0.3967983332773554 0.9447865422234976 0.9821610781265797 0.2611521405889879 0.5912057424083025 0.8342709294107843 0.372443377439266 0.7913155634510439 0.4385811684920948 0.5001582753474081 0.5861341466834279 0.8767196626062568 0.7458807354990293 0.1780880380674804 0.1829434205340886 0.2754159857965045 0.3118097635342787
0.2406749781915538 0.5396880120236486 0.6940543848114368 0.5378753692442185 0.2845248197388696 0.8735747265847137 0.0208804722589917 0.3401817737268678 0.7671124583585228 0.3822537911166862 0.1958132153850067 0.7743764763398143 0.3750450319011497 0.1039782322476542 0.01012621273113057 0.254382246272016 0.8280938569962533 0.6497832700114021 0.8355115248776391 0.6409434951202524 0.6318004293678853 0.1132784344995111 0.5563355142248838 0.7099591769655597 0.1485817715051474 0.2958464784790165 0.6715943009103963 0.5093692406130791 0.04083491318463761 0.3538115489398519
0.7079507839623423 0.1054158015828749 0.6100513512723468 0.8605917868581099 0.3531263122386877 0.6976466122645336 0.1236662714687665 0.1632020650070238 0.6014085081996482 0.5338060719129513 0.1457181384379787 0.4471053617331538 0.4179210508395457 0.1384542075871561 0.6469655988559145 0.7190877036813008 0.7568736478456575 0.0896159764666884 0.5135800512346705 0.8054144306828437 0.7227447201215563 0.6116967227162382 0.2135821921851547 0.5016809034163552 0.7496208835375192 0.2304764873222629 0.4030987754679597 0.6867884827618036 0.432522016584073 0.6960438894149321
0.8523162833876765 0.03878240997203497 0.8765181289458511 0.6367976023475891 0.696391722057191 0.3515109259849862 0.5862188081181031 0.220634321176133 0.7672295335412674 0.6554638562106615 0.4503092419779721 0.3384306873005493 0.7840855220659687 0.6710059022832013 0.8003462925396226 0.2127254142932861 0.5351665525856456 0.6645730052146674 0.2274186112914343 0.9456540884252731 0.6254392580965104 0.8385260935863198 0.543826746042004 0.9130937089475258 0.390427011386912 0.1391292834468091 0.8803608382050272 0.2721981419248566 0.08250933784640713 0.04045088812504838
0.4891231459660987 0.6800879380374426 0.4953353871078799 0.4356140161163891 0.4319232641337076 0.938632006551312 0.6552005972527155 0.1270699511172874 0.3114794617047425 0.3467389352912784 0.2577981249856743 0.8423328417679287 0.9212575588475735 0.885914853623562 0.5682433741255323 0.843528646349837 0.5961861997037965 0.4927195346658957 0.0430731079585559 0.9436720775122671 0.3799317954936463 0.0317414129285406 0.660920411170505 0.777376366623709 0.3974336603406262 0.8203272794846166 0.7055257579879425 0.8830027901896192 0.7309096578638293 0.9198246402960748
0.2931600470428696 0.002287882856239709 0.9667744079837275 0.7237027265704574 0.331547560645778 0.349456031889635 0.02481337969559583 0.315437525684225 0.3925864657389753 0.8442134569599885 0.5362286953273764 0.2697434201337084 0.8910746285047985 0.7828229483053324 0.4382147547638318 0.2513805483380652 0.448173008383639 0.7939631289619756 0.3832032654798944 0.9880548415895534 0.8492966717691065 0.376303324127184 0.08519057189005774 0.7284327575749442 0.6186995039309701 0.8570718480560297 0.6285515937854819 0.4420039160603757 0.4297918315707138 0.283215507319982
0.9023582861368087 0.9870098581802 0.4094263399632458 0.8871867535535112 0.8629283718714391 0.6825255760427292 0.4493473801581078 0.4740320713890446 0.3887352899109773 0.1826649001486873 0.1159629501391419 0.05343379352234756 0.9288944134042963 0.843083141873654 0.03507867285921917 0.7046363889826377 0.2366761676967888 0.8919312868604339 0.9579538128159549 0.97488063546448 0.6965037017391327 0.4067639479330614 0.03747942851545871 0.1838371812027441 0.1885551231373919 0.6829838119250136 0.2503310813174515 0.1713458205065113 0.7893004176390008 0.6084087865820268
0.3034795453348454 0.4087217333373964 0.667383711652116 0.9881226460018889 0.2869205616148897 0.2529575177943001 0.8899129364023424 0.2310425277828387 0.4892384083577238 0.8538691649942701 0.6881616073414819 0.01944226575024732 0.4316237735788911 0.03058200165486891 0.3827387518900744 0.1939982181271008 0.6383684629677226 0.1305834213084816 0.2444414077612264 0.6069634305993106 0.2949731614261698 0.9150758785823585 0.2346843902329011 0.2797027753899245 0.4135597931928722 0.07243984779271007 0.753156362703469 0.6323116611197679 0.6776266997606472 0.8244274142424224
0.5944731066761787 0.2861252399697918 0.6605442781681523 0.4215616093633678 0.8483434154991715 0.8367085121945865 0.6073717819782021 0.3496351276425366 0.7399227101032793 0.1455451091870511 0.4020309891966974 0.6170246678900114 0.2906791535624932 0.9923089199800015 0.9095640094517463 0.545723900322125 0.02458930202778697 0.6890213310778488 0.6422475510826267 0.742415215857814 0.7577549575099584 0.7072327686187561 0.8213771323730604 0.5830073208700022 0.6750208416571148 0.9560499954008119 0.1834340062611496 0.9995393697369246 0.4418375702288794 0.07851744529069471
0.08173296474493308 0.7902022188661497 0.8641782814957251 0.326394037688459 0.871141022848359 0.9588122358747092 0.1916549909663917 0.6451806822285905 0.1454560626473997 0.5516942544814887 0.8900070207905804 0.1130446320474277 0.763183670391714 0.522959980304642 0.7246049048869329 0.3316720590307211 0.7798722330498596 0.9288412928661622 0.4852502241764669 0.7143868404684771 0.7925447117356202 0.3857720002639478 0.3353722106100387 0.2291144011051275 0.4170221858388063 0.8564851019971581 0.3344030543346641 0.1379702901520632 0.1283594420170256 0.1995477775765726
0.7803646352376884 0.9128353901603269 0.5057695358631795 0.3450347549049799 0.9323111282837686 0.5540257138588035 0.3677864301042539 0.08624877761606531 0.1091975649393787 0.362345527676174 0.2132650035349791 0.4657298209042418 0.5644375815149936 0.9041066782763012 0.3932555793605064 0.1299946532179246 0.7925258389262976 0.70682964373251 0.08019586989087513 0.504068656595663 0.06184882916033052 0.9093459571883534 0.3831420086647341 0.1546956902013201 0.3251917298352334 0.006633568663324874 0.8593097417733603 0.05797087009516266 0.2749026582242849 0.5657888741205804
0.1937475616366671 0.9504195318849848 0.2324126695890922 0.2878003491249495 0.1671827960140333 0.2762047617478804 0.2282321604614846 0.999206362335757 0.3264657021354334 0.9559602593420605 0.9496221560882947 0.07586872882397588 0.1545813748295216 0.4568589524784203 0.5378909069574983 0.9169774165602544 0.4210675835692848 0.7190009705859263 0.6695263603730098 0.5578852935112207 0.04868205542579085 0.9279685664604046 0.8976735554983338 0.7788239103576186 0.9899851449450663 0.9200202598945137 0.580892447819497 0.9948674114476146 0.05119727872726576 0.492130417932059
0.522403380803092 0.01363922418662999 0.03753604233384056 0.4012803199333816 0.3319780904643066 0.4110247196378879 0.7177287417443527 0.5575202393765996 0.2017540429025267 0.8763247426793052 0.9963057596816979 0.7233660235058857 0.6161460692326023 0.2320278913021852 0.9929805557126774 0.3926227925050884 0.2660344722782867 0.2667433277959234 0.7168538648520113 0.7576684047521279 0.9011392590093357 0.9320159116901136 0.2305837725669329 0.4051730335616474 0.5934428878503466 0.1145595248963002 0.3035178760836575 0.08636226793442003 0.8615473151030052 0.6616002341024749
0.2018236986360094 0.9136203703533873 0.4945137827650689 0.08282654760278885 0.8576818412744139 0.08236582684847926 0.3406019210340829 0.9709602673205165 0.04230156645651695 0.03893342807642675 0.7198639092576663 0.4974395213454159 0.1359396520211732 0.6760289592774685 0.1637225278322244 0.1107692772906452 0.1057648294180804 0.4806319564539624 0.4491138457845267 0.7045416308064829 0.1182354380126069 0.8946248468500043 0.8038247049584827 0.6951732001004001 0.5453810776699671 0.3744923291299029 0.6430882955127006 0.267005546156544 0.4538746474805552 0.938704507675762
0.3835689802179474 0.9161545681680842 0.09973258105577198 0.06687421939118732 0.7730725139325316 0.0204874827874455 0.1300519589168841 0.5568126750286571 0.890174330078955 0.2111400578891007 0.9096333200005726 0.06632109430851407 0.8297319626625491 0.06461887165471303 0.7027870804067258 0.483917233378503 0.1963724695387397 0.1962250600242347 0.7345033072956993 0.2243683004952967 0.6655291119418616 0.5286883125076403 0.4886692130425383 0.757247396771485 0.2889118473826776 0.005642822030734074 0.4696135228271844 0.5531140065526696 0.8078519134936104 0.8032531154193534
0.005661986146053843 0.1814684425062866 0.8385797521340347 0.5233754676333382 0.5031523840310642 0.223111659320823 0.721036738825735 0.133674859323944 0.6253497467314353 0.9706959005568504 0.5867042341790919 0.4319829157532261 0.7928317758894022 0.0628050773380997 0.2523645387533157 0.03624722026550387 0.9168270507721523 0.7832066808591064 0.9861416231931781 0.9681841004044341 0.0606000313943148 0.269543145674823 0.383812540156633 0.01640746766707168 0.2608121146173278 0.1776840216421267 0.9753881192790249 0.4030558519817191 0.3331345255748545 0.7881443412368756
0.9679320088857574 0.1302177812179536 0.358359548217938 0.5421084567072859 0.2343953725278048 0.01974284361381773 0.9660018358223117 0.429917843061608 0.6780515126835296 0.3270158870035157 0.05685536748304332 0.0962195929804619 0.4024065347951168 0.8089608070382796 0.6129641568621434 0.7574345708893651 0.9226492676163541 0.5295588628541493 0.4536564444979472 0.02831224843759161 0.3555624064209671 0.6713395297162473 0.2105849485588166 0.8558763847550152 0.1607726741451649 0.8428176214975927 0.7229430084541975 0.5482910531541949 0.3474045144372293 0.1777427873141654
0.3549385801040967 0.6674336603346117 0.1760574329504718 0.4910643292559891 0.3102576952255066 0.9720024140305816 0.7481652408080635 0.1390409073333946 0.979638174821555 0.1462348835180797 0.498863205590822 0.321063781636492 0.6670690607308121 0.9239086200632852 0.7977250965487759 0.452257312842032 0.5121941806012109 0.7425963368122179 0.4287014720982019 0.1181947677572832 0.594356981380461 0.9656841664357118 0.3443922760550397 0.1518289817129432 0.5435058169799438 0.03133553324895311 0.9394851518940732 0.5678803352729274 0.3245152616546524 0.09708213459425907
0.9376300290411184 0.3869709150392056 0.6370616937529149 0.9108942777527492 0.7627440910005374 0.7451909946896033 0.4864325295947738 0.8511420043460687 0.1354100435879541 0.02580864923741988 0.2421772525284531 0.03850527795718794 0.8860445900768116 0.8721270423766933 0.8496690590139573 0.1920944413125478 0.08572545483199034 0.5250694358601482 0.6368664192000045 0.1372633374969227 0.7761651870464654 0.5360226124925167 0.2321090352944438 0.8706011761279459 0.6352493265568921 0.1136924713340559 0.7143804835826488 0.5454230251813558 0.9876961112861787 0.2805406283040377
0.4164055281544837 0.5236941645935159 0.1002463507180319 0.2223209454007786 0.7242520869789694 0.8830178800277986 0.7851535929136034 0.8706357196871072 0.3278419765068384 0.2644229381098552 0.8931875222692159 0.1344562333595013 0.6043377666546635 0.7817289409975778 0.797290320620858 0.4438439970615514 0.4891481939638428 0.2119748450820732 0.8304705886378259 0.3453907947520426 0.9430335675320495 0.213335185221962 0.3619896607460039 0.0941658632666742 0.2180254176921828 0.3594588244137437 0.1557051486261505 0.601151712143165 0.235693956648374 0.9020566625747909
0.6721024220976721 0.016617849854064 0.8964593279453907 0.8054701370641804 0.4021477614798925 0.2729526337348372 0.6157314343315382 0.1719091073526712 0.6737321394437855 0.530775259336409 0.3671242239886424 0.1621268908382144 0.7762821548076746 0.5788846116662545 0.1838663373431435 0.6182799355799289 0.5637986176444484 0.3288053913653702 0.3460519406858938 0.3399712625569532 0.9904783611229209 0.2073906571803181 0.4094956009139841 0.9837649423384855 0.5506457008450408 0.2492417588780652 0.2760588557798385 0.4076994629942766 0.5406244641034886 0.8507587728063254
0.3030805961556702 0.1897522257656992 0.5544564415494383 0.610135368202166 0.511041970305198 0.829045024101713 0.6859728995484573 0.7031393576185204 0.9031152567297969 0.5991305883395439 0.1374646244901083 0.9182654679633743 0.9501964566315053 0.2745435677427669 0.5500561698654934 0.6267483154448925 0.5383853723923838 0.06609279122420941 0.4735714804995591 0.9823749446387779 0.2154115873539265 0.8495711992788291 0.5962887102745873 0.3845398057257107 0.5553739087056537 0.5681776391920357 0.5379087553241074 0.9320310151430092 0.5247939183008085 0.4188879196618792
0.6655271588989534 0.6677641691715326 0.5947205191271285 0.3178033811634245 0.3483411098771531 0.6997303873789156 0.4326041345354288 0.8638107166723094 0.1772711904530998 0.3011376900771693 0.4823854760770215 0.4773354623695193 0.5192150769515188 0.8408069189984045 0.1518808792457829 0.4077506578001222 0.0894148336034456 0.5599652606250004 0.05110230839750163 0.1917557537240996 0.5262437120253713 0.02300507994218526 0.8640273667694989 0.6631368826081445 0.8725643019079333 0.3658488528424804 0.8853512529040847 0.1216707317351167 0.05471540868000946 0.07436774721890593
0.962569934373361 0.9686646245962836 0.9524107797833415 0.2590817165778683 0.7239252012772273 0.009691044119441328 0.1638709555116468 0.08838034391817884 0.7099605421187368 0.6363093144380105 0.820087114364158 0.8916517711980442 0.817390406842478 0.6147711336574285 0.1509242974927208 0.2231675392901785 0.6767965515093118 0.586684436253504 0.08075398560186109 0.5774926103318591 0.5827493904905716 0.178626914981216 0.1332575160668852 0.4537128788603463 0.452573837608259 0.6071410709470767 0.380104560968504 0.08748868307916868 0.4526247070818413 0.6088432382387872
0.5726513063373985 0.4132538408618988 0.5204542067503231 0.6193650944534488 0.7853342934814278 0.7545587407602478 0.5661062863502823 0.1971319938264263 0.9564623189019577 0.5636731039626048 0.8167263931446545 0.9754951768551858 0.2866599924721364 0.3944828185708842 0.7933911059487229 0.764086660661868 0.2278592659598415 0.329540552643162 0.9496928527839189 0.9892675332419558 0.05124753613040645 0.06078378503551574 0.0152273255207519 0.6310213079245208 0.7997668146515483 0.449843070183307 0.05237794323059608 0.6124490468147015 0.7510533553858485 0.1882238846862171
0.9828299253340073 0.9581448133931232 0.5359913055487018 0.4791278264032138 0.5093652243407787 0.2717861388272316 0.743143677046222 0.8067629150202249 0.9982312580332101 0.4151948213785057 0.2052257960483951 0.4899518427290853 0.3489732940875813 0.1488677831551171 0.8548220794327458 0.2278514653493294 0.1276407021555472 0.7079898559921195 0.5771299791697236 0.07096286276322128 0.9162560370797634 0.7399336394538724 0.02006580943051717 0.4002184737836235 0.3940075398303078 0.1967562823124165 0.9872997179462962 0.5694033508218791 0.4159443573331725 0.3962805167885656
0.8802648734964742 0.03296618137881369 0.5102978934012257 0.9470821660915905 0.9194196222325519 0.06298516890368888 0.8743826722031491 0.5350140350038146 0.9206979922222241 0.9663330342072132 0.2454455762405673 0.1559903734677455 0.7761734100692549 0.6179209455366176 0.8606890260760257 0.724032221714252 0.7390217533182482 0.4256937413771658 0.5539491589709888 0.9979805990424609 0.8199111874653556 0.04633762769031535 0.6601529555950012 0.6409741162366225 0.4140459958520063 0.4622873033334741 0.614626633655908 0.8035022162628402 0.1365937249009149 0.8063607525043005
0.01247138787530655 0.19236550180669 0.2494660046811141 0.4809325099185284 0.7544662576880186 0.6132380147888485 0.03617628755491864 0.6362956573449591 0.7938583901401427 0.331553660388666 0.07554547462760886 0.4891014567295532 0.2022064251975887 0.02306893372714491 0.8762006883883987 0.5471242152360811 0.003401980336776966 0.4232523958405754 0.3702217902477077 0.329026254058021 0.2040127940196095 0.0632450109655226 0.769049442241389 0.002197595492526516 0.8569180028719989 0.1754716184019585 0.05425255526349637 0.9353155483033823 0.7360026141459841 0.6900741734926695
0.02539501324351356 0.5936828382458534 0.8497582126588387 0.005086940041639676 0.7036310465498469 0.7965323878918253 0.5083492285714958 0.9527575722636404 0.9731031863055741 0.3472359403927752 0.4578978259025251 0.02488370754931879 0.992260310666666 0.5536104075957904 0.692196371697294 0.00448800923144077 0.440243638680086 0.4544163900778702 0.853251846502612 0.9709510005631137 0.8697107891482577 0.8680056895508533 0.6808456506220871 0.08560642794722906 0.225348711459463 0.06347973215712999 0.5477041168147962 0.7368366198676729 0.00360093751593682 0.6296228534248219
0.6649305624499403 0.3683620864375028 0.1721451906525895 0.7999258315939715 0.3884159063223351 0.1589828021469589 0.4727705437445977 0.4441060374822995 0.7184655072551644 0.1970713042578731 0.2937410459896357 0.02704251644803046 0.2164052370703387 0.1948625126098283 0.8915805750713867 0.3768948090892328 0.9401392739885667 0.6594199642139706 0.5686971852722422 0.9904742934030211 0.8645748835553195 0.2260036810459461 0.6854091876044606 0.5058989017798509 0.1865910725218457 0.126251233517844 0.871857814562086 0.9994641246825975 0.06628150085702011 0.2291432312102615
0.760779112166001 0.4441048556414873 0.5417110614907342 0.5706997678619534 0.7633164312485332 0.843412691849632 0.02229816638180593 0.2411455033361254 0.5024877518219151 0.3869130761168899 0.1174936102031594 0.3302799116367998 0.6835539517488527 0.7784637326682583 0.5946253356271605 0.3732708334440095 0.7246244241151657 0.9703500114849947 0.7828002474583284 0.4957141302123619 0.7200284568329021 0.8309849469360063 0.458633218719196 0.8012005997815412 0.1174200215028145 0.2138417107210221 0.9665406711057083 0.898542175375348 0.842528542803568 0.7564907722966951
0.7650590815684061 0.2200072958377762 0.8903961732904185 0.7937842885474493 0.9250787356830587 0.5206193852605669 0.7200346773548225 0.6661809610041363 0.5726671681978268 0.5046908188547151 0.1060293834623994 0.0485705673648007 0.2374362091600116 0.6945673434383487 0.5287201776870082 0.7962029560283316 0.2006269414928175 0.7557447129040757 0.5976848258112877 0.7422184330454221 0.1105466253766533 0.597185346090169 0.9329409752615505 0.5140890693803392 0.8994241515840996 0.3780675075901271 0.6191166412316214 0.4134462226880193 0.3080436879924178 0.4719437432514045
0.01339934381296903 0.2387407979139763 0.418895170387325 0.1719767853487599 0.2965052618892703 0.6819174187724204 0.8080423571066618 0.6295223608813695 0.4320345818439281 0.5615771830183485 0.9806256317060743 0.4046666100446827 0.513774397521393 0.9956563844499045 0.9099197357162492 0.3148056747785741 0.9910859920131588 0.3560026971274733 0.2659765784079851 0.3347033686922527 0.7991800243596172 0.7902986063130235 0.9550970664408392 0.5966056393381599 0.3855177736305049 0.8762813128409868 0.9424595318810295 0.7475191361574015 0.7367275538227197 0.6071422203405507
0.3319435272052245 0.9991205993934306 0.0353481833269923 0.3693349424426222 0.06228397064068159 0.2685211872538635 0.485512986564741 0.1809250138758273 0.2303100879500289 0.3125592258642872 0.6945815360447695 0.2932901201280192 0.3378713394823306 0.9494931249674844 0.2906299023081413 0.7456067168476576 0.1863203023893808 0.4274567779035626 0.9915764565433377 0.3942111202508202 0.7767493971178396 0.08715426885208555 0.7691156970988672 0.1104203851354901 0.3096929918319432 0.4662663397690426 0.824234224876786 0.5846781144099402 0.1823736283918986 0.2422834736549121
0.5948218034491314 0.5031320107649546 0.4763435178476856 0.3752964183070963 0.8590417995369805 0.4454318761935331 0.2285884426112758 0.2824244090263365 0.9070724242659567 0.9410405106837421 0.09843324372431206 0.8687533017492858 0.8708753451477877 0.1940635374825992 0.6217812863569783 0.9574534559971576 0.3552549807666476 0.9980718303187853 0.8667383165723318 0.01267275143631497 0.5487610456477576 0.3876928480387016 0.7223406272734323 0.9124732010716041 0.7087757510769074 0.9474644688030445 0.3404504494939333 0.6099294194630914 0.7183000004596165 0.8289716814954757
0.8872282073000821 0.01553085901168183 0.7776107981002307 0.9039328419261662 0.2204861379255637 0.7152324308432036 0.7204096596330658 0.4450073525683769 0.5472961077123687 0.3850264121775653 0.03656345512103409 0.1572693993997603 0.1396894447260711 0.2712047460530776 0.0974920422413168 0.7347859015332198 0.1323614420698292 0.06130251126842656 0.1414468627628122 0.4482807034225593 0.376705670354319 0.3627024910482719 0.278680174692114 0.967909029387883 0.6913757992384424 0.1111553264342355 0.4068124683851789 0.2806967055474722 0.7825553926390109 0.5964692611163075
0.5135585018631872 0.08703726552161151 0.1975682955524281 0.05379652869313289 0.4508124534259489 0.7607024070302585 0.4436024300143727 0.04900078561845467 0.8593191862357472 0.2478601938769628 0.2923128557402311 0.8879764070673972 0.2766846663040695 0.6305021329886591 0.07935084662018055 0.1889007182304328 0.8287081626472546 0.4178649748562409 0.6844893566814594 0.06521933631394339 0.5865825332282237 0.5722853685651814 0.4424572887242516 0.9994332881445178 0.7539320351625856 0.3612131563359658 0.2253368032931706 0.8382945338080883 0.2317502194563119 0.4800706961008279
0.8727414086225243 0.939176567479179 0.5820172986842043 0.9639306495776977 0.1124640568886743 0.1088080032185856 0.4447602968474244 0.661003774233065 0.1063384791613852 0.4258231213174994 0.02014131827233989 0.3432770254650943 0.423420178287096 0.8085606289493539 0.2968932578670996 0.8321205061905347 0.265916068356383 0.4296965083582106 0.7674081031056336 0.8854585868938615 0.4367201751706611 0.3315577462410999 0.5291271127815608 0.5666564648934995 0.3443416162777843 0.6287083094199217 0.6035975106585253 0.2382561576165562 0.2053742037994956 0.001799959918020844
0.8817977620774223 0.19618250093545 0.6455564066790063 0.5700219120397224 0.6375139667364844 0.5409827463165604 0.2309305856463367 0.4517454999776147 0.6659532511860446 0.5185673559269888 0.5982101741944126 0.577243914482484 0.1852726640727591 0.1945402999566683 0.01363346134045385 0.8440353816826786 0.9063061292047943 0.80191749337828 0.7730361510859206 0.1271242428472997 0.2195805884278257 0.3928073635447196 0.7468315738829131 0.03860761618945507 0.622008365859137 0.9512072953868157 0.597960245437303 0.2949243410902098 0.3419751839173747 0.5846683233504872
0.6904362261858806 0.2957240738262303 0.0786630988864927 0.3263147865378043 0.7990170957651759 0.05119781135927015 0.6932241958441075 0.7286499800376945 0.1964874862543848 0.6470101222235916 0.2973917492603375 0.4850980081546357 0.3599267738815648 0.6398136409425367 0.5482791953426561 0.5396015455765496 0.1431562842696242 0.7053934770895066 0.9242185080795707 0.8201550067885354 0.005207715838721039 0.5196819281104579 0.9964961304544326 0.9423199478108554 0.6673411492181894 0.9935807113223843 0.5840201948668913 0.9323761989861181 0.1706716801327214 0.9168028906252266
0.8526098487544971 0.6930224680070148 0.45002387988294 0.4637191771776912 0.4670181702889986 0.485407681684429 0.06031853261852904 0.08557085450727564 0.9883648215193847 0.1241908910151939 0.9263475371288904 0.9780770077244535 0.2009842221988069 0.5751751483680012 0.1124735378818631 0.6169911730765345 0.06685751459182032 0.6594245163659207 0.6551874811223972 0.08274158831938694 0.8536304199027195 0.144029075681402 0.9280659412825492 0.5675969126646976 0.9906028670852722 0.2422340572019418 0.7209591807644062 0.3405755492777818 0.6014999329178334 0.6641001837249579
0.9631115843725229 0.5889078987338278 0.6322550098843682 0.2808206916985242 0.8064645697897272 0.8395943959801572 0.4018934341552906 0.6732089979401216 0.305428189839977 0.4993094790213688 0.4022589944077735 0.7311519155192685 0.4401991867268722 0.1757897530391647 0.636657893913905 0.3909247933995439 0.1083040121532207 0.3386697378164492 0.6341376731252235 0.5191640221270845 0.777571838465866 0.9687148046710558 0.2534297766232929 0.1754975013113472 0.09512821375432534 0.6179586581550319 0.3602573347416376 0.3601277707527513 0.1720336222154975 0.8034409456223313
0.193184404123694 0.6799681007122164 0.7728732576803385 0.9574726859413785 0.4566844125867496 0.2085785728660929 0.06834150719043253 0.3159771801177427 0.1790339212280341 0.1636772446627903 0.7469794418621052 0.8002919055589963 0.07801998525669707 0.6651408558633404 0.7204293471888029 0.482692037626132 0.9814376165296655 0.8228085793165089 0.3571717336015644 0.6153500053365197 0.3715955102776265 0.2816313314251082 0.07524495715335466 0.3414614547683782 0.1473195103372673 0.6677958265994678 0.1690018615183601 0.06906981943162294 0.87668314851304 0.3512792766126689
0.6320020972173973 0.6952276977240942 0.472008474097629 0.9016141393671769 0.9568558631900087 0.3599487092402266 0.9498019606660161 0.9898166081395576 0.7350076505578724 0.3338379186871867 0.9526830609662953 0.3693384801191338 0.4767846808530237 0.575638834785786 0.3338602469917716 0.245949476711135 0.01458444928367419 0.6332101366229796 0.05793852578103098 0.4891529024507014 0.3885830851108351 0.3635838876292571 0.09881473413050101 0.6922869427637279 0.70758798085995 0.0008159835542115301 0.06992727232139351 0.4777612177343542 0.9505446184556174 0.3374984574883585
0.3232898969168203 0.3784513997243815 0.2731710820095213 0.8258242375811758 0.5444693199635042 0.7604123764685065 0.2266468076899171 0.02276667334230797 0.05247574888761719 0.5859336031066135 0.4668214874365759 0.0623288041094604 0.7441405015646166 0.0756400379353297 0.859199506669007 0.3493029136705981 0.6840245281174532 0.5559963738410388 0.4354926738305996 0.7934556389455409 0.1425991166601368 0.5530057119287732 0.241028930411743 0.2650276721856897 0.5129794381685799 0.770643070437431 0.9351879040422234 0.1955000928500015 0.7303736880094135 0.3944871442894025
0.7320257470711818 0.4730344761204783 0.4901124306890878 0.9113123706543919 0.3040659584124291 0.3845685494305825 0.8339623432809562 0.6462705418330588 0.422351121180864 0.1064189341927915 0.007632937922936511 0.2927372086317968 0.1523643262828221 0.09027892637240054 0.4401383268499174 0.9437852552745607 0.8729841152449656 0.8368198385465849 0.5752875323016117 0.4404639757566702 0.3659785569981682 0.6171931542207038 0.7092418667309622 0.08781749089856761 0.02374614894219995 0.1150463302151469 0.03478213100725713 0.3250853962505977 0.6373891467009535 0.9621320076980209
0.8257342645972043 0.2555043368568964 0.03574152262656438 0.08992279781624679 0.5705471156195306 0.523456437820588 0.252333557297645 0.4784088845237218 0.3987859016484303 0.603115671113248 0.944399349962179 0.8281265971054789 0.3739375310423932 0.1321097293842145 0.1348786294182511 0.6339350658276719 0.2994285923171351 0.1667135807627982 0.5958380755619431 0.6852762894979891 0.7671912365331183 0.687412170863728 0.2243175930930187 0.8748275525208458 0.6191650388331942 0.1121095763944677 0.2926275806566067 0.2997945843235812 0.5342159475366236 0.7915408807167813
0.5462171707645787 0.05390726114814692 0.9276231978317742 0.05244511922753581 0.4090954127787918 0.5195940175198505 0.7649599446999601 0.3353322927377895 0.1738618703985669 0.4382492723701098 0.723974665519172 0.2750795613027113 0.5949423928465154 0.8847834628828176 0.684338440621839 0.3855025360116754 0.5586929268121762 0.6229451593827647 0.1119813040791021 0.9646435188003429 0.3987051536073863 0.5291977348213328 0.7238225523115406 0.05696977125642277 0.3009233192015772 0.1185085775189656 0.9735767832763589 0.6361957108868939 0.2713565910450134 0.5962212887644436
0.4478843524140135 0.5942410258207038 0.228904130527579 0.9365931113732007 0.474640383292287 0.3651508822657874 0.3381308651495236 0.6261737373782167 0.894365353563195 0.270534119768247 0.6546991426082246 0.8026136548032359 0.5818898790808271 0.3072348060879778 0.07882376476158759 0.1633991484023618 0.2305991326419368 0.4266720685615594 0.9352468520425401 0.8610441487599944 0.5347839280771496 0.5048616624599932 0.4151568783596039 0.7878728822205668 0.5590711872591356 0.9270723899781799 0.3757051507871902 0.7574547738572487 0.6942320282427341 0.6912889033400045
0.8390699747704189 0.02308990202994188 0.6942309870869652 0.3422813000866268 0.01934680025008562 0.5511692086550026 0.8312141643900435 0.8647888386770057 0.2171716869745216 0.5903185385923008 0.1126372759823852 0.03398865655044081 0.1478223996087209 0.8966280399062669 0.8238989668975882 0.3151516192894429 0.9698190799996314 0.7884546463361337 0.5364709815592911 0.4210966114197893 0.1829571028364002 0.4798992592468473 0.7422178533337941 0.5949825666582133 0.3660672900003564 0.3191046957108299 0.7388741498150398 0.7482544741315467 0.1528095608093644 0.4531711233799833
0.9905333799268051 0.5167621787420218 0.4471537252510666 0.6421755456418916 0.3369521658737938 0.07244151818256717 0.7225453357858452 0.3442013077921137 0.4865485112904817 0.1773023605617666 0.2689231672694926 0.8134241605971578 0.4199442009230353 0.6812772785512455 0.3003197617352479 0.3334779529633184 0.5935894412688699 0.4708267350671279 0.5903470504592117 0.5146593455349689 0.6600854686415625 0.5596757789315207 0.3528338878364388 0.366505167390244 0.5919139782239461 0.9742625667839223 0.2906372135990857 0.2444497230892159 0.07698543758608223 0.4092844219221206
0.04379435710099622 0.4907420845825754 0.8732109595422194 0.7787384167412696 0.6163844307306727 0.1370476691186381 0.3503685712255744 0.479529143717299 0.3627542361311233 0.412567621135921 0.5835539396228576 0.9484789415968395 0.5423088482381826 0.5886358665240889 0.2916085554927027 0.1859084356934583 0.430466382423691 0.007983534785448887 0.4403909317952229 0.456501332841456 0.2223659539307984 0.03235308419859229 0.8218599579958216 0.7350660206120849 0.5304831671783239 0.4158263316875027 0.300403714307136 0.9157572277900662 0.8305687339040141 0.6931947764104749
0.9509228570717164 0.08695647140869067 0.3003837586541799 0.838043471930065 0.3455456688631832 0.05585879802599369 0.1263774356126088 0.727474265377039 0.9387152541344121 0.2895739801695881 0.6006965082393654 0.8672352850673893 0.7693063681838817 0.9238860173485451 0.6697727536245072 0.8457609494918197 0.3319092557282447 0.09008216632535948 0.9873571311481919 0.564494264274112 0.3146901527622724 0.6003849298799703 0.2745219149917236 0.5514951019743847 0.1024782327865347 0.5214610253661802 0.9501610486522949 0.8677289032986546 0.4258659414055912 0.09345562859257617
0.2869117983477725 0.8982268067003013 0.3958046354117551 0.3014351749940632 0.7042007587171842 0.1479542779965217 0.2921210085121239 0.2331253285050482 0.8285837115401977 0.7328180217400567 0.9873798086088448 0.9623159700104001 0.9970298267116398 0.732960520414692 0.03112859619482622 0.8830856676170625 0.1018778435960888 0.4762179970102015 0.4539915063571118 0.5865233172723066 0.8313081252296294 0.8122362378087942 0.9420586757869933 0.7513358958086169 0.7692978966027283 0.06589770966654973 0.944114325213368 0.7578207539429077 0.2928438485447665 0.4103461968180806
0.4858342692431045 0.1953015664639042 0.2449352252176293 0.6432361916531741 0.1816465497826226 0.4214677569487122 0.5289828035845231 0.06256044343396139 0.8260151003462369 0.4416442362939983 0.2451430852570794 0.6047926881145295 0.2771025452477012 0.8876121383266014 0.8326573250852592 0.8949665603156467 0.4277556489569853 0.69545596023326 0.04907755302762284 0.6973898049967481 0.598147905334134 0.5572136383304909 0.2843810704394545 0.1818251728742463 0.786776603061148 0.0143907358337525 0.8913263521704489 0.5088299093237539 0.3329871200683563 0.974053917863504
0.8902285174962857 0.121716864788284 0.3539630373692618 0.8493312155593963 0.2903865696590501 0.6296925514428285 0.07476143182808703 0.6926415475022624 0.9221801730275346 0.1715339083632753 0.2315743992406873 0.6046646075915939 0.05548310546311108 0.8514818286384637 0.05217714751276137 0.3729701724811774 0.7400301416437591 0.7360327071027496 0.1108223676679841 0.7967743494694762 0.8556340970103978 0.270076221395646 0.6958684057541477 0.7010924102163739 0.9306003098251396 0.4825165202125729 0.01747795068510116 0.815599752045762 0.703073404090562 0.9701739011906287
0.8346347140905502 0.1077796969301493 0.3741874971074077 0.6035946964138157 0.9465739904341353 0.5182601936262714 0.2175733654680692 0.1472954250530052 0.4395413996018077 0.9280897330452655 0.3761956503775729 0.8436493856088304 0.9392203934869046 0.3920557064661554 0.595548172547661 0.5737166605679774 0.5554791133964061 0.3318095314961391 0.2435384493271106 0.948802739242579 0.6020647692533876 0.9931972645953494 0.9803807378731547 0.001192525789552423 0.8886614041592121 0.9265680668352855 0.9451632972531686 0.1134421277045308 0.1914167360914921 0.9768861206663272
0.5418570855742572 0.5614780642602727 0.4023045789965156 0.2305933289800992 0.5785621361239184 0.08011516533026242 0.6442861020654506 0.9183874024992231 0.213207436938879 0.4011774852398935 0.2650669631578073 0.2446402778691397 0.6855914257276692 0.8851638643067886 0.5508117792303655 0.4931399889510474 0.01495293153237442 0.4420486857678002 0.9764991541587533 0.0273943520634139 0.1072979210139495 0.6419894655573136 0.957954464799011 0.2687168361197965 0.9723213685455984 0.5666591751103869 0.740692771965571 0.9272730704473906 0.771452121552353 0.7341596030734632
0.7799378152354821 0.7161688367123009 0.5803085566965545 0.9006514942498037 0.8918781454294725 0.04752844514206567 0.2420114406644703 0.9391911810775495 0.9331252085769772 0.1796578279699784 0.6468697916328828 0.7962011989921091 0.2721046900048588 0.9654649846139978 0.4541228599897069 0.09361222387210644 0.04802851459048618 0.2096324484174902 0.2706464107218728 0.5102429300531812 0.9487495367365837 0.6146213708966525 0.7404754460168557 0.5647118678808725 0.2624391373759427 0.8658614043432047 0.6601113356389732 0.3290020163061442 0.09695509782380329 0.1677152432216795
0.7539514505407975 0.5593657635337768 0.1251274437529944 0.6097972995725696 0.555509077135292 0.6958887869869671 0.6738081935271986 0.03015015832664747 0.5436113763765299 0.4840843081066408 0.610958462133342 0.6818970327668477 0.6197383220866558 0.2027713982203989 0.8135923689906963 0.9288514308180477 0.9347828229392665 0.05219524416951338 0.8005370409752558 0.7640755220528029 0.9076426653515866 0.09186354908973859 0.05144045326728208 0.5728944429771355 0.5442800365427001 0.6505535980322317 0.5037293658247162 0.4423732695709575 0.7404403651070173 0.7579384884576768
0.08167791457520501 0.9431440379037671 0.8838999668602853 0.503685498416833 0.6359973367143065 0.9568432535564715 0.7513976590384739 0.4484066223485116 0.08449135634118699 0.1337533611481708 0.494427532329739 0.7073296630905997 0.8846223365347058 0.06931232452695546 0.8841291380864466 0.2565477844438039 0.8009784409340254 0.7176514942101758 0.9454100817148586 0.3008749902204664 0.5457076468701227 0.5268180010668692 0.04060183819929675 0.8353906380489877 0.6959501169007428 0.03939576690773372 0.02227540098050818 0.08413222198172399 0.2372405478867148 0.5162816049958614
0.06622057944124837 0.2850576443712897 0.006110683528287142 0.1521322071525769 0.9487773276084329 0.9233100920959348 0.938225226966458 0.9524925999366028 0.5949358379069124 0.3145882660460243 0.2007021689614659 0.2284286957836503 0.746295010793585 0.2833850491967046 0.962720327718488 0.8357979408734231 0.9796110654212201 0.2423764920904987 0.5361238552817885 0.6926310157649672 0.3912155323388483 0.4056131308517119 0.4222985025585595 0.6159392822487915 0.4565743640293122 0.6742808519844578 0.8785222808185214 0.1222678811209855 0.6977901346560945 0.9262399290532186
0.002939764289490832 0.9817694086620494 0.499821070403438 0.1638356290662902 0.7766349633122163 0.7423106992105192 0.4352092761701498 0.966033042903256 0.3031703490723174 0.5144294063533801 0.2451218274542507 0.5050785321113868 0.536113949073053 0.8355801022331801 0.5661669503456819 0.9093816913840608 0.9161990899809214 0.2387262705589601 0.7897764345858842 0.2454472525662137 0.4519454238664055 0.5053090664793131 0.9485562237874871 0.7680529797569771 0.2386516923082106 0.296216619958419 0.06936819546382411 0.8548905106107668 0.04812986398067043 0.3100557267091457
0.3345976579535432 0.257749742252723 0.7354155468543636 0.4879477579667389 0.4593720162122188 0.6810637586857768 0.1734374235097091 0.9314249136762073 0.2585684752046498 0.684730220085304 0.3742195147778908 0.359806386094391 0.8309581863621321 0.1211598980819655 0.08995257268488821 0.4805105520406412 0.8050626798254507 0.8569781192733817 0.7679735506634648 0.2150454686572387 0.4170713659169212 0.05946477739151135 0.5625440563659246 0.03946329528561165 0.4695348911322468 0.4776607970652919 0.7227415418487148 0.03734030489168483 0.4356000495183494 0.7138921227551726
0.6171813930679622 0.3993904384490694 0.04514595725735226 0.3235146620078236 0.7035283063008019 0.6236850811275507 0.4809167943518282 0.5686509236320121 0.325903322968969 0.8356094373687135 0.6729360245909878 0.3367766776360712 0.6395042950781038 0.5796238371657794 0.2786924010574124 0.9560610401613566 0.3851795789851198 0.1956460556542652 0.7908991937479309 0.6113732580457221 0.7323071475550161 0.4789452719291728 0.4909839890008908 0.24739523760807 0.3506664016910004 0.480082345731466 0.8138304680339544 0.8068636072277948 0.6327173138227266 0.4759085183337618
0.8473524911722998 0.1273420959449385 0.3379683336221445 0.2056930258757658 0.3449726189101 0.9287669387093216 0.6682609777828558 0.3650049556435593 0.3300245219091009 0.06403712881340451 0.5457305773451744 0.7230534383965541 0.3172467263900017 0.1699826082511865 0.864874462444521 0.9513305843848626 0.2568578213941503 0.3843050956803619 0.6462654665416755 0.5819513919329665 0.532655675698346 0.7639062984991517 0.6432833199689489 0.3037481064884346 0.646426086364005 0.8293050244545752 0.5577332670532724 0.651651061204929 0.07305413223291157 0.8961362458670733
0.5843392320119836 0.3954112072322162 0.4407181060096825 0.3599748353663806 0.9207407465175542 0.5066443931619322 0.0977249873973155 0.7185260230856739 0.9138020429225094 0.8896327856103037 0.9802105954115807 0.5704771626303764 0.5908852247850626 0.8645729130976564 0.6331382408031468 0.1079168840855239 0.7010768057639764 0.7553968423252578 0.6736369086167416 0.8064079238090087 0.5826082181424056 0.7063468177757888 0.03194004951858787 0.7405537527646273 0.7422702331216345 0.5967605688799567 0.3669418557668341 0.9383442863564361 0.4149738470511944 0.8802419283414523
0.1277279769154399 0.2187122077533502 0.3891437252479628 0.09232792027016523 0.005958137535584163 0.2222797088321842 0.9542597224658227 0.01855312335908121 0.7887923623258074 0.2503342026271308 0.0493683412308914 0.465883409623276 0.2345281011398735 0.1985424926525674 0.6170828155109098 0.7774178905763525 0.1859071081089052 0.3424705496043222 0.761081147891112 0.4380315143577987 0.1862334877881791 0.6139128755166243 0.5158797616878331 0.6888955641008141 0.7089973288200396 0.342134251624413 0.03425423602145949 0.8246748536216221 0.458983087183922 0.7566925128270474
0.1685475418580404 0.2175063507986944 0.3401809175236513 0.7419683423506306 0.6986218372527554 0.4669920296355332 0.9029826952912354 0.5498130185659644 0.6915750705565884 0.4130892663568462 0.2920131010103095 0.9129894340157657 0.6967712240936466 0.6723225143483328 0.3809939838994133 0.04612471879572144 0.2372146683792669 0.3088315232718216 0.0536368369760748 0.001208873597248306 0.621013493303146 0.5339376220207509 0.3547867209256855 0.3028496613574634 0.2039818207837895 0.1746576944049804 0.1758228942974893 0.22230017519163 0.8268596408930812 0.874265288159273
0.3665481997929727 0.3413117757983849 0.599185551950257 0.06002414443055049 0.1046023590973202 0.9513900048701479 0.8235685852186518 0.5407860788995789 0.4212796009732199 0.7907529439915304 0.6087896112804272 0.2320957059862381 0.1436550494756987 0.2671984114789162 0.651672192309497 0.5659026443188364 0.3346361717299754 0.6524705157654896 0.4510639349242087 0.1110459618400795 0.3130652071880559 0.5695512558721625 0.3873130576704775 0.2694011118315112 0.3770917778738702 0.7621635116420143 0.2403942789403569 0.8352249280611247 0.1520484232486812 0.08593950623403224
0.01928027461140303 0.3627631549343523 0.7950803717092825 0.08384743208732726 0.6354640104508545 0.09743558780130968 0.01512359440284083 0.6321491277328084 0.4012706669250721 0.5230842313977397 0.4584574112229698 0.07640093949843874 0.01050416099896156 0.9147070062131588 0.3806852894351654 0.9790796131695365 0.5970810051943477 0.1751871064530423 0.9612731256454627 0.263739742296318 0.9866752020000368 0.7583608629591685 0.731650082090927 0.3710841471504713 0.7104863810700174 0.8543255851244977 0.5777299307461494 0.9140805206235054 0.1135439064978249 0.1452440569160868
0.6331039542729641 0.8609281081763259 0.1141863947553773 0.6692022445567591 0.3197741804300377 0.3089038114632632 0.08690855565678646 0.1104446911154876 0.590016034319393 0.287003993874276 0.9913632291180422 0.08986381489192508 0.6842184163568451 0.6575782936389729 0.8757843487647776 0.2548476919040507 0.4172721681834251 0.673209643621546 0.4105523457746599 0.6970791199591275 0.8297652657406712 0.1045423440523334 0.633936127700187 0.2196672566343653 0.1997642221765171 0.05907834729010009 0.4797577250604259 0.9162576281654539 0.8809996518620327 0.3512274849449823
0.102289065041565 0.6212400870761405 0.4882826040364714 0.8053576269647579 0.3155822065276547 0.5127901709520261 0.4662806134435272 0.1156116228678044 0.7857689626773576 0.9225669962976936 0.601039642091175 0.191502162748884 0.1155774082601708 0.07972627597243898 0.8381555883584042 0.445292970298509 0.6773967720460885 0.8688429691562073 0.3383916407624775 0.4633921136821322 0.1142899341130299 0.5133441818047748 0.1904882105281086 0.9046750423253713 0.9798947649623707 0.05583630510576654 0.5473221035172929 0.9867302380660169 0.3069616795048945 0.2952461371508562
0.5763544797428304 0.2942313235239424 0.6619689488651076 0.3134786858523645 0.6950374383691987 0.3101732385453911 0.1948855629196262 0.3969632419537453 0.8335265362253403 0.6668459340734525 0.09725745785789286 0.1838762452217395 0.164322023169479 0.4519820720962824 0.6409789419664534 0.4903470455322495 0.9035620220187935 0.5498941113149667 0.8581280758307079 0.7604054170239813 0.5092110716286448 0.1541354507640872 0.1448167198269514 0.8192813457476412 0.4207864310897116 0.5485974102355236 0.4927783837836262 0.3785070613429445 0.3778181005572736 0.3917716829295537
0.7010517138907678 0.3487497219666857 0.8971278755884124 0.4358182118502028 0.8454475335087359 0.5057013319929118 0.4297983609663873 0.2736735745466379 0.8765385098574501 0.5106184969666439 0.8788515414773184 0.6131407881233409 0.5066506819950284 0.939890999392284 0.1253556714689879 0.1202675411359678 0.03003497699542912 0.1105903991698282 0.7380308470146462 0.08456996365387293 0.1018979246728187 0.2192232696558277 0.8336241655841597 0.5185540182186272 0.1266045919276805 0.09903685859409339 0.7545283354431297 0.1276240878662481 0.1016980489384485 0.3545163666380453
0.3444650864615115 0.1495965609890318 0.3841481384540518 0.2891597796781369 0.5463517654657202 0.7713660631178576 0.6178476101769111 0.4611990755705947 0.04923079513966677 0.1640064650879267 0.8840331491951392 0.8625997274898868 0.03503456906891067 0.09492041927060557 0.3197201004312731 0.4264326127880991 0.2220563719023658 0.119852877075894 0.6809695728338817 0.4745244544643646 0.2380940248313281 0.7995539153257329 0.1428981325768023 0.0558572980540023 0.4761595496382284 0.7352462303390551 0.9127144024280207 0.3304324845155501 0.564316638279786 0.1341858229792584
0.1971757616062754 0.9933095092350821 0.6692444222687491 0.1937915909249673 0.3176427612146107 0.3173937894739455 0.1840800037582145 0.5704443274722191 0.2150189420763517 0.2409051425504642 0.5364768112346824 0.06344620065836282 0.5123355893039397 0.02526203951716388 0.2238313504819632 0.2699419527226842 0.325253924080748 0.04983839289177938 0.3368783606203706 0.8255187514672725 0.04733212227728045 0.8305877718414313 0.804413932149495 0.01660095296508324 0.9890209924685334 0.6998361689626601 0.09875326406607332 0.9321683131001293 0.3554859940217054 0.6365095956035114
0.6287570382123534 0.0845138406216166 0.4606477552983068 0.861473558889756 0.6965261978818468 0.6266614770253472 0.4783930066020877 0.8000919368762103 0.2764152138243161 0.2668093904498372 0.117400547736656 0.5286766429184854 0.2534210267763163 0.6847179641778091 0.3305686352585072 0.6408773330905951 0.6668399803880838 0.5023557550249197 0.6987197972628056 0.2540984386182715 0.2782966959417564 0.9894168696478116 0.2194101356920207 0.1888562115891081 0.8721560853656087 0.08465512369414829 0.6547775553251213 0.9412228407894832 0.02840845728530617 0.7628898373289683
0.2595064228366466 0.7200169508334326 0.945363624656455 0.150606451718022 0.660203374548497 0.8060921635406363 0.6661047794661989 0.4305926337106212 0.6511334311760409 0.9603503910078556 0.7407485193188666 0.06107649934726644 0.181629154490527 0.8990347859300492 0.9833822159361166 0.5563848648548059 0.7160445222952068 0.1534596776698267 0.01945302929230452 0.2741714721849243 0.6691893971920636 0.7773313891229222 0.01406775968250762 0.5223011345105646 0.6364527081469528 0.7841000074678266 0.6632338623070133 0.983222890467397 0.988264029961565 0.1853759541140378
0.9003248540282072 0.06662820714018458 0.2573538147633639 0.232963780388202 0.5541666368117252 0.367043900179185 0.2075658628212574 0.357652167131149 0.7723136643377539 0.3724698136953479 0.6401049007529706 0.561436371446736 0.5539876584660399 0.4423438721077945 0.1602419311824507 0.4652094127987322 0.7024539653597053 0.5976850783024585 0.2900885476464812 0.9640871430715424 0.4432682957437488 0.9833183757344662 0.4317321940791139 0.4219176495131071 0.3078927712763102 0.1215331000987232 0.7748741909572604 0.5727816451585221 0.9923333095390281 0.6263382331854969
0.9121036709773589 0.5542797704370279 0.9711526786346754 0.3653805992266542 0.5928662899664372 0.4975367435172355 0.4904006757988634 0.2738215363859299 0.8737529436372576 0.1183538451133956 0.02523587316762121 0.8621918507233709 0.3772484488031547 0.6955991535113836 0.2415045493048074 0.6475432779651275 0.6854856767902884 0.2558997310261858 0.5042988324544088 0.8040935063398092 0.338747633020935 0.5149265778663286 0.08328801140514774 0.5320871546780471 0.3419585977702533 0.730696643142321 0.3524919256108123 0.520135023342669 0.5454254710634423 0.9659777172063896
0.3859544452724376 0.7596575691653605 0.1304674530186514 0.7704923417555766 0.3149573838801845 0.3090444532458819 0.1776395326835328 0.1250803480170853 0.48297734890364 0.8237252025234156 0.5481832673207639 0.6884198058723681 0.7356867035596314 0.7004488871190465 0.6523945343971279 0.1706332567826049 0.4184491149504971 0.5880553714880196 0.4321993783102539 0.7411552649779497 0.2501050510384193 0.3631313315494247 0.1871234703602976 0.4643309488955027 0.5959761938772795 0.5913588866480594 0.6087897335635041 0.03400961584083162 0.1931565529679681 0.01374960423507976
0.3283077661745585 0.4603753943108365 0.5204735416930784 0.7846210507712195 0.3244158404470497 0.9892171149478353 0.884290803469472 0.5338997264785148 0.4832262902413257 0.944233237782129 0.392175199491306 0.7594503567474242 0.002760422633181547 0.8280027874854557 0.4550087962503181 0.7888901905728191 0.1516243060219731 0.4970400506894307 0.4175393674457151 0.4072211387318931 0.2311756855806336 0.3855291480165867 0.5132669094865985 0.7251848114169955 0.233164595954964 0.5567513840807877 0.8758879628418164 0.05362580343168899 0.02624029460869404 0.3038695786308993
0.4144795763837241 0.4583401263435228 0.6631195667066025 0.332777991829259 0.2340624273284324 0.1514095802721059 0.5330602805347506 0.2826265203771149 0.6421170218178839 0.7420009927269361 0.7174161713688436 0.6842196602579507 0.2409526788288811 0.2254321921914713 0.3963894880410638 0.5274793461389223 0.6144445795116378 0.4711730375103811 0.9393718811502159 0.5114639320952824 0.2743809108079779 0.6158094003341338 0.1344837369045013 0.1854223596977812 0.2235140516853454 0.9357126872863974 0.1383247328272182 0.8289651384029383 0.6935952704024253 0.1283840773235195
0.3428634991631236 0.4708882708220623 0.8390924483083128 0.9285207641963491 0.2751616122088369 0.4016392257810826 0.9534825194363855 0.4074974016929885 0.883201777962048 0.5622504395987619 0.4663027111359431 0.6274847858806669 0.25824924480122 0.3398778938611415 0.3463432596331966 0.1241241365136879 0.564338895338098 0.9020079990957574 0.64110481456894 0.09388166028272393 0.3110685916621595 0.3561132346540957 0.3886183200169409 0.5049425378781013 0.2016481910775771 0.6543065232829656 0.9906433194308567 0.3806033949241319 0.7832825660663625 0.01011503172826667
0.1783716376787576 0.6285098654459512 0.3381929393738065 0.1493913765096067 0.5430657445454248 0.1581207971048999 0.8515087708512246 0.9638108465818506 0.2657293807473391 0.6576713086843561 0.3990517833182794 0.8886692415871233 0.6994464087666029 0.2705555038260171 0.9159887018696627 0.2281192807778106 0.6866978558297674 0.2082333799653693 0.8431121633681858 0.1882048590679882 0.7760601055984724 0.02297700599227781 0.3088094368359445 0.7358590817969766 0.2872623285301905 0.0998238260027432 0.610726286504228 0.8574738677996461 0.1683324631693296 0.01151551801159212
0.7860619416854977 0.3829502295078384 0.3949493362357818 0.154891674776138 0.6637477085657515 0.8546013938178709 0.8418930731787472 0.7383221994673947 0.2092255160714762 0.8934136391298513 0.3150598406669071 0.05822513080525249 0.8433909714378828 0.6878377304050948 0.3942807591720934 0.3958740090169512 0.5359478667782949 0.9217490328459782 0.7474627427414589 0.6528495029707949 0.676114152540126 0.3341648708367947 0.913093356953624 0.2924399059564319 0.5826232172362982 0.7574030873003353 0.8714041210208624 0.9650055773387285 0.2612454216717705 0.06043451632915453
0.1416576775602211 0.1304358245936222 0.7033608747062506 0.06957095793211132 0.5352762390583544 0.8338210798773708 0.09749433564535825 0.2410791399983183 0.2018721016079845 0.6299941505609341 0.02813297750631194 0.7767544544839542 0.451868587659589 0.6311574271585138 0.766958004691277 0.2011411433374527 0.7221569239805434 0.1302955207271347 0.7557160628712692 0.4842287870522248 0.05593879433040361 0.3334137171583305 0.2949255065835555 0.558402240201568 0.7534362923095325 0.8400143775093005 0.6792484855640031 0.8788595645772835 0.5263459352441375 0.2032483039727152
0.7241732574091039 0.9305122837352721 0.7933022737179166 0.02542892935256136 0.4947500407140776 0.4640215993920903 0.9714084341513934 0.2412259788101883 0.8870903776534896 0.3872210938133365 0.8190808092160984 0.8469563680370977 0.9690400518957873 0.5283002850402546 0.1029662757488948 0.660193419862484 0.4112759269715314 0.04407255229245388 0.5958082692396786 0.09992146038133698 0.3182088085684345 0.2360189891638839 0.4838597477044736 0.156393515754369 0.943831755070288 0.5129821497311166 0.6999437817549903 0.2873330975783138 0.9404827345566015 0.3112053589085092
0.3158390753179552 0.3201553722071192 0.1918995343280815 0.3916612238273036 0.5267168514234859 0.48371844903461 0.7573053136769837 0.2742541497160221 0.5024816342899167 0.1034242370256042 0.7246464577390501 0.7047522463913733 0.4040447189679394 0.9080244875898653 0.1882255229372245 0.1188415696775764 0.7520689037271011 0.893025132409039 0.3749218070969564 0.6403044568157494 0.6660197226272956 0.5545554786713277 0.7770557567431854 0.3912709534176945 0.6347572662844613 0.4934257386473589 0.9550348975769297 0.07590921551329755 0.5185326656739172 0.1366647258119954
0.2902825826246161 0.7322112149514259 0.09715565502867118 0.6866966382103233 0.9850746470025683 0.7593466200566721 0.209669690196194 0.5626995148071809 0.5023503176079622 0.03597928584932897 0.1435972242498906 0.1069653637901327 0.1312260967988884 0.3904013835953888 0.7967620906102612 0.4439486993707893 0.1438126636199057 0.1159328009106374 0.3256422636718962 0.7947070052345546 0.248572798446494 0.911942712908827 0.2735302473365181 0.2565833975523757 0.8209878156394678 0.5216229156827942 0.3622804937535812 0.6021254265199226 0.4839713121358162 0.3005338340164381
0.7331122335687332 0.6935047014134774 0.4354842277187715 0.814601427050331 0.9581596052134597 0.1361809890727352 0.7335293301004576 0.4167933275608183 0.4572669874513872 0.82483265695327 0.422054920634608 0.3459407466598605 0.3304579915746437 0.635099831963185 0.7656167334259206 0.03962051415949108 0.264896481233838 0.7409226066772285 0.2607217276386478 0.9945034907888958 0.2517342865731468 0.02288710457475429 0.7769328334824763 0.8126639216161613 0.8529919778316847 0.9201095236564814 0.6248378189794221 0.2166091227576191 0.180021970829045 0.5844055957627438
0.9124307004872335 0.3788398070444131 0.8919669228843609 0.5147313223642754 0.03649689044388105 0.7209520139188718 0.5758288074895492 0.6294916701011907 0.2891391641271791 0.356921870351284 0.09017319112818223 0.9301448388404835 0.8358463551531804 0.6049772594948029 0.5275813361830425 0.1029085477912927 0.5215309037328307 0.1205166554670852 0.4528210226539667 0.6565929679727046 0.3301658367923027 0.4664481966907401 0.1614314477514697 0.1432373799663402 0.3043721232094395 0.6522664390628756 0.2446129545430694 0.07432925577765015 0.5906307674504943 0.4379624474147591
0.9925678252792265 0.641333774810901 0.4242978265291704 0.002745903016685314 0.2123083127825577 0.2413344888516328 0.9449103085371114 0.9649388674808933 0.702397736520477 0.7101323466786926 0.1267238328908598 0.8448874690544735 0.995594539599463 0.5650042250898 0.9422764064681509 0.2112539322244315 0.445312601617958 0.2311056844618714 0.2880000342752369 0.2319867718710925 0.3556809243604769 0.3293633306231744 0.07799650247946344 0.8655924342021498 0.6095285015023983 0.001311927874710017 0.2285527967677989 0.1415282741305628 0.964714241628524 0.5755302439655806
0.3089119675331018 0.4203211030308919 0.6924706736927222 0.8242455393799273 0.4992582455864386 0.3909538719158834 0.2119040000334094 0.7817842374885589 0.2954262955073297 0.3825668668286993 0.1863921684701583 0.9842008506774118 0.1310675890675919 0.9526888351119778 0.5615702916628798 0.02533838794802779 0.8234189152237864 0.2397768914814491 0.3447046869908181 0.8212756862669844 0.161168716287756 0.9546489753301232 0.5433709361744867 0.6618401229570691 0.9906815621606914 0.8352823618244597 0.107663993902761 0.5174156173139688 0.5105098002719791 0.9292909846602679
0.3746778421044086 0.347051214444254 0.06568326793548074 0.8554926003445791 0.9087298145056429 0.5067516430764329 0.6327270327783926 0.2945221780368394 0.9191071914176959 0.166049933241545 0.9430712401292878 0.8731362165870593 0.1073321797598086 0.4815367344374946 0.9237352586816634 0.8855904217138698 0.1818922493890934 0.1684429565680824 0.8164531503868868 0.2765316354212748 0.7355578729033552 0.7533339317452792 0.4846594981823772 0.08585353147075436 0.4251794737290757 0.1963198196347105 0.6500674163069711 0.3030626965297377 0.5970060938802029 0.06347980022472877
0.7173039892297577 0.8475990665114603 0.3916058897453316 0.06907028568411233 0.4436802828311126 0.788760390131097 0.9890238597775536 0.6714903018184499 0.5098225980456683 0.3452390161336183 0.7044089426678214 0.8089356004525676 0.7773871973271437 0.436199460929781 0.9007217726070154 0.3442860258221698 0.5567771063553328 0.005862111164143258 0.367598620763002 0.7601596644966547 0.4858276577678527 0.3009496216238081 0.6104965858264377 0.9314092862182006 0.1000351197943042 0.2797188926782705 0.683700080344379 0.7141900468840896 0.9754428738900709 0.7492518534540134
0.6785679774077039 0.703955296776077 0.2618028401251113 0.4517788135952099 0.681859526871939 0.02262360574991773 0.04922734529407669 0.006083885988005244 0.8965556464926576 0.03839384899828868 0.6466635355288491 0.3207125480747099 0.696914777196373 0.9800354493858683 0.8864398674076748 0.6089440129179768 0.7778075139647932 0.4363849548423091 0.3023118896887973 0.8074109751234043 0.1379222184619758 0.9234012801742413 0.2936705488121462 0.9549991768269407 0.1984673417755168 0.7608432192352081 0.03753775238716173 0.6537332234469162 0.4710570505384158 0.6255808451185709
0.6051831226305947 0.7617195512062915 0.3684689733498027 0.9555162842050918 0.05870080611308082 0.7079080586304054 0.4441490076711216 0.2335009877365578 0.09254118707324421 0.3411522953392739 0.990117651726415 0.8742535808562178 0.5206331784837439 0.6881313251630132 0.7922546745991437 0.4833762659183152 0.4335729489346341 0.2773270357299783 0.4418955304098247 0.6552345302297732 0.08393420992416878 0.6553460138633271 0.4816312615434331 0.6283570202065826 0.3205668339927414 0.2635829006587537 0.5168634400381518 0.06188246788512386 0.8900909215619438 0.3123683723685158
0.002000073438951255 0.5684296370965036 0.4333525635571632 0.8913283330209149 0.7688443685521869 0.489214417505898 0.6980977870478764 0.7973579790473005 0.2355524016473995 0.4519707386890057 0.03820052884263814 0.7416052822091506 0.3556774500079397 0.1894304511073237 0.07713251542600341 0.1384012179891619 0.189412060010319 0.8014436872031134 0.3747406939312309 0.8738991375642545 0.4607137616905786 0.846364104372078 0.5697391548600327 0.8746091985552426 0.2996196692453834 0.2295896489663902 0.3928267971961962 0.3579121524522944 0.7066498152219778 0.366590968319354
0.202296179940568 0.3583207302300044 0.3253318172952738 0.9336074945346395 0.4721394058149861 0.03891543472560743 0.6474526879081633 0.3721864034263742 0.2842680763435451 0.3093086074663044 0.3331427464490325 0.2532584579768437 0.007385705543286769 0.3132348152401208 0.8191856567761211 0.1180478381175765 0.324896551341615 0.1751375793491323 0.2602605546156349 0.4674770821552136 0.1351063282767074 0.1184754018792098 0.9616369150837033 0.1710186070225366 0.1977557607571044 0.751489092837949 0.7653139300706412 0.7399298375249491 0.05596225323128023 0.7070121492047792
0.5429467604885961 0.4633633871954322 0.8962414828722389 0.2836667469798829 0.4471171405782546 0.8333953558287992 0.008924272556933288 0.2595208030541019 0.6037683684601582 0.4556954405118391 0.3989635759419126 0.7919981849868336 0.2581661392703654 0.8948225768122501 0.07113085298945221 0.2694150299158408 0.1787176092221024 0.3399985575052478 0.5327970555947201 0.08616415679210154 0.564180967174655 0.549016247882673 0.6446455875012574 0.8674478692282838 0.9830953420111802 0.4739203978684988 0.198777710237353 0.1668720736787932 0.1052408467748547 0.9622262130965454
0.8913947356238057 0.8892915175025469 0.574026098035345 0.4174770503764472 0.5690189547516046 0.7104380728208244 0.5871419141873878 0.8833462888103911 0.09828814101727257 0.4597350322986269 0.2113392059518155 0.6483645037381723 0.3675520074217782 0.6049857776965304 0.4554892567158898 0.8776446080841112 0.3769713708150646 0.8106112380758724 0.06596110429001778 0.3478192403998165 0.8251898303385211 0.3088379411740162 0.2243357802002649 0.05878405668071074 0.1746957265486813 0.4888270188515165 0.1443843694524956 0.1839729141333849 0.884847095943994 0.7092756348625083
0.3382850534254277 0.7290193119426944 0.3572184364068924 0.9933306441898466 0.1747988348249644 0.5929356538131746 0.6747102274570898 0.5359630459266879 0.1778740082881637 0.2457010508449374 0.3050038456813675 0.659288057339475 0.4598267408632777 0.8730520105384153 0.2123888091570597 0.8945338870887273 0.3722001135163161 0.1462704119810406 0.8242432011117414 0.634631842358237 0.7159454727209676 0.9820225968359214 0.3183483118479087 0.2634699242305847 0.4290473934484499 0.9589177746139139 0.4187008037156309 0.5079700324219445 0.5251850838334213 0.9571414923420576
0.7011029490638265 0.8774776397022508 0.2292984383300765 0.2716174542258749 0.2353766341118272 0.3570629689707847 0.890208834189952 0.187115421944514 0.3377177430578007 0.6749704417257656 0.4593322247235886 0.9255056524928804 0.2300447704517162 0.1784042025759121 0.6808221292668298 0.8437192043847455 0.01771860786677759 0.3492246896514114 0.6697242573271215 0.285287438764931 0.9812338736812911 0.3145177901244491 0.8009016792203829 0.1314220096321322 0.9317146287288863 0.9386145305873002 0.4402775159213472 0.204604102761386 0.4876683119666486 0.8491868838268102
0.3460019845275515 0.8057566523338295 0.7738071936018791 0.7165002743098376 0.1430558007512506 0.9627280336537519 0.3059856896301414 0.5714724274354523 0.291508869179868 0.5755876078414527 0.1745619167588702 0.8313401394795129 0.6127758669020269 0.4843652509494485 0.8313729274684227 0.3436451156857044 0.8608320595356447 0.3897418986751048 0.3087858280630537 0.4980896821869234 0.5812935470588068 0.1178673708332324 0.3762730330188371 0.1476492510819419 0.8213469215378497 0.1186776125479693 0.9978680313742457 0.9714742444768835 0.2624329922851196 0.8785399321099544
0.9150628696117136 0.6920976737503372 0.969321753182716 0.301989572171375 0.1885391019988047 0.4548718102500685 0.8171456902607236 0.3030276321214181 0.9108587365790174 0.04421116654490276 0.1034589956899754 0.9623463541207278 0.8404975527478845 0.09113631086665619 0.8370379104060067 0.8915053627602066 0.1801916258090414 0.5995278086310457 0.1059491354665442 0.06936361426803983 0.8302155725961362 0.7085278822861567 0.72981259541609 0.7108019072241886 0.9388003047964746 0.4242814233883182 0.5345848576708923 0.07332392820536415 0.4998011471603747 0.7685204146231703
0.2957761568768372 0.04819200831179304 0.05586063980634515 0.04843458987357629 0.1502632591805303 0.9898402824515065 0.7956395411706511 0.1413364536263635 0.6780415665196884 0.8052600277113257 0.1940715684209122 0.6163566495163386 0.01729165791737719 0.1514423924945624 0.9806820202455736 0.2856884466564426 0.6638571439018219 0.9425155484550415 0.6334120157758878 0.2934102564811899 0.1843475004283228 0.02152823094236322 0.2444102965685532 0.3090315637032893 0.3728685293247848 0.8725350895072124 0.7732309119510485 0.05115380615722409 0.8354170631720023 0.7666080320028337
0.08217893255133468 0.6978651881289512 0.9751293867627061 0.2841774565244167 0.4343727814310323 0.7699192118625543 0.8993154049180604 0.7152976635965861 0.3746202832744988 0.8143588233284423 0.04831612202667424 0.501966074117024 0.5178658242501714 0.6151941019391193 0.522829598491115 0.213936019380539 0.2758407683200993 0.3414594089871974 0.5371489431162783 0.9216848556518038 0.6578901508089675 0.1512175084067375 0.1310084141209649 0.4372497196865639 0.5219500936913085 0.4344222873530859 0.1039086052902848 0.2556391312660933 0.1029406944991033 0.6146369603071404
0.08648385807412495 0.05450420471307316 0.274998894063714 0.9331220231627245 0.0109857733609815 0.06793319771566841 0.6421746782183377 0.8166292453848462 0.2268934290235537 0.2600342312966322 0.06145468695881195 0.1105485334602995 0.5698303779166222 0.9320787636880418 0.9215422701761768 0.9337501346903476 0.1422616949105323 0.3345524875366195 0.7938841951708281 0.1393739847013767 0.679094051031184 0.4102492111301385 0.660854383142856 0.09004123691750521 0.00263136588486268 0.3360630993645479 0.4494096422652476 0.397929530262927 0.7097026245616995 0.928637516841133
0.2930467234224681 0.7743707183628634 0.2976567254620917 0.02186899077588156 0.6344690299739258 0.003266129860086453 0.3825400059218799 0.4597035167486662 0.4410070965913094 0.1788657747450861 0.7972309919591463 0.327262241969008 0.6924860399038549 0.1176115764223693 0.03656530770319388 0.2982553543803103 0.2154223688624134 0.3925858842023362 0.1954072613537706 0.5426071903327401 0.3555895104323181 0.6731391290113079 0.9421424116335013 0.9119063549426756 0.4741933805668667 0.8701186199523492 0.7013502692947703 0.4393209460522387 0.9225766831113712 0.06398464306295448
0.2069882535591645 0.5258205124990651 0.1668427015360617 0.9066554168820392 0.04856458042179468 0.6463856541483055 0.8252597750293971 0.770092554280318 0.9140608364219482 0.4895931793138073 0.5352722456057962 0.4512827399542509 0.6298485385538367 0.4429623873413945 0.6701327485231746 0.8310488439377947 0.5065267963836843 0.9083923363149377 0.6464960516465905 0.5579779603780262 0.3749441145301777 0.8398686520301566 0.7267528689808845 0.9535162313913683 0.888817533307932 0.02590575155292052 0.2792670556814633 0.2978276358696621 0.4975546224578017 0.4552962038804257
0.1189348738614285 0.8040058722893137 0.2838298076001874 0.2113351275043774 0.6405766411739735 0.1504825746980253 0.7673282085910345 0.8252092919862816 0.9620042042307042 0.108608581207725 0.5111653189876474 0.3998236695875724 0.07698451870415768 0.537747934324042 0.03172807085229135 0.5815732751045736 0.2639469675516239 0.4339820402386266 0.08792062812998891 0.7837548447934921 0.134102455511202 0.06468783562926206 0.08783342207271005 0.3129355180923468 0.08333307855918815 0.4940053797522794 0.5576994076828783 0.6706551985516545 0.69108471316223 0.4106282918754992
0.6666325753632162 0.9206287230785245 0.6975751278907804 0.0109704476542305 0.7438582432595595 0.974753664527245 0.1056659289145279 0.5941893168190879 0.7133627867104283 0.952500279779677 0.4700176325950517 0.1074467369309265 0.9286475398855133 0.8499018017190978 0.4214853292588675 0.9511354667617816 0.4294211754774631 0.8628244544463882 0.6522772441840199 0.0734131125934171 0.4736777673892517 0.6166087576332829 0.6372314588087853 0.5914515518576035 0.3826560009776466 0.144582138085545 0.6442585260112147 0.194148409573157 0.5955897046087177 0.4698807382506892
0.5560352426736025 0.8736204785677731 0.6106826298238791 0.1972794413851486 0.8169798409392578 0.9157082522177096 0.09755752821745611 0.7256562430112671 0.9922014988847592 0.2995424388625739 0.1450768466503225 0.2403420154076874 0.3605256127429841 0.6189793100615063 0.6324078441551972 0.5299411209950211 0.7572713140133746 0.5512064231266167 0.1635736695205242 0.5045015418751403 0.9256680043782426 0.115124189665646 0.2732107417652865 0.642481593591115 0.6137887063752083 0.8845500347777057 0.8044003615937707 0.2315813840850151 0.3700881843244309 0.258067951942771
0.9831939430068377 0.4742091585340915 0.9348179847695259 0.2912200271953185 0.4622797747184068 0.391500314931208 0.4707126709102645 0.8224374369858934 0.2546256689147132 0.5273690257050527 0.313780639147495 0.2996901232959096 0.651007570902875 0.4719888547270881 0.6556149007593651 0.8754718479634295 0.7892944307248285 0.7518122616988278 0.2342937975622724 0.6972381227697874 0.3321890050479016 0.1945759574581519 0.8051410880319845 0.83139010389834 0.9598608326275473 0.7941519947985869 0.00320196669370576 0.5469236485596032 0.9144642663898088 0.554551916503973
0.6175256090885 0.05467928308168668 0.1346783158386589 0.580790597853331 0.6880030778678295 0.6129584235148466 0.3610286047884387 0.4959251075550205 0.7191622203201659 0.7345871531473988 0.3233038808910716 0.7762266639096749 0.2396719101150669 0.5338409560092435 0.8347765724231913 0.7999972140327413 0.6160898742681659 0.5605590356349041 0.6192601098206217 0.3731338066203485 0.06670920691062843 0.2479507743713182 0.1509900076166899 0.5958537011058955 0.7939311467690864 0.3368185439387318 0.3230917125449029 0.3667176486844792 0.4035828197777989 0.499575975141713
0.7192841903767095 0.7517672854221848 0.5987359736003381 0.6263078582725525 0.906659655822641 0.2425761627921638 0.968518666098004 0.2882818840526344 0.5590854974260119 0.1812446799343738 0.5029912356377212 0.07235344642374852 0.6324561555541135 0.9147138538440948 0.1641675060841219 0.9202755745818273 0.3997229212552728 0.5105369396278679 0.6583995289812126 0.8251139400562395 0.3641465807202885 0.7782285741745903 0.874795346226814 0.1032612661439115 0.812954710655508 0.6713229591842392 0.208630380337501 0.7238044944831418 0.9842676701158845 0.3400230053767676
0.08848788783635908 0.6104660087692558 0.9620365869825831 0.5891531814678133 0.3844039029648617 0.6124764349480644 0.04296222141038819 0.4291807568251883 0.1411336773497374 0.4633718735484714 0.7267163068837262 0.8132985702404724 0.6099141161691815 0.009226513130250691 0.01622079108860075 0.1350319872774878 0.4481761481180961 0.6600720849624846 0.5938236967471339 0.7174919013403231 0.2644988660466261 0.5118830275629802 0.1265246138571713 0.6559090922736878 0.0483240608094766 0.6210526391440759 0.1330732194702936 0.9514164618769153 0.8024163000665074 0.3486001285795425
0.4064487824517995 0.8968224585220457 0.01896736365710483 0.8871261427325594 0.568605767933134 0.7164466629916367 0.8764414138018728 0.4881525202741961 0.720807144562418 0.01087392574973323 0.3352811052580351 0.9127011029895415 0.191669517796792 0.6753962896756666 0.1976068865252729 0.8601014000554844 0.5867481811383649 0.3951177556800437 0.9349181371419969 0.2935950625191989 0.3712914869195335 0.6057915061842961 0.7104757970171161 0.6781922965500705 0.6470841029530804 0.8386903380524254 0.3199054650006747 0.3022710394151817 0.4281478135350819 0.8926591716621772
0.2969634747226172 0.6497639001693836 0.1258247713686336 0.9816110190979415 0.2429139482741788 0.2159886134968751 0.7380425408073207 0.4839471514286093 0.7817919942800581 0.999372738579128 0.6685353894876134 0.2660192054446138 0.3680769999645611 0.1501358060439377 0.4726101120562044 0.3480579090146794 0.569412889753253 0.08935411388747838 0.6239281841761661 0.8214313219715806 0.3662103039143777 0.554580052017293 0.8427632587008919 0.7687705207677906 0.4794593941791886 0.05430844174316174 0.676246039607945 0.7108486136990266 0.7897378164101674 0.6268010942842136
0.2854825691542608 0.984615286096071 0.864874303414367 0.4647661439512432 0.4957012923101977 0.7806152298079341 0.353946374042354 0.9238336883787696 0.3700436679494861 0.0109851577279485 0.1878865451249098 0.943685370424995 0.8628087086690572 0.3221141776840077 0.4599571154011424 0.948130075583827 0.9120032131134367 0.1889026911222422 0.6321366473684508 0.4891301687133587 0.4686763066610077 0.7347711623669757 0.7297552164930283 0.9616052541165441 0.7405231942378749 0.6687908479987462 0.6573555482413483 0.0766260603486616 0.7073396104914756 0.7872119205698216
0.553196314046375 0.9494489673658103 0.0920618187798985 0.7691279007958266 0.153055375751292 0.4706021754981051 0.9263932935314093 0.6844053101324185 0.6135399373129329 0.5219958460950995 0.5117187219220978 0.2753737639252357 0.860568154190048 0.4046527791957926 0.2737996667397166 0.2243423466099425 0.8357980507341877 0.9402011647706752 0.5560840666854465 0.101802834491031 0.6974683483166112 0.388106601978717 0.3774657387059481 0.9479915121992453 0.6046787115156647 0.04273904481422741 0.07366135342770652 0.7246328779938704 0.7708097162326593 0.04531038864100845
0.1792204672956874 0.4167141852701896 0.8857520085724987 0.3694891885332517 0.9460381093146419 0.5773426104773071 0.454992163201404 0.2232952569710511 0.198089016531384 0.6511832288465584 0.07068730555904001 0.9806639174383837 0.9805639936375962 0.578888737461381 0.8279375597947027 0.3058619380596684 0.755601827621435 0.4972952051285751 0.5769065215128178 0.400021319437979 0.3806605723618787 0.2620135408707113 0.2691021346628301 0.9703190029874104 0.908757988458697 0.1943710151592999 0.04531705831136768 0.4472081917791816 0.4534083410369928 0.566164601289202
