0.8879800899401759 0.09577602929981288 0.8157705845493284 0.278016331668782 0.5922873857659138 0.7197957093739197 0.7770191493604176 0.2946648489988695 0.6073765389488749 0.2874728742023305 0.9983167502844696 0.8145056079423507 0.4139779162693674 0.8791421856642359 0.7325011151084537 0.928746930727756 0.1716106942469242 0.2948350049208741 0.0937366760746422 0.3179810316787127
0.381188613746538 0.6327125396187535 0.4715199383485827 0.717668980777047 0.2692235335017145 0.1730567191821845 0.3791226027753652 0.4380814374278545 0.4221265678158336 0.913569686661525 0.2695670183469543 0.3520434026951569 0.215209660163327 0.3719230114042729 0.389855390831109 0.5754270571118745 0.278364978622443 0.2594923085078481 0.7190613950565239 0.9101787075725445
0.1220968195634415 0.1822889707499848 0.1331096448759032 0.6836076828044971 0.2140097727076603 0.6045716033063737 0.201678734802983 0.8177571936931245 0.3161071322581981 0.6696167646858762 0.1487335628025609 0.3059454470861604 0.2972414453016764 0.6350799325450489 0.6808805271233367 0.8452486465038237 0.1833469067689233 0.7604297643064385 0.7119394022793596 0.5575439140774725
0.6501629863156845 0.0899951030326972 0.1468758157225714 0.4155717207166358 0.7113706883010249 0.1678211636235943 0.3889791392243084 0.4979459538874261 0.9350457269132086 0.05519624865450556 0.8290074909485965 0.9841598458987846 0.2672726135198888 0.8900573037740913 0.2903001387754092 0.7990074981966317 0.4598573679992363 0.59760864887687 0.2366673767651024 0.687614962160815
0.1486848661132304 0.5596864990017729 0.4943289305440131 0.8372059959494197 0.481468515373733 0.7847309599867293 0.4002943067357757 0.3079059334309052 0.7872271363776071 0.4184642639114249 0.496766061213335 0.577322531324329 0.8196657378893285 0.5813199746267194 0.4061429026808099 0.1605868285092428 0.7021113049141089 0.8832328216518347 0.1083788879041522 0.4662139758130815
0.9345355051790349 0.5635091674751708 0.5452535141070303 0.06347554987814286 0.5353001796288375 0.654541303819938 0.1465918456331445 0.9563647276468465 0.1961507919433427 0.673925993557942 0.2743411534081995 0.1084308338318746 0.2609008036948824 0.3341518335180748 0.4647318772310227 0.2343564434014873 0.7275038866586078 0.807191102024009 0.7909755960469493 0.7157485483912336
0.2696432461610226 0.2104577910406757 0.1091283282414149 0.3966811014027529 0.08726664017603281 0.6553896564824753 0.9498289143624183 0.755633280579152 0.1168917270983925 0.02048124871840196 0.3348888297863468 0.9928761567590365 0.3128317479770013 0.7375077987941283 0.7165293765913929 0.5725575976952813 0.367646057669637 0.2082656940300881 0.9799992164436357 0.06589377000512553
0.2362277519371 0.3088994705101167 0.9095033534823053 0.7133692630190983 0.2653718502380127 0.1645013029386631 0.8804974135265312 0.7937831324318396 0.03838743197640437 0.8793008435965847 0.5879397452104611 0.4575371969863721 0.6738518768832562 0.03944279853538757 0.3303212034696615 0.08804841780935202 0.6836374647810503 0.3980117152162973 0.4789540917739409 0.2898033391923721
0.7882945201123254 0.04651268226775163 0.2811256463638583 0.590595861758878 0.7901335024345391 0.6015993359119542 0.7304886686536354 0.02352791487782813 0.254923589308543 0.04209175984237279 0.5000123984687892 0.9891402961407735 0.01353050810521894 0.4408790383372555 0.004786418105884538 0.6128886193293469 0.1833587261280697 0.7127417837905282 0.1596485119729479 0.8285756552303601
0.2061781637342316 0.3522162738319508 0.2305784719232691 0.8076844924516463 0.4902699555897064 0.8738335058866241 0.1300859726981044 0.4989581103650381 0.7766136339820839 0.9812101687911365 0.6733777301945412 0.1830011797869537 0.7597729555480026 0.07463521512286109 0.76277246372078 0.8278152309219722 0.559209716111827 0.4927208298082278 0.9365274226769438 9.695068767479054e-05
0.00956689437851066 0.2519514231454402 0.5056764632586181 0.5404166504960898 0.3712924240247065 0.2927113751951868 0.2023673464739448 0.8002818943961242 0.3159229045819424 0.492467985547119 0.8112908917040034 0.6123589424601151 0.4086084961771249 0.1769042223604275 0.3976520898471001 0.4852126537301182 0.9905845925641049 0.2841950759205856 0.1656396764792318 0.2205755135154441
0.2114673443568529 0.07604769057476157 0.3649076984234536 0.2847340247906425 0.8875887921433807 0.780259609956419 0.1090649568473457 0.8505034953674093 0.1095986069091566 0.7202077467752445 0.5728242979210983 0.08680838426747961 0.9053280360773668 0.8745665148853765 0.8438517313619269 0.3695673551173151 0.2229514123754536 0.9971116548587963 0.817338365479504 0.04212816062810631
0.3732778778648282 0.8121869757489847 0.5283846967228796 0.2471308256001284 0.7928879304474935 0.2617510439444676 0.0003983800547517902 0.2313189189557325 0.9933702889624809 0.6562008343421062 0.2206681220871737 0.6861397019787449 0.6869368982218188 0.640742769936858 0.07054851672187645 0.2429641169892971 0.8708371928269385 0.7347408193015217 0.1678160059840834 0.298589461276546
0.5627220287356469 0.826445766022829 0.2005163063645068 0.1016652936534889 0.3818688895906489 0.912353469252759 0.2605135192574243 0.1083043527130803 0.05594296527578257 0.3516705558700568 0.03762694526852262 0.583033921230445 0.6725568103202951 0.4604835899847382 0.7411168537245286 0.5010249644140818 0.702352620836162 0.2306409059229675 0.7446124094614665 0.5016372020053996
0.7053688299090277 0.4466977903163892 0.5059406095753813 0.04153518297857339 0.4893092906042646 0.1422875021973244 0.1424958469845456 0.4333504025595449 0.5762147898259073 0.343048695191552 0.1604915902642081 0.7414104169799515 0.9630915727829361 0.7336422859505056 0.07706423149742647 0.8409081581252351 0.06751405041336966 0.4363120485992489 0.9288627993212792 0.2631801036365445
0.1279531718927953 0.7622387720608016 0.9286081213991312 0.3257684207043177 0.2324580978453366 0.1824854764117131 0.9632355226640739 0.5766346346502746 0.8600877719102842 0.3083449860518661 0.05643643035844093 0.4538041851153017 0.2071100959073722 0.5189836643290452 0.5379876356177355 0.2942882172433129 0.3074538821838113 0.0241736722148328 0.4204020139303806 0.3236894136587639
0.6194901252611663 0.8597630666919952 0.4926404407929157 0.08270829803188939 0.9334804583342925 0.8083269668547564 0.3655188231357733 0.3307289110251447 0.937934078744633 0.3748943405611161 0.6358022186231704 0.9853443380985734 0.03673976453048744 0.3146309781487783 0.231235721941473 0.9223654191512636 0.5511367305514145 0.05371353840991677 0.7552482494733969 0.6840838213346168
0.6621741034351711 0.9557287749268826 0.8746015987152932 0.7532514851657419 0.2226659543716385 0.1380149620432186 0.2208883363414058 0.2055098610936521 0.5679645458145579 0.6630438231677197 0.5274175204016522 0.05634939173447451 0.3631625949531299 0.9677274091080609 0.6955115754051091 0.3697397795415153 0.6716261486023335 0.2651096939734627 0.07747756400296191 0.5280671392556082
0.2897691258518927 0.4816518956541637 0.9019945945493233 0.6517403667487239 0.723319135625947 0.1025865252271354 0.4796580857927076 0.4043418903894574 0.6468572427516849 0.287735134554958 0.3830647122175665 0.981016791950987 0.1148105677852667 0.1999078630613759 0.2390461643457704 0.6966542004402304 0.7136880913205015 0.7847549365756692 0.3810443748278509 0.8524032876575542
0.6973465395889892 0.7132598975767365 0.8219886443150707 0.6289244383408126 0.4222276228482986 0.03079881116467331 0.5954556632890023 0.5637635695018256 0.6008080215491192 0.3228534686765717 0.5548819768446921 0.1716563042840867 0.6498594262094919 0.07167347369091615 0.8750771337997444 0.2161379501465994 0.2938445705782526 0.8847369186394346 0.8835920900256854 0.8362672161514131
0.3269356169062471 0.9023446392045666 0.7718022957748861 0.6580829809857549 0.8998030738224682 0.7831314722628366 0.4247495091830883 0.3242552241270888 0.3938781377701506 0.06141215405816436 0.3634308930261969 0.3530436858449395 0.8656244875574273 0.8887000495302622 0.9630520868624081 0.3281992476146343 0.6933201557909643 0.6330662678957141 0.2424437455899482 0.8699876263426785
0.2141019157696299 0.7477140026507801 0.144663935514229 0.1068196562396116 0.7203222101235442 0.5263181160447106 0.4429158313362551 0.7781805677545706 0.3587433527982574 0.8533495985139066 0.9621724971568286 0.97912549357449 0.2776280022802573 0.4150070363847951 0.7250098843173551 0.8948659340129544 0.7113111101046645 0.7581322827790503 0.8834036519677717 0.3669482381501168
0.5425449416471573 0.5347699755827457 0.6475825802042952 0.8951838797241277 0.6008274761261335 0.9699385377160038 0.7321355547652482 0.4152914915545824 0.5811384601640893 0.9223207824170438 0.6185003839269733 0.7099286034183619 0.6612920320944801 0.3361464388995626 0.2033348551226982 0.4078129626004203 0.1507698061317337 0.8263335477210154 0.7104606135008141 0.4010561894105159
0.1713826960883208 0.8757993398860495 0.6390639060380273 0.9966028199815464 0.1010978895977452 0.2448483591322624 0.0836549341630618 0.7447417757596947 0.1595753094570423 0.8816595339350156 0.4914795265388975 0.526169262668513 0.04252028879100422 0.614053635731627 0.2276147890950673 0.2135040893470156 0.8953185689241916 0.8880133489969917 0.005265184326319505 0.832303959586102
0.902298840019556 0.5119476580924737 0.6561738180513871 0.7677856839334473 0.6854399747525683 0.4591164196426792 0.5734522319827082 0.5740594317304389 0.8421305200242547 0.2404417076191439 0.7572264662657039 0.8123371097183338 0.7970323611449748 0.8077078189919843 0.8292800223865544 0.4175157513022394 0.6178867356005426 0.7552455161468585 0.7697655693416834 0.9586046229255358
0.975075275592005 0.5647345919090407 0.4657390687419055 0.8355253266864215 0.219960923956657 0.7663980894608939 0.1920115991267738 0.5916275659530674 0.6068314566255671 0.4418438028021768 0.8645506528079976 0.5434821861417696 0.4927297109245765 0.4181256356700572 0.06222518338635219 0.3621494599268943 0.09281535819413889 0.5656384996760548 0.6405016315575907 0.7677822626181597
0.6325352563441428 0.1870607551754626 0.7502439507791163 0.5488594004307864 0.1021703593343899 0.02482702918790802 0.2987461923833448 0.6900150292649251 0.9327883504441357 0.9664972006802195 0.7645480893346467 0.2932491857068945 0.6220691252729669 0.2310961275368256 0.7506903716516717 0.1658670294795279 0.7564703855241026 0.8685889989304815 0.519506353586457 0.06563483825850425
0.4488920207457957 0.8378286113798175 0.179752653430054 0.03855906126279496 0.7326935744791824 0.5630407235733951 0.0420606264492327 0.9848852640583016 0.5693323874837272 0.5851566729626539 0.7899066418664441 0.9026346706863088 0.06075073632969408 0.3485132093888155 0.2000918630683927 0.4651515316549586 0.09146794196561492 0.06808577423972362 0.3008894331302838 0.9043452577718513
0.9755419778874962 0.7637200317833946 0.0007409129605489007 0.735215554236234 0.02199250998502478 0.168565682255061 0.0105140082845302 0.1491269987672621 0.687505525161023 0.7020168753413566 0.3710774066218568 0.7311908242003646 0.8473042054246386 0.1303575144415501 0.08740731616174402 0.3719214565139027 0.403883637551174 0.2764042198603703 0.7541681859444468 0.3217862005523922
0.8001443119174996 0.9113083542736461 0.5131490075412158 0.4294220296806521 0.09159480217154525 0.2736773038049665 0.8866478145458545 0.2459443412735529 0.6211893868708748 0.4950073958428007 0.09437253593421435 0.8993685313928761 0.06777083245811377 0.680702325466581 0.9719981399843843 0.709373790820744 0.3259087204583756 0.07344016636799866 0.5797370470473434 0.7335170182530933
0.3588460336535408 0.6537514725103031 0.5665914081984585 0.03410641739832987 0.9206944530487665 0.3800058034524793 0.3794019439968851 0.846355875797671 0.484277901996814 0.4510687942633032 0.6398567153443468 0.2117712907888351 0.5283006926972544 0.6685685244157344 0.5387766999829049 0.7087611375080665 0.5985364919631379 0.8414055336997581 0.8791707628014417 0.09783920303270877
0.258593994522077 0.05465615541932234 0.2288918677688312 0.7209167071121103 0.07854523949262249 0.1551195130500365 0.7707683274257636 0.4443251773727787 0.2901207376923213 0.643984696272966 0.8869384045483765 0.03760544037577229 0.6930943445013796 0.6685507240228905 0.8680120985975806 0.1963720400235009 0.7127926295339706 0.1039011082552873 0.05662635679400785 0.6807960342578691
0.02263471413364293 0.04429908880212374 0.03695302277333601 0.4654105087333362 0.7578694442446711 0.9921992236899375 0.2266076965540623 0.7923802252705273 0.7952458641796896 0.8722427093421683 0.3142559902953881 0.1329250551372108 0.7967015799841431 0.5674633376679062 0.414653926800871 0.0586416771859708 0.006556875385934302 0.316023463304584 0.2714587853328814 0.4757236273103694
0.9236118647021984 0.4166844860606619 0.2878838708794117 0.8452465332465563 0.3069498673705151 0.9155840224499852 0.8634118432842225 0.6388191881681066 0.7476751935737458 0.1573227955301317 0.6028742701114563 0.3270372838662459 0.4886780535619266 0.2253854580979061 0.9019576776682231 0.4115337771846267 0.4767340531968478 0.7214027529342648 0.1221968129227049 0.5030650485510998
0.8131476632864285 0.6773418599205555 0.3216507260246346 0.7106653966661972 0.9344395986794815 0.8947762383513413 0.7422347881751267 0.2661011688501626 0.3724874069369445 0.5584179211235301 0.3810488968564146 0.4557468620624855 0.7935259441176924 0.1039401321101152 0.9729965782271728 0.7046190662110386 0.8647278683763254 0.7816800539428734 0.432183713508881 0.9425111433832147
0.2530862171085319 0.04624842318955236 0.09687823026480324 0.2007366219220781 0.5390805363474415 0.2236025525659371 0.8353208198514046 0.009338687242805621 0.7459009287946741 0.9690078222420352 0.2671832110849925 0.6238155064284149 0.7147796349456051 0.3269574179296341 0.4331265719128377 0.7344088461147882 0.1311501871880563 0.1436859729988217 0.3754063227485519 0.2284090518116418
0.3069863937799994 0.1500656848859049 0.09663605983898593 0.915984031116339 0.3458934084716969 0.5659662567350899 0.547198765072399 0.450357548152311 0.74782058034244 0.3315764573464737 0.8924774568573424 0.06803322230708742 0.5748895927250809 0.3390525769517404 0.3639003448877939 0.3050978942476084 0.6035862995105342 0.2344079295338484 0.2943061996904193 0.2854945905449527
0.006795445341167383 0.3716185094539123 0.04889735117246141 0.8743762125204062 0.7218226314034274 0.5953071045273394 0.7438783349886023 0.9010940837915135 0.6940905633704547 0.5907563171285277 0.124259243625451 0.4045826515221878 0.5789512482609072 0.6028443658191326 0.9607778367838566 0.2055003210755252 0.6631513275630005 0.2564291406614504 0.417761242510447 0.9719504621095331
0.3310774305910541 0.3620231653755401 0.4395684484649433 0.04066778988915665 0.3985702385044282 0.6189850995707687 0.5780799868502333 0.8734127277887768 0.6411865578151769 0.556955944679331 0.6406471570721031 0.04761678341063902 0.9961213485585053 0.1517054176194668 0.4184468867354262 0.2952514701436912 0.5772168940956345 0.5595610234476152 0.3521143242597727 0.9736294639810601
0.7512716390794671 0.889841362934226 0.4554101953612979 0.599406088634455 0.4134532757557783 0.3042551654400013 0.5254705707510926 0.1909673089279926 0.2141017239354513 0.5107874183129075 0.01385207449651882 0.4454871086749813 0.9967006713535814 0.8226829811499062 0.08346054648688994 0.6558903170161671 0.2253929300307771 0.117955852262439 0.3486772627926128 0.6771668179324907
0.5507645605228727 0.04396266353157552 0.8567542693470812 0.4775950236100055 0.8567762248683984 0.1876540115549781 0.08373326615041132 0.5159696620414999 0.454544662996622 0.01389439898984746 0.03935458969076633 0.09363283573135806 0.04067747992226844 0.1757390673441619 0.5755361511110012 0.4767526199665095 0.9797697328616091 0.07073713401634152 0.8674156321007591 0.5785197821401383
0.8764755457125712 0.05571361035313493 0.09915352142160372 0.8630947177469542 0.5703840264473814 0.5584938010898555 0.01301266794162514 0.6422528041164394 0.8476644814375841 0.9961261910990339 0.4329547907173616 0.3114090460583681 0.4047703249822441 0.228025096311007 0.2260985847335475 0.4336436086651989 0.684539508216859 0.6607372885925005 0.7724901682620344 0.2168146880705238
0.7287063787328217 0.7952538274190902 0.5618128640839037 0.465670689952025 0.1581998718463155 0.04645285104373797 0.4638321477729105 0.6543020802252184 0.2125463165481549 0.3999496048757011 0.4976378845098134 0.954903956652196 0.8774451285810319 0.8740496481285145 0.9966005388399094 0.7734532831404549 0.2030598780598764 0.8398873406651323 0.1662482485360245 0.8890870796898103
0.3385797959346366 0.2879446639067578 0.6062229999118651 0.06061154647401912 0.9070881746034647 0.3810706983653657 0.7899831709021062 0.7105474351529599 0.7041481300073186 0.5326261668903095 0.4666755104451503 0.6453979321350892 0.6915772071461485 0.2358181952782822 0.753808208295097 0.9366171681857524 0.8150976476385567 0.7306096688351293 0.821710938832267 0.00695491753946309
0.1748240466047641 0.3419792015163703 0.7335181339053596 0.9783732891856411 0.732877846676929 0.4789929328281815 0.9210518119248912 0.3776991400644555 0.6416906324889651 0.001504470185431317 0.179359544437937 0.2948387688928866 0.3869897984245252 0.4598205069731719 0.7967187589541168 0.2798455839731026 0.08266158515440902 0.5213701242953557 0.9811519881460986 0.4007584714887198
0.2571910818418502 0.7763414987844015 0.6155835367727537 0.007548336226465446 0.9862051049731199 0.4889185324211149 0.3040218708681137 0.6650770509816946 0.2855607812145312 0.4635439312861933 0.6518210713262587 0.1218820271760754 0.4672231264311034 0.7352057434325322 0.9605180403725312 0.02138949201596518 0.8324792105112068 0.9391460199366686 0.9858178203627183 0.9378316350189041
0.1292514080774897 0.8860201939444051 0.1528621293958289 0.3605163569932077 0.3611619384814453 0.2797853922706043 0.3548042438541301 0.54300156482881 0.07851701665774391 0.3728696711111941 0.5832188810001392 0.1342494099797255 0.2429879452919641 0.3127790825576541 0.0745338511835042 0.8076907953019956 0.2633974728261202 0.4106010091955299 0.4054128659393603 0.3047356362881533
0.1277380469794114 0.8935593740718485 0.6813948478763496 0.2668914619254061 0.09243092687336907 0.123495016085529 0.2764364013653792 0.04904347886550919 0.1451468639570195 0.475029547570342 0.9359794025149381 0.4340689856813111 0.7091404544851396 0.5703050741196372 0.9762441855878246 0.1782112071242017 0.7391050833284443 0.3504066948572232 0.9912121035805693 0.3528117351066002
0.9787831825255726 0.8603714469901419 0.5977366599771147 0.0274479567015824 0.1855320494491072 0.056511775487744 0.7924617615840707 0.07395108395938099 0.7864594356701907 0.02795184903979497 0.2552062530564172 0.2975833866405353 0.5646064903683536 0.5620612439865807 0.8874009646023955 0.6373774400433303 0.1614620303618195 0.02699479292438645 0.7619824979543223 0.535568797816832
0.5786291495500712 0.41410504786636 0.5898150880978024 0.405631378056676 0.4456924054751884 0.5927396360087918 0.4923445105353262 0.05910339095487294 0.9767897079155617 0.8551376400120463 0.3790856278281287 0.5465248427194851 0.9328743266395967 0.3979653417007749 0.9447726993676626 0.03048627618559663 0.7457995222351668 0.7970066110633042 0.1938351126287349 0.1628667752924607
