0 0 0 0 0 0 0 0 0 0 0 0.4771049152852764 0 0 0 0 0 0 0 0
0 0 0 0 0 0 0 0 0 0 0 0.1315578087180144 0 0 0 0 0 0 0 0
0 0 0 0 0 0.04540381754322177 0 0 0 0 0 0 0 0 0 0 0 0 0 0
0 0 0.4022739137270089 0 0 0 0 0 0 0 0 0 0 0 0 0 0 0 0 0
0.4489208587889282 0 0 0 0 0 0 0 0 0 0 0 0 0 0 0 0 0 0 0
0 0 0 0 0 0.5659789985669932 0 0 0 0 0 0 0 0 0 0 0 0 0 0
0 0 0 0 0 0 0 0 0 0 0.7912943582028861 0 0 0 0 0 0 0 0 0
0 0 0 0 0 0 0 0 0 0 0 0.5590666313490232 0 0 0 0 0 0 0 0
0 0 0 0 0 0 0.1557073913609255 0 0 0 0 0 0 0 0 0 0 0 0 0
0 0 0 0 0 0 0 0 0.2125255679554079 0 0 0 0 0 0 0 0 0 0 0
0 0.4218167267283092 0 0 0 0 0 0 0 0 0 0 0 0 0 0 0 0 0 0
0 0 0.4060604473010657 0 0 0 0 0 0 0 0 0 0 0 0 0 0 0 0 0
0 0 0 0 0 0.3195570101059865 0 0 0 0 0 0 0 0 0 0 0 0 0 0
0 0 0 0.5568772405010458 0 0 0 0 0 0 0 0 0 0 0 0 0 0 0 0
0 0 0 0 0 0 0 0 0 0 0 0 0 0 0 0 0.1370862236370787 0 0 0
0.2087206715432897 0 0 0 0 0 0 0 0 0 0 0 0 0 0 0 0 0 0 0
0 0 0 0 0 0 0 0 0 0 0 0 0.7363963546573131 0 0 0 0 0 0 0
0 0 0 0 0 0 0 0 0 0 0 0 0 0 0 0 0.5303774839131519 0 0 0
0 0 0 0 0 0 0 0.4984618131294679 0 0 0 0 0 0 0 0 0 0 0 0
0.4572632419052202 0 0 0 0 0 0 0 0 0 0 0 0 0 0 0 0 0 0 0
0 0 0 0.09216543338950113 0 0 0 0 0 0 0 0 0 0 0 0 0 0 0 0
0 0.1779195138784332 0 0 0 0 0 0 0 0 0 0 0 0 0 0 0 0 0 0
0 0 0 0.02902910535178092 0 0 0 0 0 0 0 0 0 0 0 0 0 0 0 0
0 0 0 0 0 0 0 0 0 0 0 0 0 0 0 0 0 0 0 0.5975598621792504
0 0 0 0 0 0 0 0.08525508957194144 0 0 0 0 0 0 0 0 0 0 0 0
0.6696186835706719 0 0 0 0 0 0 0 0 0 0 0 0 0 0 0 0 0 0 0
0 0 0 0 0 0 0 0 0.1012788876584333 0 0 0 0 0 0 0 0 0 0 0
0 0 0 0.5563603200322705 0 0 0 0 0 0 0 0 0 0 0 0 0 0 0 0
0 0 0 0 0 0 0 0 0.09056544383018736 0 0 0 0 0 0 0 0 0 0 0
0 0 0 0 0 0 0 0.06106476706300169 0 0 0 0 0 0 0 0 0 0 0 0
0 0 0 0 0 0.32784505360246 0 0 0 0 0 0 0 0 0 0 0 0 0 0
0 0 0 0 0 0 0 0 0 0.6755458313326198 0 0 0 0 0 0 0 0 0 0
0 0 0 0.4171870853883199 0 0 0 0 0 0 0 0 0 0 0 0 0 0 0 0
0 0 0.106338386455314 0 0 0 0 0 0 0 0 0 0 0 0 0 0 0 0 0
0 0 0 0 0 0 0 0 0.1364563881502538 0 0 0 0 0 0 0 0 0 0 0
0 0 0 0 0 0 0 0 0 0 0 0.4527769260803735 0 0 0 0 0 0 0 0
0 0 0 0 0 0 0 0 0 0 0 0 0 0 0 0 0 0 0.5558342765415526 0
0 0 0.3409140994029295 0 0 0 0 0 0 0 0 0 0 0 0 0 0 0 0 0
0 0 0 0 0 0 0 0 0.4683478745225559 0 0 0 0 0 0 0 0 0 0 0
0 0 0 0 0 0 0 0 0 0 0 0 0 0.1900454437701246 0 0 0 0 0 0
0 0 0 0 0 0 0 0.6554294480408156 0 0 0 0 0 0 0 0 0 0 0 0
0 0 0 0 0 0 0 0 0 0 0 0 0.6765503742127564 0 0 0 0 0 0 0
0 0 0 0 0 0 0 0 0 0 0.2209538050284705 0 0 0 0 0 0 0 0 0
0 0 0 0 0 0 0 0 0 0 0 0.3404435662629106 0 0 0 0 0 0 0 0
0 0 0 0 0 0 0 0 0 0 0 0 0 0 0 0 0.4266166119896052 0 0 0
0 0 0 0 0 0 0 0 0 0 0 0 0 0 0 0 0.09593629706460868 0 0 0
0 0 0 0.4438115737802805 0 0 0 0 0 0 0 0 0 0 0 0 0 0 0 0
0 0.5339640618250817 0 0 0 0 0 0 0 0 0 0 0 0 0 0 0 0 0 0
0 0 0 0 0 0 0.2002177752736785 0 0 0 0 0 0 0 0 0 0 0 0 0
0 0 0 0 0.00461420551796442 0 0 0 0 0 0 0 0 0 0 0 0 0 0 0
0 0 0 0 0 0 0 0 0 0 0 0 0 0.77032145266332 0 0 0 0 0 0
0 0 0 0 0 0 0.2899114833223416 0 0 0 0 0 0 0 0 0 0 0 0 0
0 0 0 0 0 0 0 0 0 0 0 0 0 0 0 0.5593157430228319 0 0 0 0
0.2362292151407385 0 0 0 0 0 0 0 0 0 0 0 0 0 0 0 0 0 0 0
0 0 0 0 0 0 0 0 0 0 0 0 0 0 0 0 0 0 0 0.8016621076773591
0 0 0 0 0 0 0.5619437807338311 0 0 0 0 0 0 0 0 0 0 0 0 0
0 0 0 0 0 0 0 0 0 0.1775963262786609 0 0 0 0 0 0 0 0 0 0
0 0 0 0 0 0.1570421735173261 0 0 0 0 0 0 0 0 0 0 0 0 0 0
0 0.4338096425567533 0 0 0 0 0 0 0 0 0 0 0 0 0 0 0 0 0 0
0 0 0 0 0 0 0 0 0 0 0 0 0 0 0 0 0 0 0.4361734956960209 0
0 0 0 0 0 0 0 0 0 0 0.1800650782092064 0 0 0 0 0 0 0 0 0
0.1046563734405535 0 0 0 0 0 0 0 0 0 0 0 0 0 0 0 0 0 0 0
0 0 0 0 0.859876386399396 0 0 0 0 0 0 0 0 0 0 0 0 0 0 0
0 0 0 0 0 0 0 0 0 0 0 0 0 0 0 0 0 0 0 0.01612687901019335
0 0 0 0 0 0 0 0 0.3453889797413633 0 0 0 0 0 0 0 0 0 0 0
0 0 0 0 0 0 0 0 0 0 0.4890503092716817 0 0 0 0 0 0 0 0 0
0 0 0 0 0 0 0 0.2508638434260593 0 0 0 0 0 0 0 0 0 0 0 0
0 0 0 0 0 0 0 0 0 0 0 0.03311721270970312 0 0 0 0 0 0 0 0
0 0 0 0 0 0 0 0 0 0 0 0 0 0 0 0 0 0.5859089186126476 0 0
0 0.5471791950016993 0 0 0 0 0 0 0 0 0 0 0 0 0 0 0 0 0 0
0 0 0.06672252066683471 0 0 0 0 0 0 0 0 0 0 0 0 0 0 0 0 0
0 0 0 0 0 0.4971691638408408 0 0 0 0 0 0 0 0 0 0 0 0 0 0
0 0 0 0 0 0 0 0 0 0 0 0 0 0.5718737294672412 0 0 0 0 0 0
0 0 0 0 0 0.337482737243495 0 0 0 0 0 0 0 0 0 0 0 0 0 0
0 0 0 0 0 0 0 0 0 0 0 0 0 0 0 0 0 0 0.1537426097298173 0
0 0 0 0 0 0 0 0 0 0 0 0 0 0 0.6736277444225908 0 0 0 0 0
0 0 0 0 0 0 0 0 0 0 0 0 0 0.2084419017714944 0 0 0 0 0 0
0 0 0.2892110455526429 0 0 0 0 0 0 0 0 0 0 0 0 0 0 0 0 0
0 0 0.4636626479359996 0 0 0 0 0 0 0 0 0 0 0 0 0 0 0 0 0
0 0 0 0 0 0 0 0 0 0 0.2311688070015249 0 0 0 0 0 0 0 0 0
0 0 0 0 0 0 0 0 0 0 0 0.259231861305398 0 0 0 0 0 0 0 0
0 0 0 0 0 0 0 0 0 0 0 0.2308706785061222 0 0 0 0 0 0 0 0
0 0 0 0 0.5104814484583692 0 0 0 0 0 0 0 0 0 0 0 0 0 0 0
0 0 0 0 0 0 0 0 0 0 0 0 0 0 0 0 0.4010275348237313 0 0 0
0 0.1330481074454336 0 0 0 0 0 0 0 0 0 0 0 0 0 0 0 0 0 0
0 0 0 0 0 0 0 0.4360135703032362 0 0 0 0 0 0 0 0 0 0 0 0
0 0 0 0 0 0 0 0 0 0 0 0 0 0 0 0 0 0.8103769117454902 0 0
0.1751276432845476 0 0 0 0 0 0 0 0 0 0 0 0 0 0 0 0 0 0 0
0 0 0 0 0 0 0 0.2406454279456547 0 0 0 0 0 0 0 0 0 0 0 0
0 0 0 0 0 0 0 0 0 0 0 0 0 0 0 0 0 0 0.1572928003715102 0
0 0 0 0 0 0 0 0 0 0 0 0 0 0 0.7390708098309205 0 0 0 0 0
0 0 0 0 0 0 0 0 0 0.7156097921782814 0 0 0 0 0 0 0 0 0 0
0 0 0 0 0 0 0 0 0.760992605417526 0 0 0 0 0 0 0 0 0 0 0
0 0 0 0 0 0 0 0 0 0 0 0 0 0 0 0.8289547029885393 0 0 0 0
0 0 0 0 0 0 0.4730583421050936 0 0 0 0 0 0 0 0 0 0 0 0 0
0 0 0 0 0 0 0 0 0 0 0 0 0 0 0 0 0 0 0.6726240581324722 0
0 0 0 0 0 0 0 0 0 0 0 0 0 0 0 0 0.5898122594861199 0 0 0
0 0 0 0 0 0.2868330263054087 0 0 0 0 0 0 0 0 0 0 0 0 0 0
0 0 0.492628014978819 0 0 0 0 0 0 0 0 0 0 0 0 0 0 0 0 0
0 0 0 0 0 0 0.5586182729174031 0 0 0 0 0 0 0 0 0 0 0 0 0
