0.4372681526388861 0.8632012456746356 0.6802363959759464 0.1894247537883584 0.5840733015546485 0.9440065005304467 0.5074602582835304 0.9674024339684295 0.3662670278015995 0.2907489017202275 0.839850559410055 0.8697251334231622 0.2016662451457522 0.7194519874718599 0.5921065629808115 0.8945115877841634 0.1494457991528414 0.763027182548487 0.6899552684312221 0.7950157844239194 0.4532874933080466 0.2284309181314204 0.286054996005954 0.3043029187013453 0.8402671377836213 0.5371576144810708 0.5635839602910175 0.2841679016130481 0.8341583133911769 0.7049307567282705
0.8781395612990752 0.1315266756423825 0.8495978363040728 0.05211235841962458 0.8771288849977125 0.2397415022072316 0.8856643552449998 0.3793099339363696 0.8429173472450983 0.5396130230174964 0.5641754518407447 0.9840212970814922 0.9637475283048125 0.1143243226593084 0.3641479244127198 0.2505462584583212 0.4482955907170084 0.1263529221663817 0.5115682391051219 0.8655821898741497 0.3523534812619125 0.1556404315223701 0.3072611520917787 0.7428745539959232 0.09127636235284264 0.7355817107232402 0.6139219618958283 0.7402587484394133 0.009049725767383721 0.7204726429554217
0.3205842513415481 0.6329719964136755 0.0538366809236025 0.5564342366455218 0.941598133016749 0.3200857092826654 0.5227366723149471 0.4077113602180464 0.5696532449153624 0.06831864075993743 0.3618802923095094 0.520658964468645 0.08482446549768952 0.4676468295216112 0.7722296784102041 0.4430034101972765 0.3909262921357285 0.2728764632085311 0.05185167392258605 0.7618216676491758 0.4857789072659439 0.1613467011952083 0.06607856053375494 0.7579004614267006 0.5884122520625269 0.5587647814600812 0.2063248847153153 0.5943405910262127 0.9342125737199418 0.7254790536230777
0.5865984731102063 0.8652951689921895 0.9965689461711925 0.8651080897412484 0.1791825368146163 0.6946640925049999 0.2962312282716468 0.05953369487627591 0.1080436563200474 0.7627937776432221 0.7654969604694121 0.3081727716820197 0.7353778827811243 0.8121984030110777 0.2366943252343628 0.0628237302511373 0.6220440689531128 0.9439377634177947 0.3476609637894773 0.4336262647732617 0.2772268038656586 0.6920736559979308 0.1835949544928429 0.7321125539479336 0.750295369465304 0.4550716094385795 0.7540281759798863 0.1550107981943643 0.6605188937746085 0.2939112986307268
0.4447639083627835 0.8318974486816986 0.9005117731906158 0.318277757182466 0.1790820168404911 0.4587413472309088 0.6789809335383882 0.414421162986482 0.05651935509139339 0.8540270110679247 0.8856219085188352 0.888237760139903 0.4771966465839834 0.7799670136275508 0.3992193213317781 0.266255324504438 0.2710856518753573 0.6471891787778047 0.04025540391379612 0.3844139145349698 0.6829276670149604 0.6936363096727493 0.8700864875082074 0.7815463993013263 0.1764513054902193 0.240524011415837 0.9432231833285726 0.6653632326054526 0.2645872766328218 0.1701244744666462
0.1480343992880202 0.9099691189537396 0.7761598846343321 0.2880678100378886 0.7472521863850478 0.8625645648951719 0.6136758643408921 0.9394965816601351 0.605609131243537 0.102287370452975 0.9893840985510547 0.9868155988241668 0.9007511246513878 0.731792616301789 0.9636199666556592 0.994309621818079 0.02075815406427806 0.1643292068114658 0.8847136230688427 0.1166654834651069 0.4546625381006424 0.831346837723506 0.694240662190999 0.6952562825172441 0.5786597265216702 0.08383084695768273 0.2677377137599485 0.7632495910437403 0.8740036010333703 0.4992231767395388
0.5786405665389719 0.6270826687270853 0.3851156684901741 0.5195682853836227 0.39181628424737 0.2528184171411649 0.5703046216771847 0.9283271088354101 0.1674076229629289 0.7608826738992962 0.4225237974981381 0.5906805831633479 0.5982094328985703 0.01608087611532794 0.796671351107351 0.04765157069332104 0.06942598905968933 0.4580276106052042 0.7633602438693028 0.864040212993951 0.7079274706565674 0.948017217756267 0.04699359582705664 0.8739888928988405 0.8079848703343491 0.04048856051664296 0.8207603211621884 0.5213526009448098 0.6460526061851638 0.525532781180034
0.770141428009405 0.4424481876789325 0.1066014124309226 0.7648969651417727 0.6856166269173501 0.7865165584977463 0.8243425341771152 0.6645874547259285 0.4515257944754199 0.41282188214939 0.4181265981259769 0.6121838642252089 0.2935821074382389 0.893662710969841 0.6977810746265278 0.4270480941778715 0.4651675574862868 0.4946286343827063 0.05205704894733987 0.2821767494862436 0.08767691946819145 0.4258112816650828 0.8225549305568123 0.9583441499704872 0.5364913945180284 0.3616480507924106 0.7964992354085698 0.9540379982085521 0.4939518325443375 0.215360352399554
0.579631986410803 0.139337919138372 0.7963781216340121 0.6743945106994327 0.7830901487470074 0.6630480359061843 0.06930348571767408 0.3836814501284154 0.08358344982493149 0.9098359324595081 0.9608744400722711 0.8700174304845105 0.2911809311748813 0.3042702307835086 0.6314951364278304 0.8637201016966318 0.7060314117156242 0.2713250614102241 0.5007088082803884 0.7952663588214224 0.6041817302632296 0.3858807406271493 0.7454605927652009 0.1369374080221688 0.9932459005191174 0.08394226373545777 0.7926256761204321 0.229865458470202 0.3790347769556738 0.1463620073363037
0.3735217076317687 0.02542121257144359 0.7843969654825659 0.3403350146843725 0.3464193056713954 0.6572564284503439 0.9803854125032107 0.4975703095743796 0.4001315142355295 0.1158619825137996 0.2145353216170146 0.3164678920847652 0.7824404391932682 0.7927166448987595 0.7751228342470052 0.6746638682713744 0.05045973958001015 0.05537602440762468 0.414469154039278 0.0499446067220799 0.195695695287099 0.01492746763076958 0.8124376411547968 0.3347682893377399 0.2644070344591447 0.01991395307599786 0.03127672090248268 0.08675079862351065 0.4730929466058087 0.07672607413255617
0.5781838477778525 0.6910305593920195 0.6746589562922732 0.02268376890063473 0.9278338751964332 0.03708435130908239 0.1824816744389048 0.6008214624847528 0.7643509738558905 0.2319059754784596 0.8023057629577969 0.9542026653538805 0.4928241530958246 0.5627898618575966 0.3865407130450131 0.2793324231782626 0.1952597805456352 0.556032908836256 0.7987680286728773 0.875672024313812 0.03933493620086415 0.4426966821507843 0.5008877605064017 0.9747047024532185 0.2918398992132735 0.8474268783113724 0.8503251225338829 0.3945718729596589 0.6288007974533797 0.4150510807026275
0.9128833217441716 0.8922783313938686 0.06076735595804617 0.02495330063347223 0.7092486868518447 0.0311419010535926 0.9400210788978919 0.8669872924269909 0.5786637771836179 0.8222399382591169 0.6172276417522594 0.5136776822489254 0.7004578352876077 0.3328858303082941 0.7495673237393456 0.1610072650299537 0.0753161402226814 0.07616094141977092 0.01468510621501118 0.9690245096919077 0.7360692931471183 0.1681899199312358 0.3348932758431422 0.6223607534220332 0.8491303009206209 0.6103918527928167 0.6383653827215178 0.1913775100212327 0.9325566583045135 0.6582189373533491
0.05298639393223981 0.9440730415782838 0.1019548136234879 0.5823098271681464 0.1931643177870687 0.01568225906918874 0.1489767092728925 0.663287522165123 0.6582554374288696 0.6028933587347766 0.6562403404382602 0.9040322699330269 0.2560669416159301 0.9162930968357583 0.2627731261676473 0.5265088236665662 0.5556831676851008 0.6677560951497742 0.208830839569333 0.699438035236725 0.8908346140537864 0.6853129482169168 0.673501070854165 0.5725359175518312 0.9075538035005113 0.60397208572897 0.4463996217683722 0.3991345346054886 0.07074655154800358 0.9481572646443437
0.09649925428260453 0.6887367098139483 0.328669556562865 0.2607325978795548 0.8340910856697153 0.320149800642092 0.602196908454968 0.7934036759885071 0.9112906090098597 0.2699152767295416 0.752568635571103 0.7578668455160052 0.5011904436337066 0.145502841235065 0.3954707255549486 0.1377407238030784 0.5873486765585741 0.221908236599183 0.6791563522694763 0.4716079390541392 0.9136693258867599 0.1718311708477809 0.5344184120599037 0.8625825993359267 0.9945607893457441 0.7183367605439916 0.2563507550150266 0.3488134465372306 0.4209518983893945 0.6228903585638816
0.9253251005680233 0.8040576807201593 0.01840978329377552 0.3492769942999392 0.4664534567604566 0.213003787552163 0.02292032872864236 0.7510082847435278 0.6907128452635363 0.1127965931538389 0.1295561619645572 0.2794658808057683 0.2554133170811725 0.4635197226798871 0.4212268654152771 0.5843518950103926 0.6535531717476737 0.1987370969165954 0.5101682585706568 0.566012992260875 0.3899885797214722 0.8486038517812524 0.6069709154188357 0.520376267766651 0.7363748750851089 0.4350003701132017 0.6206626478370658 0.3558885504672715 0.8847498590941607 0.9399812224437845
0.1550893941781573 0.6115870076837433 0.5549530925618095 0.08122209974519468 0.9585695401957656 0.5013833950603124 0.4998914792095386 0.5444170306980659 0.6879023040182268 0.6771329879629209 0.3487004278458262 0.2131099715649364 0.6076847897734298 0.7741147317973058 0.6173208585407255 0.4666152904198659 0.2752635276549329 0.1057381699986421 0.3906132941110118 0.6922433588118945 0.0483484437982693 0.5650797141842409 0.05593663130802962 0.1410255335653079 0.5057109473481876 0.9501251207423236 0.00809394213571335 0.3833028251175725 0.1401526874495209 0.9144922246771787
0.3774747695963965 0.7200494705299308 0.5379326207019716 0.4351565174345037 0.1090336171155573 0.8706415127901361 0.1626594178462385 0.7588420495194359 0.6356855992737634 0.4582213610648036 0.0515279388343326 0.3072925547573865 0.5292337361781636 0.4687560515416405 0.6271793990294697 0.3089605021963042 0.8977595893792806 0.9544268170096072 0.4202048530929864 0.7073724858993311 0.573237557693589 0.5720183226428848 0.2477835058121213 0.710733317845767 0.3233528284737635 0.9031191349651434 0.9242364080480108 0.02734563506022314 0.599285938022783 0.2632793594357217
0.4613547110486304 0.3315552387637419 0.8931264169442603 0.2089985888592012 0.1808894548158576 0.07159580931071108 0.9988046201233773 0.2055391416313933 0.5089986726933707 0.2342386172326988 0.336864069419235 0.4236460229551622 0.353066327609702 0.9715386500192773 0.00137031762363371 0.9677828506787262 0.3472809299836018 0.186881267634758 0.254281099444765 0.3622137488926229 0.1429463835100655 0.7269624239258344 0.3859948246468777 0.363266282405475 0.2239352555471598 0.2600291563734193 0.5460715101370474 0.361033962572001 0.02219304858870708 0.3020831388151083
0.7359072221057251 0.6710781988616527 0.6167315661992062 0.1708121691291775 0.7063268353763845 0.1099196397763226 0.8627393931189714 0.8011851036935267 0.3807635448555242 0.4504427397075704 0.9037591096906072 0.4607587587455697 0.9187964562630467 0.9804428546829809 0.4028095330552364 0.7450813821223942 0.8525095204345667 0.6843622147966396 0.1591796631306275 0.7903543109010337 0.9704095763086664 0.8433396239099296 0.1332624291469836 0.7252106233040385 0.315610683335925 0.5344990574126928 0.3512955131261637 0.9595736167657377 0.01702848077601016 0.7306336617137393
0.551579844681552 0.3911554440352554 0.8565041195239472 0.03425322831467559 0.7275257773475599 0.3644528537073145 0.314763293866147 0.8527254504122875 0.2744630314240579 0.9225088474392253 0.3395331833104996 0.2555886339697574 0.6900291040980334 0.8698152465603034 0.6577525694400063 0.02755673568107708 0.2092692288510363 0.2870744818192863 0.2741010013483325 0.9223347999194106 0.8351664600807517 0.6913888036826621 0.3682530954180367 0.07058150256839779 0.127767164116831 0.7299931326541521 0.7573237630805307 0.1258922502756777 0.1439242390967109 0.250439376848648
0.7966397288226004 0.2167612553149636 0.03685473268892481 0.8212847218809515 0.9888421025633305 0.4643405933514301 0.6614424174603387 0.2823910767317716 0.4605352746441198 0.4687100184403113 0.3247213117231096 0.8106264010128366 0.937345083478119 0.508812835975236 0.4716388331704813 0.5158477219466986 0.7574636230444108 0.5407064222375032 0.4696441829662421 0.1609965391987551 0.2888849307528429 0.8710267670217317 0.7868381854753422 0.9295262854654354 0.01808713806633555 0.4905710733054913 0.53086522367045 0.03365723881619831 0.7238051634000755 0.6955256377005602
0.6485235847831259 0.8958178057048904 0.5641930002333498 0.8691465674708797 0.226244497729835 0.8603962526356258 0.3648376627688693 0.7424081562032481 0.4685937301770592 0.9400825167756253 0.4744026493592333 0.8560592098589122 0.005021797239652126 0.8831921063722592 0.264836996194848 0.6867225749118102 0.8374571697081525 0.8604338089907704 0.3194513924321359 0.435295465295551 0.5090716440886448 0.6136745469962936 0.009161859281575646 0.3744353103875157 0.2801445906753792 0.2999598008388511 0.5228698564002572 0.318679595683565 0.5425619305476803 0.1793425915699357
0.3584121098178772 0.002492861587837125 0.02086496770855573 0.4537851659703485 0.05589809068230411 0.435001938702452 0.2873930333020327 0.1975318088446104 0.4203007728283188 0.2071087371298959 0.5728463706686462 0.1404411887073078 0.01663251260214926 0.803898622020068 0.3933914815966317 0.2486873956710687 0.8077280066423966 0.7107195691786354 0.6211529916099943 0.3446449557698424 0.6527348327052928 0.5152669500204691 0.8696060437069704 0.3533484084184995 0.1987233937182431 0.5978292103549406 0.9076013976397139 0.6233172839743037 0.8010526820539835 0.8180312147482136
0.7329565089637685 0.03718759488427459 0.1908969488374714 0.1725028056558371 0.8330863548042877 0.4947807618977887 0.7895079826814835 0.7069484797122862 0.8246837985678089 0.2408466993778486 0.5790266306669276 0.5776183017673304 0.7015655132494922 0.6034323877968109 0.2679701246608893 0.9339729214312831 0.249934907847002 0.3858982845270045 0.5341142738837672 0.807350878447844 0.5939622223315547 0.7841015939543337 0.02210724339758241 0.3693824811999107 0.4885618718659305 0.2588567479438638 0.5147847204566774 0.3832322325786237 0.9348324469413731 0.5278116993606131
0.4471372899868558 0.5885686303774014 0.6140170224245857 0.8057771575765568 0.5313472637236927 0.555845012531777 0.4742986408986755 0.9247173976338062 0.6450506434171852 0.8753107924753876 0.6939840515508607 0.4391727403958967 0.6354958611769375 0.1553570556171349 0.1946699047388004 0.6880500673719192 0.02867745457201809 0.7073707344180131 0.6845975033040609 0.2769947903818202 0.1130154831557318 0.2164074492920531 0.6705833787382838 0.8453369048976332 0.1075209848803899 0.06108746994312997 0.3842793930204271 0.5681049559816683 0.6366116051959141 0.1987982802403038
0.8415638553478277 0.1302111600192297 0.9329142841287408 0.8710684771412222 0.9297975283457188 0.1570339500285372 0.7559930956058616 0.5626344921171699 0.4391331060036795 0.3038732307396972 0.5253049968141581 0.3662083489498134 0.6023870539666129 0.4531574833688609 0.7224550129230656 0.2497713239736643 0.0840384531312458 0.2082236363019047 0.8990273787410059 0.6266372981526204 0.543631344868887 0.9279092767789597 0.8819434504480111 0.7378326611320405 0.2610951997559222 0.6035772512555067 0.4976021400446726 0.9711102734169486 0.07157196686619571 0.7420465056476834
0.9264701842533932 0.6517356566210931 0.9304203355226558 0.4553665350163897 0.1108712321174387 0.9579374210763208 0.10449455720482 0.009946327159791601 0.4543514877527974 0.1560623037121692 0.956160248315411 0.02818874321969778 0.9369931948829795 0.05904650893560515 0.2672062433008712 0.6786420809173314 0.8723491048546776 0.09238754145936334 0.6864365243737761 0.9971895988742812 0.8377024411380379 0.3621858493978167 0.3394175173310443 0.4495036945701983 0.03398671463746161 0.1556067653500702 0.2856474139364149 0.1594151573563528 0.8647271678628162 0.5728679796155559
0.3174508588205975 0.5876421369047721 0.5461935603282095 0.2540630604451751 0.9812568181540632 0.4512234798269754 0.2899651645645457 0.6920984689155704 0.7654182788179712 0.5189484918542713 0.2178495529497237 0.8467459332009614 0.8688119201552745 0.6649556123157194 0.2273631256839426 0.10605665629899 0.1719575349134235 0.7114716459520023 0.02809873504839888 0.0237511214950441 0.7343970372018369 0.6339338186104749 0.07706465853848554 0.5910068387750275 0.7924638281239617 0.2454436319800527 0.2858343595105232 0.1307658221549575 0.3436177409200446 0.3714394051612507
0.9438225335251211 0.7418655292772739 0.3850905253508357 0.9121811879077323 0.8855005263577276 0.9862884093005387 0.5282248822098057 0.2925248306851094 0.1183958985966397 0.1141749171859525 0.7368699981303717 0.2846138970188129 0.6140305754156854 0.08896437331556595 0.9407964030158831 0.3953285395933224 0.02439507137012953 0.5036478094033845 0.06973357419558146 0.813071489527468 0.9048692942283235 0.2815057422538237 0.287515936239372 0.9772341525643603 0.6086591032198949 0.5412126310297177 0.4946295272891981 0.1156096930785805 0.7836277227381934 0.7448731585763533
0.4284955379784442 0.6634865636058497 0.7958726555477742 0.2945789083429178 0.7477873623248321 0.8528366227417343 0.4569886329647554 0.4404533812358515 0.2510770383051464 0.5103156634568281 0.04526156410312776 0.4962705181426502 0.7314973879354982 0.5217838462547536 0.7096690343003843 0.51326218650183 0.3026720544870167 0.3679795807088736 0.2038013313742318 0.3044105803815695 0.9466768137697233 0.3017551907416366 0.3891406331000064 0.1887027758966414 0.3197387162695866 0.6717325776018249 0.402405248839391 0.3596359657401216 0.01967350087450015 0.7537270941421986
0.4999516966962032 0.3719415799539839 0.02079247028913533 0.9700571233992022 0.3591289373854375 0.496587384625872 0.6175821738934502 0.3411149335144877 0.9451313238153026 0.02792887538533484 0.7780479447219866 0.8553393282985592 0.8609353971373359 0.3628567374383089 0.6353709177169179 0.414451829541628 0.607855119519355 0.6621948821225954 0.7818618954858356 0.2222362478522732 0.749688286320764 0.181700473422454 0.6478175349119881 0.6408516320184352 0.07392105851311648 0.4440281376055556 0.8566542247675991 0.8131012869619276 0.2477025667740805 0.679008509706
0.3084697995731568 0.0332841256016857 0.4308770726166387 0.5589784388413284 0.300331136704828 0.5435451385593469 0.4648414522176909 0.7795094727698251 0.7066295475440927 0.8579907174730009 0.4409160291698337 0.7022600167962251 0.6985796778833465 0.4479736719947212 0.9901356369179396 0.4638957621493522 0.01080492420390877 0.5615992279270307 0.587579626475917 0.432940508879506 0.3145898297422086 0.4105490602878686 0.1533515424747667 0.4454855112375434 0.3232078188021383 0.7317248263658618 0.3855689093892902 0.8741144042061141 0.8637277425360964 0.7384502372705294
0.9798871136393238 0.5592575822328589 0.5767978907317898 0.5096881141868899 0.5267785466031187 0.2478599197411921 0.5550322981771526 0.5560465639697395 0.07157301217603551 0.1860467124802595 0.08728207912799746 0.6075977181670881 0.4842453287911146 0.1583973428735936 0.2727121204056145 0.0735608000568907 0.5831202277597909 0.5266539684188847 0.7015382209290218 0.5629503663663671 0.6871009798861076 0.02023026301307096 0.5091782917984197 0.8089860897173329 0.5237541109029119 0.5650912537708749 0.9699671253150631 0.5782385413445292 0.6644643391818635 0.4171443959725364
0.9875421825301908 0.2314718887384261 0.7485145262974688 0.9913861280542242 0.3559653945983575 0.425218822863477 0.9313782964725013 0.4589655979510339 0.8264721043333668 0.7449739079806659 0.1266160957849233 0.494081281575814 0.6616182231992461 0.7091488806917425 0.5027014135730431 0.600346053012222 0.8959982686414786 0.5085430287093 0.8062451602794527 0.745233204088769 0.001115104353981544 0.6996289546064763 0.387303547934123 0.7752587375843839 0.2186816042853246 0.3920334775423174 0.7781002948479674 0.3118116531810449 0.462840681178786 0.8247207866311047
0.9561791545812303 0.8662687924184873 0.5298878387238086 0.7973379811646079 0.1164944365325083 0.4848136012848545 0.3650252440165281 0.2048251419934022 0.2194334712666054 0.1108102760674663 0.5674963570848213 0.5218772819337134 0.4581344851053843 0.94645721752467 0.5256134723415853 0.6524832712586611 0.02401921434875598 0.122642829361498 0.2783195753382719 0.6741905255036877 0.5088213663025584 0.961205413807635 0.3222779484120659 0.3368211148771918 0.2840705938123987 0.6557543917971745 0.9899072482993686 0.7275394572734277 0.4198907672339134 0.2432306961441837
0.8040405333238873 0.7088761919335212 0.1002928026747198 0.8214872695083758 0.3951778662349401 0.9322962044273291 0.8705774274187801 0.8906975833202136 0.2400145105959972 0.01178403245117776 0.2556739171026616 0.6421314774551545 0.4715179576148585 0.45531447314047 0.5853596123966278 0.4313216257466339 0.7224511965425554 0.3814682510426739 0.7326719786775564 0.7475904277505334 0.9587525998425879 0.3872178627289448 0.4805790315810633 0.9314435936352549 0.916632628113911 0.9781242944032094 0.547787320622822 0.3273825530016937 0.20872299334407 0.2471901930667501
0.6363769340071012 0.7214709812160267 0.1456525983572591 0.4722863346123476 0.6025964208941922 0.01852557801747645 0.2578403426545162 0.9039146502054414 0.3579310567389189 0.7754469779798725 0.6395818287483032 0.1971493930276575 0.5423775601797763 0.6917016730622415 0.7155678222752362 0.8576844823629926 0.8639081498770247 0.9983577614803976 0.8812032535742608 0.3493756226518864 0.2501148601549127 0.001581175852270245 0.2148284773871821 0.3534072758521636 0.007702588630178364 0.136244535620317 0.3696924426595268 0.3523283773364924 0.1259727711122307 0.870054603492602
0.6404370428139281 0.4578740352526286 0.4775806664818952 0.7789138278571782 0.8228520711672499 0.6032756085118854 0.2071161004681137 0.6281517991059067 0.9368012906702227 0.9104983125778042 0.5037714723719138 0.5151592350704769 0.2631051319662771 0.6968704219035445 0.8592733411978487 0.9947333966276729 0.1767196972574168 0.873873334670987 0.4963372396295669 0.188504094193726 0.2225078176819097 0.5130886098945648 0.7811490457321988 0.103578659214242 0.7636165587431391 0.4359190624385632 0.504731641829082 0.2188026244880804 0.9731340422574714 0.3355539726078767
0.6054087128525443 0.002108690264385871 0.5465503784710678 0.9319081068482713 0.4778232688656461 0.08543438199864939 0.6160686719801148 0.6297187029456789 0.7549048832187478 0.3530806448103173 0.7752887166830312 0.01029288012136387 0.890715195698466 0.06348853124980036 0.4658168715035513 0.05415382247356382 0.1485850212985028 0.1428237954638164 0.05183919208331056 0.2443762658105033 0.3645927031746629 0.4588057381076652 0.6345307848618278 4.71291844115207e-05 0.6699448889998404 0.08608345157961184 0.02640386547417461 0.7269793054997727 0.2985856854215402 0.7272881032684542
0.3159318462720078 0.6213068846576066 0.3474025213466608 0.2548281962146209 0.8010964893843966 0.5552344476209969 0.6322598470229204 0.5819885811915096 0.6603841441536593 0.6251252233672709 0.2078905031788898 0.9699972775961244 0.2175071891711569 0.3060840292383309 0.7496413884120116 0.05345151277982962 0.7111144219455655 0.6716706972035832 0.01347402368446937 0.7511475417130857 0.8276986594913016 0.478571112401741 0.001439238416906186 0.1048733244097659 0.7742413364126092 0.7394419880657211 0.5110140919943481 0.8606831063589554 0.2495888911297862 0.1470340586004625
0.04014846363550628 0.7630739891007594 0.8016835495846029 0.3016795445857792 0.1532395131040796 0.4439050132587227 0.7956054566201149 0.004457926239147758 0.7785237850703394 0.5871563680582275 0.4595015354174604 0.5479837315752041 0.2649186239403979 0.1076071742859349 0.1400091636261453 0.3539098947656374 0.3570110216665916 0.07777387155863502 0.2031456487560607 0.5212365131472909 0.8838268692167663 0.111180420704565 0.9640987893790052 0.92290799139308 0.3927825067263465 0.9943487225136541 0.1229821920454135 0.2762534974387303 0.8953535977989847 0.1967606183152251
0.4773650356748721 0.1485635350453975 0.5323267927174349 0.08175642156786589 0.4039471533417883 0.8312872172964972 0.7753095519942009 0.2329716132568777 0.6089976651787943 0.1354296566032447 0.9181690735268488 0.9735847978808709 0.8094586078849142 0.3870419354757708 0.4183213282438902 0.4638546343470135 0.03712152221883891 0.3429528500507074 0.9277095643767281 0.01578793287916547 0.8971018298044011 0.3876615981455157 0.3102690121886714 0.613858889341473 0.7723503714791371 0.111826817206257 0.8923027362164504 0.8143219065749138 0.7650200694352463 0.2445375320468463
0.2601495921696679 0.07171676503826763 0.1060034642735805 0.3342327716458963 0.4389556155412172 0.9515266770986672 0.3477190159192504 0.5762677958513933 0.06888573516194452 0.3583625099185415 0.1198597569902313 0.8724066251124764 0.4750456130377155 0.7399771112336163 0.125435713189472 0.7008561380082434 0.9830522010708108 0.2380804572732731 0.540705289185419 0.07944099088610701 0.8776518627687444 0.02209384425038097 0.0249633891848452 0.2628844001684499 0.02261667914382803 0.1145903198267778 0.4272936118015579 0.9509564906960176 0.762483733920754 0.4842763457544493
0.3763491275085888 0.2874486932218829 0.4129416200519391 0.08458598884336588 0.5592062206578836 0.9611430020108925 0.7882050715258713 0.3395492736847248 0.4342273163377746 0.5101134880180842 0.7423808180609563 0.09725143081079601 0.4530196163057776 0.129327182063376 0.6063280065769462 0.4004770572528379 0.3856702582045389 0.1332786274923258 0.5108390975988087 0.3412913835649367 0.3220922370971329 0.2871592366593086 0.8482199593609838 0.05425329239023724 0.9309343149816887 0.9265646302143865 0.5809167494435723 0.8278904902045754 0.6762488935472416 0.0679460083447373
0.5869276504558512 0.1634997211065023 0.3827258927710379 0.1110151697384366 0.05152520536751859 0.2196736733982183 0.08353512194837853 0.917394592278117 0.8741701424287961 0.8369207981235383 0.5019429034672812 0.9249962831381621 0.4242140456294279 0.2151159909384842 0.3433192934333762 0.4476771126817296 0.4066755646720674 0.6829902664157292 0.4918517900683534 0.7339358385708701 0.9898193125905626 0.1330655458586213 0.7653539281545709 0.4278787787363521 0.6110965009073235 0.2559789691863145 0.8940455588297255 0.5233456779150035 0.34909745796701 0.4518765064956956
0.6563924779771431 0.6277134945429244 0.9959652927720722 0.7320575539384424 0.01507041534367393 0.4163641578747442 0.6861592937623179 0.9338269564024752 0.1338942184265647 0.8416814995548513 0.2355985456936088 0.7845304157036037 0.8335004658866183 0.4161076859845821 0.3203312777857265 0.6946646219361826 0.3598577877379781 0.9669419881418222 0.1757039941628313 0.9223576311986986 0.3809957433630601 0.5396422017360657 0.0631639330043865 0.7264142928143621 0.9994551539785282 0.5982508436118841 0.8033799228977029 0.5240220702672258 0.4141357165616236 0.3738549709344317
0.1054303576268936 0.4335801891132942 0.9537482805057546 0.5070392883289184 0.8417740375672115 0.155606836229495 0.6324470978539962 0.6410745784570447 0.4071664660674038 0.2640780815525434 0.4688392358469717 0.6628905308914543 0.863394576111788 0.1964943627904465 0.372268168380227 0.06967949963316666 0.5832126096781393 0.6299605072958432 0.5097192471651284 0.8140757057466651 0.4552155617347924 0.1445677334762853 0.5340684651546551 0.206663587417472 0.3510409124138817 0.4995056532101423 0.7227454250223202 0.7743134887079469 0.7208474173051309 0.1122367787004364
0.8686302181722676 0.8278759228062491 0.7302382206593552 0.1561169949232128 0.09892579783217081 0.868526605826098 0.3278726382682269 0.2637574974127923 0.4944981334320788 0.05822771717915909 0.02301817454483812 0.8719049192590752 0.8434249648892791 0.9702293563943477 0.1594321791011214 0.3939483214837715 0.6681947893729095 0.2340609966070516 0.5256229466736095 0.5040466839515008 0.300519048070384 0.7664754567383575 0.5831782887851436 0.03918692576099014 0.9149621386522453 0.5153442596965786 0.8291921844765895 0.03389538336961861 0.8316860281402942 0.8924258942536696
0.7913140576415809 0.8638585435926671 0.656517689731376 0.3039587060680427 0.4453842401215822 0.6388768694369079 0.699190649524052 0.4031160089179244 0.158567952508696 0.2453127596477892 0.6638284324179683 0.8238075594348285 0.5891502614558124 0.4917845164591317 0.2736335758867612 0.06164548319207641 0.2853877526718044 0.264175144077668 0.9709301269830957 0.05328982677059313 0.2350510484682564 0.6432221210707746 0.1558400067674284 0.9983892121150881 0.3239399944220043 0.06597042741147108 0.04253200859511053 0.9601118058406125 0.6477218135249592 0.5732584545185546
0.6811707464202945 0.896205330206314 0.7393602460548344 0.5944867178540717 0.8036599988396009 0.124393188843944 0.7165200115098929 0.6523275988379119 0.8253654522370552 0.3317983663527265 0.9775772859415193 0.2922017493799898 0.1563865303290517 0.8663527214126998 0.3506494850255875 0.0003934503106016729 0.839770964300652 0.903164771809382 0.8249976385559493 0.1639366739424791 0.7975863327327137 0.7646240503280777 0.3183849542695806 0.4543334237293843 0.9506270127429614 0.1756771802526857 0.7274731977045124 0.1655052936897762 0.6238207759372082 0.7509688269448639
0.8066380602104802 0.3087689401043643 0.4300337823274749 0.5707492199253489 0.2843436974815777 0.1364712047300687 0.7261829887292689 0.5412122627180357 0.1752010455769595 0.3765746190661605 0.6591098822908067 0.0825194091152972 0.5530406478225718 0.7651579305851546 0.8668756105212602 0.5422600758162475 0.2563117603743668 0.9269716677410476 0.6584319114815833 0.5795390519969379 0.9174249347086655 0.08783060942609056 0.09940830806428491 0.7734557584058874 0.6657895692739616 0.3613925526729316 0.6447481781010004 0.4608560773510935 0.02603419604394885 0.01016164045637002
0.8303972439677674 0.5311853462879373 0.9453927624773305 0.9388541051982969 0.8953304125638676 0.475066786742387 0.5568530048180689 0.8661756292713115 0.08273959428209776 0.04688022799737779 0.3090161897955033 0.2499561170866695 0.6128997884377048 0.5670713455714532 0.8690847532268956 0.9060502954231212 0.7248266472419577 0.4822633365963065 0.4662355773399411 0.334731272577543 0.06627152029392314 0.1542325624612952 0.409224826677777 0.04087027210905081 0.9575434403091739 0.7396224545513498 0.794886342093875 0.05883469867871183 0.3269173896749406 0.03489947817158878
0.20013633761552 0.04314336931621932 0.8677609372468703 0.06345137924939248 0.920444101511972 0.4899977881277708 0.05741552788554039 0.9743838729245872 0.2323186021854194 0.7529895741667805 0.4733324587421708 0.404839849109061 0.9868614037940322 0.5535704770165274 0.9463286875309069 0.7349406644668571 0.07939820043473422 0.7615913296451798 0.6344341062433368 0.3823031861644999 0.1525974006253026 0.33247710540758 0.2286608121148372 0.9553044401383594 0.6871017494768414 0.9615403052926955 0.2644831076106339 0.8699131111230166 0.316813453648763 0.9154928449734934
0.7902331277355503 0.00986512830445474 0.6481005253038183 0.441488432720488 0.4896779156635283 0.1812532374417911 0.8630001700570623 0.2470585997981223 0.03058864413308038 0.5713111840602729 0.1228180885365368 0.1621159314962709 0.4504926937970315 0.0451789839046608 0.2184300670601058 0.2417938122696698 0.3873954978775616 0.07721821019768638 0.1885182157187154 0.8087875050255705 0.8513495467363936 0.1900316075985866 0.8564115814688407 0.9436094761710082 0.4885327419832834 0.8575452407750113 0.9774768846571016 0.3412737410296512 0.1133928535024977 0.561279685260345
0.5754608999481504 0.4443031933905988 0.7671778428219337 0.4894891695313819 0.0872186536516939 0.4168543638359739 0.440232022697757 0.8868282799501206 0.859341587044863 0.03817099330070661 0.695934034873455 0.9586560862449336 0.3816444789532658 0.664753894790202 0.2105163269401046 0.4896705482119994 0.2942354583597739 0.9660783000366712 0.693788665085823 0.840833423524954 0.7143069465005706 0.9880175432040804 0.8728969375748652 0.7767801264243337 0.7473613276015153 0.6839866293336883 0.4622210876471615 0.1329825778593603 0.4195666145465002 0.9167772895435961
0.8286625206147974 0.8584520707287703 0.9815443000806421 0.3182554066166273 0.8197162759123385 0.5921312457750855 0.03726342237091884 0.7783017602151155 0.2583891105600591 0.809516170983018 0.5139375242253081 0.8045023545087844 0.6183303295452883 0.460996339800511 0.8418291736046118 0.8681388877046474 0.03484487417146565 0.2803667445879449 0.9487603658722077 0.7791083530906804 0.4589799281990801 0.1232342831247133 0.6409946971543204 0.7364281466603638 0.5525634569657669 0.5624075044139232 0.943658721964589 0.250347966979558 0.2354449193165681 0.8978134918447185
0.9891706738274075 0.4509841658344811 0.9661565830972842 0.9362784238822222 0.6361107689547389 0.1358735865835354 0.6406867659892624 0.5179967856126745 0.5824426079375259 0.1253971134142522 0.4264393708242417 0.1389459766518925 0.8309556152839497 0.09149254692175368 0.1725614212799481 0.2874397256976563 0.753324060941057 0.3194163917186523 0.07807653411958804 0.5115365703971301 0.5001964567975831 0.002249648093628043 0.3929181303526176 0.6837530363927706 0.3694048061904732 0.2167587478984672 0.2434969328712603 0.05190846210484534 0.3047476976833527 0.7901601534528483
0.8181133783921036 0.998718815961527 0.4849651329507139 0.9212204022965144 0.9178558482362023 0.7126856393977123 0.2379087351261688 0.628922689782397 0.6632639044609163 0.04386043708733078 0.4702745613256223 0.4705753314570413 0.8810488864093241 0.2067869801061982 0.3185405975916848 0.9752011350142477 0.1192011912641151 0.2355959116480492 0.5970645244652678 0.6790823476890512 0.7576993412506169 0.1610643044153336 0.6708417069415102 0.4784500371556114 0.4857605631972269 0.6298812104794611 0.5772432082748699 0.3429614878788774 0.8708115602285915 0.02420075756249263
0.9746141763029736 0.09603480242425722 0.2310436257722597 0.8417717330169581 0.004858951001893264 0.4680882469301104 0.7569832851725248 0.7956747391125272 0.7536205642986302 0.1351233831851697 0.7363126387365622 0.5312556237966949 0.1844460303517624 0.1735322621605783 0.1100162097475276 0.3055479560150336 0.6274349858188266 0.3716174833015153 0.07290225722800314 0.5754218466904418 0.8011761891235126 0.739052524631221 0.1320766073087175 0.6636614823811789 0.05953991952529403 0.561847071829211 0.8193635915429256 0.09973533409116653 0.2530647209655473 0.3993312555504102
0.161807083803581 0.7593513032014265 0.05471609122357135 0.5165810128388478 0.0394512324203351 0.005108890406583466 0.5160321838180491 0.1382990844064643 0.3078204994210858 0.1235020772577862 0.7256670344560777 0.7304658735617697 0.9211071560394831 0.003478351983924099 0.3723452095463644 0.3234820515482945 0.1050701511854325 0.08316194438633118 0.6798131878918618 0.0827667313943572 0.2216084689910255 0.7040539467971118 0.4647993206763688 0.02202575743147661 0.9409486824996112 0.1057313249758365 0.7061750153082716 0.01890805149411923 0.9295508245790003 0.4783312367367284
0.008036492288904351 0.9879481334350952 0.6545351178673143 0.8219839401882247 0.1068865291982145 0.3442777420746467 0.2020259667091678 0.6510429085273991 0.4986657305536536 0.5206845518151241 0.5290863485373658 0.2340630242872846 0.2589329096974095 0.6789066773261835 0.2310390598470152 0.1071348382304873 0.5413820597542953 0.4540899172580772 0.2985765642132089 0.8755154645901965 0.6770317865621102 0.2688071546990031 0.7805098236941552 0.9575173834352465 0.03511555283578394 0.2387874217154857 0.5457920568361648 0.02728492615210176 0.8287773116156379 0.6061848292769341
0.3010681524216874 0.4571928813972742 0.1720546707424059 0.7635395745191553 0.9677905654486485 0.0574115245839576 0.2771157088374524 0.5647528749423012 0.8756664622272367 0.02552721622965859 0.3948936123934916 0.398436691737807 0.0696344696091572 0.4859738752126249 0.8240029419517002 0.1388329091311747 0.7097344559518571 0.902891619242021 0.3509975080667331 0.1726806206298196 0.2694481039563305 0.1068357442115422 0.7466807120679818 0.9390646260921748 0.6192661422076868 0.6509811504247125 0.2562749950709433 0.5907621686045278 0.09812730171571171 0.3081606942693874
0.4265860948566684 0.8390621404825704 0.8134402143444611 0.08243240099263371 0.4931588658732586 0.9186876299316774 0.1085763456958891 0.9472771729774946 0.3975840457932375 0.255584329706194 0.5092764442556258 0.8492143971282448 0.1979320040358228 0.9802959279311034 0.7561752083820589 0.7260775174608769 0.6126638751877889 0.8455435393051137 0.5048392920164601 0.8398570353469987 0.5296563910441947 0.7717322183449333 0.6019083179885154 0.9992515612392638 0.5091332375849714 0.8480142663413193 0.9226488023481717 0.8927830062054449 0.345275032469562 0.1143205496577274
0.5014982993591627 0.8084873582453221 0.7982275889524801 0.3417783747855822 0.6388121813935411 0.5976578067620708 0.07140393491524277 0.6910583271597299 0.6255212542044454 0.05466616171040228 0.3857955949772877 0.4340218861492803 0.7652799119883678 0.51919771041955 0.7709017208865951 0.8236948292523528 0.944203977622744 0.8509724481089348 0.6582105133166449 0.397147162902015 0.8804719822748123 0.1376121435478584 0.4082869814536154 0.6015681888459609 0.6598119345450417 0.9798281202031739 0.791186435913976 0.08055797871523773 0.5162521393283486 0.8654167079590113
0.5434343530224059 0.1934476300616298 0.3474854478749849 0.5772693591184286 0.5650199401623347 0.4787920202311691 0.4852914430459242 0.9334570460199951 0.005048491128060495 0.823301870129268 0.6504176457939032 0.05162936934396922 0.6827674633069437 0.2888280569614534 0.2238094638894521 0.2358491797036989 0.9952979085992195 0.5484555865058682 0.9984976045783188 0.08620836328444215 0.6228549721272669 0.2522906897392595 0.7262534689906157 0.6085550052138142 0.4162017860799611 0.03039605105172716 7.893571179662384e-05 0.3205735971639611 0.9457484166438617 0.1052801136011011
0.4648190387458839 0.7195547223582317 0.9277576750021491 0.5963557096928266 0.733891916122533 0.4248511165818147 0.2306995375379094 0.01051737306067291 0.2212282700699407 0.730036735816267 0.7651145456053382 0.7246600339809789 0.4784634971483276 0.7457479273100031 0.5810321724438057 0.01942018602010209 0.7913891269496023 0.09272153194969479 0.9513073883236403 0.8966374760474927 0.348782833083328 0.4248685040098822 0.8114411324141306 0.5593131518069078 0.7970802126238928 0.2306675019764737 0.08451370075811293 0.9866992025155197 0.5869636532045105 0.8802443649337702
0.02690173982863209 0.3785496726158166 0.2849759507672146 0.6629910466835706 0.1390914557711337 0.5443092149117064 0.01110028645950278 0.4823538661944119 0.6201925486002196 0.03901486839207957 0.3733442557913226 0.7392922635984449 0.1390669268173516 0.8202083085459042 0.6438492986497057 0.09706062860540776 0.8440233041571099 0.8819864674468574 0.05271939065834041 0.02971792008642893 0.5313704831080863 0.5517872898250623 0.5419825828399911 0.966796617909811 0.141595671642282 0.7299659614201807 0.3524644096069024 0.03112515271128735 0.1522757915521199 0.7215156304034831
0.9253091647571469 0.5222493819275003 0.152985172014716 0.01859373089553773 0.4418201305219712 0.7403558626426195 0.5255832617873907 0.1213834994345676 0.7674723018941058 0.4087150746713996 0.7791529215691071 0.8573517272367684 0.9925281943751094 0.560649836973801 0.363696913184357 0.9208599874194371 0.3362579471898153 0.8070712054102304 0.6717273624652963 0.6516141462110033 0.1645458316554048 0.2842547394854681 0.7287003412751007 0.188436202953859 0.6115952765452569 0.8414811989000612 0.8610156941178536 0.9976024958999149 0.7094706056012507 0.2352241867655143
0.2404721900029618 0.8277094697238134 0.8128448828659655 0.4773333244921973 0.9117167365733171 0.8537450038397177 0.5538325003522145 0.6622627284081282 0.01136668436959187 0.5808723759775153 0.3041897540494456 0.1382378154515449 0.7649919857873496 0.9648994453820632 0.4413772791412224 0.8218599829147056 0.9230839222596985 0.2795630483456092 0.03545368653503478 0.4592533302090303 0.8163454890302153 0.5394409667938351 0.1937654369161761 0.8240512157024211 0.2837026242620395 0.9612625355861598 0.5472801731959255 0.02851108223895715 0.6208736836132948 0.863535824905953
0.710675601312693 0.9518495510256427 0.9641344546311017 0.638906071999605 0.6605901266741165 0.2459494936280323 0.1287762176534836 0.7316597325997026 0.4606805540946851 0.06572013148259548 0.6127234715260449 0.8714838364387685 0.702720351291828 0.8804180494461289 0.7564194841234744 0.5043555442373993 0.810431669510158 0.03204103393296243 0.795811140382106 0.8196645610855524 0.4960467721184265 0.2959630815923145 0.299945330880764 0.4296555721069145 0.4850701878740475 0.6912282832316347 0.004401337481455547 0.323980416273763 0.3265976125063442 0.6862665280808893
0.04298321323387 0.5804058298991601 0.1302293370334232 0.2635889059718735 0.7114317162259557 0.07329784657153116 0.3519277248516268 0.1728964186019311 0.7636540600352715 0.2525309698051104 0.07343868134147657 0.8678337472157321 0.5857286446407134 0.3937363721206667 0.7199841985055815 0.2217601899186782 0.7720319472515833 0.4073807266609046 0.07450300577720781 0.9356195800803578 0.4369201255880274 0.01047877931973795 0.9356239356991969 0.3194614893054953 0.1930277964578871 0.6612792611213646 0.2511658852898628 0.1266119009121173 0.7907380444225682 0.1542366453183651
0.5065003860710185 0.7865894479118986 0.2323723363970043 0.7565159562660444 0.860781150597551 0.4524167281675436 0.6136096384030373 0.7539857129205572 0.3850963162753172 0.762109969854267 0.2511619269471393 0.9862596981142759 0.9270841738913962 0.7760530784275936 0.5897492147873055 0.3122640378668754 0.690226571366234 0.2848013348573635 0.4364594852127368 0.8191973939352604 0.03393025796306681 0.3374033287763998 0.436000001630669 0.2808178849879508 0.9473721561908964 0.3855711634528389 0.8133555391718433 0.9423686252184217 0.064902404649963 0.1186986396890166
0.9429193527370183 0.1977276631940332 0.4245230455361605 0.3207478649280463 0.9025769011533382 0.7928291019780666 0.4007897469727929 0.7179639435937167 0.8011478021573771 0.7111493731006573 0.6614248319175521 0.4526817390123962 0.5865759979883012 0.63928678407193 0.3424869421095016 0.8160130264636799 0.8286402118512191 0.0231224939829332 0.7533847487930573 0.570078336204389 0.412132633243343 0.7197837778511986 0.1602520499547841 0.1823901332131089 0.9303774544948967 0.6642950680067283 0.09155669853364734 0.3479717719054686 0.05902353749199429 0.9445653495643337
0.2419925325863256 0.9616207999241546 0.8110911389971682 0.5090932025681649 0.03947667368274987 0.05785714868567138 0.1019440777479804 0.5285396010299623 0.7130826276265805 0.9911275381688056 0.2349767616021232 0.7711478438169334 0.4735516423270217 0.4157225469185722 0.2506940005055609 0.8391838800990908 0.5192343005001231 0.1139395374001484 0.4961336318848643 0.4886266759557274 0.869047856552655 0.01348191030988566 0.5328897833571201 0.8896099104263476 0.5263757083871584 0.1160004265183389 0.36188804681505 0.3202145595247681 0.3950541826067057 0.07266681721756063
0.9373078338872567 0.7848540001816274 0.9139330544523512 0.8125372056081726 0.7373279151156545 0.1098756747531602 0.5725864923532407 0.004456009588019505 0.8729776769460298 0.4041775569215296 0.7507799445285273 0.01090942179807708 0.9226109644548703 0.4871106282403934 0.2498931868092846 0.4401920966259921 0.3406300905672135 0.9391910154800223 0.3014876858946229 0.04544348439074619 0.4916222936401474 0.9913290969609752 0.4752552931394071 0.6377611238716538 0.6744152612289173 0.7776813950795916 0.3271607440621933 0.8919026956008235 0.03866556318013914 0.08634386451656284
0.597956408894061 0.02746736524913007 0.5890892746617611 0.7284641196172732 0.8144182807255066 0.8836758782899915 0.8664920203847615 0.9480631226880808 0.1252397876166983 0.7175525984470895 0.8056151134083022 0.4874184260470574 0.2550258250937611 0.3523560797901787 0.3805388719958156 0.08102715553435547 0.5505802101607242 0.8679342228878035 0.5993497755135299 0.2043297766493781 0.05815613887707305 0.6479674220348197 0.5995351758916591 0.09226252585595751 0.8871866942894632 0.5426146219720367 0.2147700225880974 0.3607981394279995 0.0156965021800074 0.3339596904753656
0.6186265271876619 0.148337949422759 0.6509154619811472 0.01883352462239507 0.1582644972350481 0.2318192133858457 0.9605743143972789 0.07896639720095078 0.1455674573885537 0.7629869933376447 0.04939265311395558 0.03784972105642237 0.7892480823513205 0.5431861694450062 0.1732039843219667 0.2433190520240088 0.3447562655000488 0.7595212873652463 0.1539642532784777 0.8276623330697729 0.3857928235928467 0.7486599676252084 0.629194607684455 0.2164372378702787 0.9872658943778366 0.2194311141393569 0.9048785820290037 0.6297980091980481 0.7514494000289257 0.5652193480081955
0.6257059798571949 0.07583562801867449 0.5831663013964336 0.1817140993721535 0.6351372949196952 0.9439415286191862 0.3968923339363699 0.1882953287105742 0.4820674322803705 0.6621457658293655 0.6545159150149473 0.3012957705143475 0.5173457004243331 0.9478111073775842 0.5922129160522626 0.4091018383049368 0.2210366671084562 0.2156362200035894 0.145164209125756 0.6422116693905392 0.4042607285238247 0.5622611620979433 0.5777623838227407 0.4788710325949082 0.5840930277110411 0.3094113622942219 0.05736597023507373 0.8387013496296443 0.0137609463827062 0.8647106155278046
0.04058372525364962 0.6542095706780017 0.9402494902573075 0.2664551986772932 0.5805758175019651 0.789321994084648 0.632857178326708 0.002091399190205734 0.4036607209474745 0.0621850728838923 0.3358366332664149 0.7143967300641457 0.6364070002228196 0.7382690058478488 0.2946293514268082 0.8738523004544103 0.426154660787891 0.7170517959427379 0.1152991091058654 0.6760281092105956 0.8849345532974709 0.9876988301914821 0.8845747634212723 0.9946444779287126 0.4455242824506562 0.4726182873649833 0.7331190255048124 0.9779744940840011 0.1903848810228467 0.6668030028109639
0.8877774317444437 0.2024938353875615 0.8511955202151903 0.4400014539341158 0.9563751312540045 0.00925790762685752 0.4296559629160206 0.1486963479179225 0.7681907663613728 0.891853146806978 0.02149847702168717 0.1742014093374454 0.2722422559466475 0.4723714561598946 0.7293777069808342 0.3375629190531468 0.1122921532913921 0.537047220696293 0.7079342863788187 0.3377260073355498 0.7079541620137437 0.1881837634402249 0.04348028167712892 0.6462257244573283 0.8581813557080269 0.1082652348149608 0.7545246604460708 0.6131045284078197 0.9896073491178404 0.8981498704906151
0.8870069886167333 0.7962799583929798 0.5309151898607019 0.8076249465804459 0.666097637911118 0.7258553263959616 0.9525503411548498 0.6985507367090762 0.03423647865775592 0.8595059448474552 0.6806294085177409 0.5684116907244131 0.7112026879420668 0.4978842561578837 0.2782403813268133 0.02719487555507771 0.008419015953588405 0.3425937831472969 0.2918417577481355 0.5515789312362486 0.3427241371872021 0.8014839498524268 0.3450487211961945 0.001192132262502699 0.5037705176411561 0.09019948334297279 0.6559141494096038 0.9490615768029469 0.8491074673460323 0.06678176760381627
0.2249898809344133 0.6822456463634274 0.1843235128000931 0.1805213763223745 0.7056446781137599 0.104999597748196 0.03586709807777533 0.7763287727553629 0.4967815188758026 0.08717093916810104 0.8770165927305481 0.99441500435827 0.5692169026510177 0.06094165910271288 0.4756192016956654 0.03654620725343594 0.4330999790241536 0.2764946383147275 0.7874863221429195 0.3913529897664978 0.3640832314812817 0.2054180504008731 0.2296593588873442 0.5869090019074095 0.494361321580154 0.167174670837875 0.8314796624118993 0.1994384358560031 0.7770980689362914 0.5166655715963552
0.2022380919755618 0.9046395661261102 0.4573068642497631 0.6112753214590501 0.09106931483607406 0.08344952160957242 0.5550488821494037 0.007416063005101448 0.2436214396320825 0.1742261011938192 0.9426954726639499 0.7285314391416372 0.4321005252374394 0.4100899540528096 0.93657812119746 0.4711338561451118 0.4619343306844573 0.580722531461492 0.1550630025082039 0.6495759676336937 0.4110254472455935 0.9116371341901948 0.9126575862930675 0.3173253033183067 0.4770678901973593 0.100498522393147 0.6027724283980938 0.2001434129000667 0.2348423057687588 0.4562406490616914
0.4661968342937924 0.2281441426920251 0.1231082086935594 0.5869427665905375 0.3125004012769658 0.02167429630058604 0.1032151376470554 0.8173122190720525 0.02908125917697546 0.7506642285273167 0.3043657244679163 0.4050678143671728 0.5208992901107624 0.6872017182239142 0.3095452006448279 0.6275122947526989 0.8099054859389856 0.4090996516597306 0.9723323157717799 0.6472708841022528 0.7884693323033746 0.006113068396353505 0.2169081245905379 0.5757734507462215 0.9534003526650208 0.06044492180716399 0.9670973999718815 0.4821955661714661 0.2893677907794279 0.4533798532673977
0.7027692106104688 0.2103579258262667 0.1366550862328022 0.2681929279543876 0.8166985801302061 0.8873762580788832 0.1063250279884018 0.4153783654953194 0.6961497857079199 0.4399532478999322 0.9290626514760069 0.8948198314057777 0.6534779621526804 0.9559538828217512 0.2322268333154123 0.7765296284266241 0.7048557848420921 0.4864191690827352 0.3517785933295029 0.1559457475216898 0.6323122633036808 0.6907862843023537 0.1543689760019945 0.141962021728542 0.7046098363836696 0.7601488901413795 0.6478168122516678 0.1816251170313755 0.1161144300427919 0.5093550240694426
0.4573101062149124 0.950949364885846 0.4228445467681921 0.4853584723962208 0.1123555471584748 0.9598639913780882 0.2908879426717856 0.5900301542192677 0.8688910569707783 0.1089927589485191 0.8273659216327964 0.3388261277665194 0.6237949423873155 0.9829888214321041 0.6297948758762545 0.9171643226381537 0.258823928254697 0.1333716364989973 0.451438096302858 0.5629483952159466 0.01985057048741523 0.991420480657461 0.3564157311982677 0.04786704712625189 0.1739231210135275 0.893685837476883 0.3929097781274127 0.7308673608140276 0.1608438148232071 0.6134453892877995
0.7633894973872738 0.7067246712772357 0.8168023334333785 0.223496407421491 0.1668068318978034 0.88001979615213 0.3603517423321991 0.5428838377562164 0.8176138976414036 0.1641786688220465 0.4447021961382358 0.3793300338528858 0.1587196165075703 0.7419105075468738 0.9951526090534938 0.0319356680800551 0.03263766619990394 0.1979871456925992 0.7637834842368798 0.9977188518217868 0.578545507853678 0.2187947250257348 0.8495515986684735 0.4458717625253573 0.08567205119332522 0.738699766417086 0.0825992705818791 0.09534266045411532 0.9295255495179046 0.8149264314301105
0.9836444145893336 0.2027929804696893 0.7150538497589528 0.4409398436586172 0.7636436355945743 0.2895188529588678 0.3759215875778117 0.7515327230957557 0.6795515806644677 0.1469301502780253 0.02132821829338893 0.2066714484011524 0.4754178025943375 0.9014648122095859 0.01827860149879745 0.0708848377065584 0.5278061272480151 0.01272114309439543 0.9985636288439338 0.4896201265870092 0.8237098671486456 0.9669645624906341 0.2414032876901925 0.2201104217128073 0.9699693849726703 0.3405057597352505 0.2069748801211155 0.1724106585464117 0.3072154561718893 0.4263141850820736
0.1151947256046315 0.3752571674527662 0.7825189354703619 0.3859573389942449 0.3010009933208935 0.7152725276899481 0.9024348517610229 0.7949740504319636 0.6286509134833976 0.1638608143819819 0.748948699239763 0.5923856521919197 0.2835902956615233 0.4810825696465383 0.7768105127771346 0.2268055639154658 0.07536416993609463 0.6731450067921592 0.411317687303812 0.432749025867497 0.8874958780415952 0.05384438568248939 0.2706443032242447 0.1702787139076659 0.1027288767840532 0.6001893142094826 0.2987123175261867 0.6193070858779649 0.9386515240417403 0.742718531646013
0.9037227789066233 0.04708541782325681 0.8523240919478999 0.1008447890623407 0.1555423994903984 0.7371336933567358 0.08330678032352345 0.5151119875648393 0.107480397694822 0.486125930526228 0.3116651170621781 0.2576856618873576 0.7455282447866581 0.7176217472449021 0.784148627460143 0.4996626329193319 0.9246437548582941 0.8675231030634426 0.7085876375970794 0.6721047102038205 0.4373452137332743 0.2718237840792679 0.4573639938654089 0.8731730774458648 0.654643337850093 0.3425980780298913 0.5903230770952775 0.5918422899948701 0.005005541739201758 0.2646176656810304
0.8227158091753395 0.4391777028340416 0.05662131362006806 0.4970018385360051 0.6255930451905858 0.4606433269732024 0.4213943005759268 0.5724282022332847 0.5720904806017739 0.6167738032919334 0.6656822492328146 0.734470322834728 0.3432674648676034 0.4401299289791045 0.5252600371013733 0.2493768240204596 0.3061835153060967 0.02840205584172373 0.5346196092121462 0.9772945778243851 0.1437959858568884 0.7235879234667466 0.2306518216197415 0.9462832204865914 0.1848094984239053 0.4673176639961673 0.3621800324819091 0.8951617491433906 0.02337612444798154 0.3467357745768899
0.9793256329360457 0.02639627413238665 0.8640677106472819 0.7750215074175225 0.9861441218228651 0.5643698854741666 0.8714370095395387 0.02622122112586056 0.3975982140362665 0.2531689933165008 0.1473435795407096 0.005730205855131176 0.06926273150723861 0.06664891004791962 0.7526420029025968 0.8338038297515729 0.2645093555375532 0.7236468478215909 0.2144272151999561 0.6274052256832899 0.7714006351281485 0.7718486667017389 0.7517871772360244 0.6689243761724858 0.5471939194129785 0.6495962746745122 0.7134546883344141 0.3174002630271049 0.6707053412829668 0.6983166788679226
0.3056874116737607 0.8240160105423375 0.0689381667966974 0.08443521216118743 0.3342063355779986 0.9552475403571912 0.3799380308112777 0.1709507051614116 0.5173792311040161 0.8254804146627825 0.4002493033767861 0.3959173511609639 0.3231087001010581 0.9062980522326962 0.2785016296216534 0.8604730852432403 0.7351375563436352 0.5673913784473703 0.697849367531164 0.1132633510266567 0.494529318441822 0.6977344953499138 0.3193221141565291 0.1336020609458579 0.1143764382424654 0.1338525980784053 0.5583061064426125 0.04349013359199627 0.171965047889914 0.6582049809287207
0.2023827678251038 0.4870228332607199 0.8650810998606796 0.03285346398262168 0.9332225450776931 0.2674606669803448 0.1244482785538972 0.3406980317868146 0.7655851734597063 0.09055297930939654 0.3101201066823378 0.8909133695841571 0.8941453233076704 0.2707369420412351 0.3353844474145025 0.07775941157125765 0.1697043358611976 0.2800800756952718 0.3143959520323631 0.7896787526003677 0.9828226918927522 0.3946814522971251 0.7877906546049063 0.2042970177763523 0.8482676403219539 0.7051820713073822 0.9191218448490389 0.1691104440992685 0.9298482962803412 0.1508230898591987
0.1355928084941023 0.9954704444758027 0.8428569554322078 0.680343788680694 0.8434959435418823 0.04168069322672308 0.4040264969332572 0.5814564915204665 0.6700085576614074 0.6219537052861271 0.8714986302821718 0.5524679685219929 0.8344552249989647 0.3843249986169451 0.8904708792543428 0.1711925466615334 0.3090348650894527 0.1489541363127894 0.7120595472478981 0.9275280210201532 0.2647032822993483 0.501208086648129 0.3603515281247237 0.229483742216041 0.728892586432379 0.2378787084824975 0.5617271109173725 0.1828878281778108 0.3315978013511937 0.2003041059328075
0.3400012639165996 0.2900335862412822 0.8600525034274742 0.1240914728506214 0.7435131357789627 0.3991543505548794 0.9834635512440012 0.9517757381241801 0.2452510036718479 0.5454833027897165 0.4307528891739791 0.1327646485486748 0.9028482743347073 0.2488705842201597 0.8349886884912978 0.07089072835768973 0.353018788197761 0.8731017663758964 0.3512461708495637 0.9890643294896093 0.3158296558173052 0.306787182012756 0.8758123918808749 0.5795941519013821 0.2959488875479174 0.1859742208428161 0.8225830627832617 0.8568334151918073 0.7285824687693969 0.3210006573184334
0.6318480162286587 0.5729326836479357 0.4809205449688929 0.02648080627102267 0.5209640370169832 0.2300159992619679 0.4657780683724867 0.04420020732943108 0.4336610185644812 0.9648579847023759 0.6653244862344624 0.8042894135483151 0.2904871781840592 0.1660040722678978 0.3134809813533667 0.07227491221417159 0.9786980050030474 0.2018125309390328 0.5273143397002329 0.6064908511598704 0.3110028498721481 0.1084560652453993 0.4197484793483838 0.9243957967244972 0.6015415443272198 0.4198356171302118 0.1575348850736761 0.7835069224144373 0.07627975950347987 0.9849575512895721
0.2320892299156955 0.1414827554890244 0.3097329746911899 0.9414157239782482 0.8208826157994542 0.6771608869918566 0.8788994519339334 0.841185275646161 0.6209373761617143 0.3801879386723771 0.6582320351984838 0.7599851187128834 0.6187371025225961 0.01133137303214915 0.03481481568417444 0.1144286941963925 0.7493991473614606 0.73087364439021 0.8569894585409604 0.9432491568392013 0.3817945849939547 0.6170000192020227 0.3276475583850837 0.4000723646480391 0.4580105151655922 0.7670105802522817 0.5960364635827604 0.8764864029007315 0.3853012945502069 0.09721153933883975
0.1812220406032976 0.8838355283504399 0.07204286846296082 0.8446486547552631 0.9217379221183564 0.5625251183951637 0.9100010300802306 0.692590770073326 0.778783978738081 0.6945784116206096 0.391271248387454 0.6334163602690814 0.9303919907731453 0.5194398289512007 0.1771452427125737 0.306720364017383 0.8150789282658774 0.548134907536115 0.4541714953245853 0.5375281875655903 0.3695814347454298 0.2104523815163875 0.003251274752067324 0.04469940311327969 0.2008007605332403 0.0306814586016313 0.4710035961670695 0.9495012619847335 0.6444043693800986 0.02894655894739528
0.7760471372945136 0.5027346369035404 0.7969769359275622 0.5062306212399367 0.6243793262172644 0.2621957428422163 0.4473741461770571 0.01264585372440652 0.3816540215210381 0.6291408162258399 0.9336982590175589 0.1708580170221736 0.2625093519477369 0.6748194613919031 0.4717605535081482 0.6768771084125884 0.7929976794197464 0.6318524775693389 0.7135668403024427 0.9470817906740576 0.5859418666367237 0.4403120297418651 0.2094119257870785 0.8984289616478066 0.7139310028095907 0.5800104071780022 0.893276773043987 0.420225405924198 0.9157042746411608 0.5011576956391146
0.01431865587049008 0.9454847220173787 0.6728199699816202 0.3704140672069737 0.0833084447983643 0.1224179718319085 0.8478684050508842 0.7276551932234177 0.5116778404158323 0.8231757954177508 0.6672320075111325 0.8879010328186132 0.6239817071189466 0.3379942283252083 0.1859485880204125 0.9613061889247865 0.3347120784753818 0.4669827491282946 0.8285559247693282 0.9250540034656954 0.8178587498786573 0.4827382892531066 0.3141300950851622 0.6415833080822453 0.8545460975316066 0.5814696170303908 0.6876396840442962 0.875984048867174 0.866184784282398 0.1163715533800721
0.5726422753901067 0.3382022984422555 0.7875760897187987 0.4918228323321643 0.8088323260592617 0.5772268217981245 0.2303518626083064 0.6771582439668264 0.5236340713988628 0.7848363674664826 0.551260399282623 0.2906259686475976 0.8395247686416714 0.3255556002977793 0.3444610096508516 0.8963718251414077 0.6560614191103227 0.9365544070974834 0.6174772694472602 0.7518503933049937 0.2514726052252476 0.2292697250270422 0.7413753168324565 0.9485740784023809 0.4193125004160718 0.3612006633166325 0.3678794079949648 0.738312077717923 0.6782307424891111 0.5281707574729652
0.3591589368398219 0.1737570039069681 0.4410741598924464 0.8092925948423481 0.9079369530233182 0.1585189219978339 0.3553042112838529 0.8920349572011701 0.1869824851700591 0.3436550997801465 0.1933850554851575 0.6678591817645192 0.9696368354441128 0.3304079590017289 0.04019412894524388 0.5346843579469964 0.9634308679435849 0.8028896103267441 0.9046043686960455 0.4597264938494399 0.260000381224099 0.2661550223081249 0.4745777528103166 0.2155202375305832 0.8324134142437429 0.1648609686534858 0.3614503139315484 0.8959677612169282 0.7795655330037833 0.8455224889277915
0.9359788138111464 0.8754344297128994 0.7161914359897716 0.4599214180574825 0.01182815650274582 0.9310295274393211 0.08476426424675432 0.9345576697237123 0.8456060427452881 0.9616354237746784 0.2730428736617363 0.4852912844415396 0.02670277664108534 0.2817195311455466 0.01254041249858517 0.8171051358723819 0.6853314883361932 0.8453995656893651 0.03744214093321863 0.2116106327987199 0.0194029165442392 0.173335929262084 0.590010810415506 0.007344326847588678 0.6739267005967035 0.830990249138267 0.3354588182268732 0.5704687855021978 0.7011678877625721 0.8936371554249124
0.102428231276435 0.8961808825468206 0.1697599094404418 0.908360606192937 0.4186837617754597 0.5441458888720906 0.9101290054710117 0.3164975462743794 0.7239699528775499 0.416287640736308 0.1228207726747743 0.3943094993480145 0.1274334480325932 0.2459331330106049 0.4567753987450517 0.4116599059053112 0.5434889125403388 0.1640201243474799 0.4219352645804023 0.6673225783533937 0.3845440017634341 0.03513163814325237 0.8327837166758038 0.8800229562715463 0.3336802763289746 0.8367753687699073 0.4012740049204979 0.6240646925108909 0.1507388124353124 0.5392425593865958
0.07653879164135657 0.9330995039902109 0.5859399487531466 0.09772429080253875 0.1399085795293585 0.9409590631167327 0.350386861968548 0.806963037952532 0.9507031214855993 0.6366932485869263 0.5111528589342254 0.9814415092485557 0.9846627281702504 0.6026120077021744 0.1312758890560044 0.3359331069715654 0.9016038686886666 0.7099834888808806 0.07531614480764592 0.3645312686232923 0.1733459708287028 0.07776708060781257 0.506842553459275 0.7776155381356026 0.1386156538744331 0.1471281911452476 0.9162012232082608 0.8724170657569418 0.9388233658648918 0.5922700306887897
0.07643031456703331 0.964084032418312 0.3895417124298658 0.4720986527229037 0.7808654402495605 0.5268702447837614 0.1773954403046717 0.4694704997866673 0.2581170606119033 0.3482480644599673 0.9485343127854572 0.2960952344938563 0.7857722248567128 0.5635132368822591 0.4473395200374746 0.6293932392422109 0.2454615681465701 0.6908086187945982 0.7706083252573984 0.3626507398543496 0.4716170667573159 0.63018591700861 0.9012774784921469 0.2648368876122938 0.9256823174678351 0.7011312310686907 0.04303561763782116 0.8320802785278097 0.4161931817968518 0.1542641208761414
0.3362053928445135 0.8215512418320968 0.6955133641570925 0.2706084313968693 0.8403205083402896 0.07164535780161663 0.4274969231887641 0.549336397400357 0.7437721509537368 0.2738597134250018 0.620909800369424 0.1057605627447146 0.8465001892702301 0.8286967732513144 0.0849586840439327 0.243197715400313 0.4106760532321065 0.6623555363668154 0.5513774428553831 0.5185649363945576 0.6654780509214313 0.5860486508417985 0.9411414820630803 0.8495320361620237 0.2697482501739179 0.5665227580398162 0.8500279340031054 0.8452791756889918 0.5675481419980358 0.7207846260795041
0.530417255676033 0.9520101832623284 0.9449943662316748 0.5221083093197295 0.9356390270822553 0.9920399375376314 0.07351212232387239 0.1472275662171059 0.1333242343373037 0.6257231257862867 0.3535587731995137 0.8775771078641564 0.6742566350767843 0.9919742389328342 0.3304211782803823 0.8532136224141391 0.6388996317586194 0.2854756810994254 0.5883448034836808 0.3086684040746556 0.3078961815072774 0.3796485542360045 0.758766559143452 0.9556872436047349 0.5395639321717258 0.9585259232771663 0.7400258964941885 0.2386527127966795 0.4939633550334233 0.470342027239933
0.5367353762307498 0.0747112798800289 0.7676642233855406 0.2404838037658658 0.1980936983704739 0.8632609253427614 0.7022062694422569 0.8316992710646428 0.6878113763831821 0.05973254455663646 0.6731622911897392 0.4790116956412243 0.6899208357911892 0.3447063727313964 0.05928976236365113 0.5514443356492362 0.00505863510768334 0.9390050387137403 0.1379208012338701 0.5346226202138276 0.2262879010828893 0.7168658827155192 0.8590573468208198 0.2093732354947095 0.1360344830600824 0.7841542497843251 0.8259316747426451 0.5666601138213222 0.8889958014196 0.7898395841573107
0.9102318877390471 0.03012898233882544 0.6426683717703342 0.2981012862520375 0.1603112354220203 0.8744943227886797 0.3670376978255102 0.1280841386667551 0.8269523766310718 0.6357210219636678 0.4154610885941598 0.8233901515321637 0.1618273573963772 0.7469637776653185 0.5381643263603124 0.70870840066439 0.9086103192404671 0.957023135911548 0.2832522527683458 0.4413252258365562 0.687189570878097 0.7470172808545813 0.5733582517713272 0.2237277029304209 0.897411814850004 0.3606976811354309 0.4118223989794014 0.4814532399112013 0.2039178485279177 0.9044194327078319
0.2758853178513764 0.6975714856742529 0.2711538633067134 0.09111046054527994 0.4275153912051943 0.3442234951094023 0.6588883398828997 0.1167454775439862 0.6596997100354504 0.4020631747405545 0.3534410432585052 0.03767604532880731 0.3021054166872199 0.5222201679626161 0.5779488912960155 0.9340531081255643 0.7299957590841102 0.6164501483264082 0.854572811935213 0.1145139747209218 0.6086960104242849 0.1798648931143068 0.8459108141682078 0.7966267089524603 0.02506419079711497 0.2575466539315923 0.05613987557575195 0.2790571085563043 0.4200228259241517 0.1444422009575397
0.8756989577605171 0.1031202687858136 0.2363497614977346 0.06805766454553241 0.7550080118838791 0.8603992079246179 0.4217293459462432 0.8013968945133825 0.08030638669812362 0.9850029991588873 0.7209247790745524 0.7059152201738333 0.3161227453313281 0.03516073428746946 0.3585343829548561 0.1188598230065505 0.07772182797892024 0.1483937110076301 0.5882745478409097 0.2881492261475901 0.2025413239172766 0.533130025316215 0.495287726113871 0.5511237599588965 0.6859526199837842 0.1285151543462675 0.71753922672579 0.8540169193403233 0.01356769993182882 0.2349287802965708
0.549081550151057 0.3697695896917181 0.5295966270984434 0.4675523750124709 0.812864087608825 0.6113209244337037 0.5972449038534611 0.5170547942400009 0.01870581368418789 0.5858209356768539 0.3837326925157377 0.8060518606749523 0.6020011233450714 0.6804882668498616 0.4026335805945461 0.9486003479382683 0.1623855225015268 0.3993004825198238 0.8595500792114082 0.01799540447118242 0.02882209784756129 0.004658102151778754 0.9622408153743001 0.3906791908436272 0.8494785940723034 0.482991453554 0.7035595037706133 0.2736226491367233 0.9190987258525115 0.3776931770908021
0.6644792939970346 0.4463700390862999 0.6927287263507861 0.3666586527878682 0.8118231608664599 0.5638233276552496 0.4430577229561247 0.4875697349061244 0.3147426316530554 0.8820441559061061 0.6452395511345002 0.4950631600478844 0.9016342998754443 0.4696419796686369 0.6909067991567219 0.5066589223901575 0.5493133445521369 0.2892387595168273 0.8257459639314445 0.122648653933907 0.3672320712115678 0.2751232947499685 0.8041591789312076 0.2231940665296804 0.6171697174151242 0.8822910464551609 0.2244743697766576 0.7131153371573532 0.3277204299295278 0.656905481520185
0.6702915497815801 0.6625953130022589 0.2688161938952971 0.8866815748679167 0.6515513493015862 0.1626328482592853 0.23257175524151 0.934164841804896 0.2064613815277027 0.8738305717865394 0.3934695885085057 0.5047489407476065 0.03873913905444404 0.2141056543676336 0.4559864775426122 0.7072218188209056 0.5486429107179834 0.1100804134052623 0.3592825871108799 0.9010046043680467 0.1883656180867159 0.007175890659075979 0.6242224641142887 0.4126345257560287 0.6768376247251937 0.3408596611608995 0.923792191007864 0.09279511479717439 0.8903894546946023 0.03121009215977988
0.3841912896996736 0.8791146897501055 0.3933735461277122 0.2615039094411455 0.8711738471720036 0.3724477161672751 0.2805114561136169 0.5000279825920422 0.8392601000352935 0.5367204897411003 0.1964828439254404 0.4284583880565838 0.2724281069836656 0.1795953665483325 0.8815590786188298 0.2197785950231964 0.5170814749810966 0.6808467664420279 0.3298583471641354 0.5940147334777117 0.3999876700534403 0.5782227117516857 0.5434066059366084 0.979211969695076 0.4138974583853944 0.3252395893855762 0.9436882190496294 0.8869246888017959 0.2308551101414859 0.8500820247337327
0.9493964116398044 0.4768339324645479 0.6712321985089401 0.06445293720433276 0.06797366420279516 0.4070979120528139 0.7472310297960187 0.4946795059667559 0.610687171129909 0.06993815576901496 0.05660286903889478 0.4531204554389174 0.2506612425991964 0.5141478420171331 0.002791936289811447 0.09560620185375657 0.5508865998115507 0.7461784689754741 0.08904685148266167 0.6794011617512132 0.05559480692987706 0.2945705434923489 0.3275936800107061 0.2208356833418232 0.3029026031795788 0.2034096718828209 0.3464793339659227 0.002130833082833683 0.9035715856119984 0.03029842973639052
0.4054500624400924 0.2403515000810589 0.3600995566594392 0.7813430282728472 0.7261530652093809 0.08291295588185343 0.5145515191455227 0.2744095583063906 0.1757764082892439 0.7438887449092106 0.1499184790680448 0.7186692677234054 0.09126285923258082 0.6530164672253391 0.6852774377732462 0.36392241132102 0.9379553098772705 0.2176320514824958 0.2979212850368381 0.2468626214440869 0.7332594621858436 0.1380634381669742 0.4838849797740423 0.2971529827205056 0.5240090108893062 0.1405251138448737 0.8340422803875068 0.922526120108863 0.5528447440896527 0.9799999697705952
0.9690480185952863 0.7306196917678777 0.07999572474315564 0.1594525879518428 0.4710422706879223 0.9140525262005826 0.08596822741822574 0.9564602486606245 0.9524465619935039 0.7175500469916396 0.1198026919999741 0.7805758659413783 0.8887654992582139 0.8926452956315184 0.801112394472412 0.8575625893823996 0.639142937338076 0.6445155001031512 0.1340695189785668 0.5570775263225302 0.4341785053431091 0.259085956839798 0.766007933804401 0.425563146338605 0.7635578729861583 0.9862022159135286 0.4559685965390338 0.4563742932207805 0.8620127568291132 0.1401058310436121
0.8044361509227081 0.462001205924871 0.8494397800699072 0.289648613054177 0.3209023401391453 0.3903953518346301 0.1539618023594388 0.5080499697941369 0.4996785044972235 0.5209944268011875 0.5886257078337583 0.3521836464132099 0.3369131671082213 0.7733873409481562 0.9300131604277839 0.7263580792748145 0.09418153488020187 0.5352455534488785 0.9243491606611723 0.4983351887649514 0.7230302471272121 0.5225819426969716 0.3371294976949704 0.4187007355498409 0.2574121988533112 0.6922794927852304 0.2142024663780993 0.7108048708667593 0.2750049191597408 0.4503349499305089
0.4548754863017235 0.5382538185303027 0.21313811240342 0.4924078931753918 0.9374961218415 0.6763556469592175 0.6995176409828884 0.1415129233512497 0.3689054396731826 0.7433897560650884 0.8129453640479107 0.7744628122620879 0.4724786395612959 0.7403595477131648 0.8758615324295032 0.1550878291680755 0.8213243124235395 0.653521253038181 0.3247231486802213 0.7681607138412039 0.7936167085936333 0.8076130997400031 0.0257567826652837 0.6911582821599966 0.8229165374552975 0.5014188839918722 0.1877496256364017 0.7826362141960667 0.3675496760988524 0.83643122312789
0.7843493663243727 0.3813401325464093 0.519851480376565 0.817956106500231 0.9573360004666959 0.4744678280382668 0.7049630238410666 0.06439603211808165 0.4642230228820576 0.7886555915306233 0.5024425934628706 0.907184508156738 0.7674913680956313 0.3331146575912552 0.1051488704580618 0.02761105297212019 0.6974614451527785 0.8246101576055099 0.5315840684941202 0.08582546872848718 0.4071309121992132 0.5170693934738421 0.2709278937261758 0.7437363608569987 0.03214404186320785 0.8109835558113938 0.09097088044048818 0.4716159252160741 0.8020901168714507 0.9693165537166264
0.0209499987046019 0.3808634532400709 0.5609820590383899 0.3378881686581082 0.5507450181774511 0.7945039687723152 0.02407369104419865 0.5573695900231183 0.07503647693628723 0.6635365121127892 0.8698044263978114 0.5325375176108906 0.1647248914660752 0.1731501486184773 0.02788972741363405 0.6638437529975382 0.9445194751226191 0.009542330776179941 0.6231263463346762 0.7093280252223326 0.5773551972374265 0.7684713760622637 0.5876281414604025 0.2461028213400485 0.5483481878624165 0.07298317093399442 0.503952653897714 0.3442262555401452 0.3737909154116208 0.7758216571641489
0.9347966132376874 0.5122749533693294 0.3474742648965936 0.4631927620631847 0.05951439539198566 0.4902911964957046 0.922274142114763 0.9527866168767114 0.8819126641417411 0.2383267046585662 0.3333778996289413 0.8748077106036388 0.4514947495035354 0.844256867960367 0.2373571893592017 0.5190980711369527 0.430474722380497 0.5052673988396517 0.08066830749816645 0.9609487660627672 0.1356336210228601 0.5077770241598112 0.4937680834873633 0.682645838833228 0.2328267615076909 0.7213696076518442 0.3820937862127043 0.8153167200641921 0.4771178999578733 0.2818191678706431
0.9831169398864458 0.8728040429086706 0.3148807119697816 0.5854440377142827 0.9450549894783189 0.2113270562855304 0.1701859635894928 0.1491732396442794 0.72633705616263 0.3053269434249032 0.361681211855072 0.9916744090383023 0.1640328256033893 0.9987437779812799 0.5345782695522436 0.2436879366719161 0.52965585742282 0.5655919885842402 0.1587269253856883 0.3248191125481872 0.3753205188009054 0.5718545772132069 0.3905672608429124 0.8910277030425401 0.9256687595441383 0.1425965563499794 0.5199307345448414 0.3498389550503176 0.04722158029076118 0.7791106776975466
0.6801495741944139 0.08029033018911125 0.3480462835231318 0.6802356128368197 0.538019617308688 0.8790285322837906 0.333107017577067 0.4016164335692745 0.9284434508269921 0.499249922111205 0.3387329454210016 0.7755054521866319 0.9850721512082387 0.4564317439609228 0.5271763116276198 0.1331032129903594 0.3903972117959489 0.8949357227269591 0.6558789254813768 0.6855306971123286 0.1033555372658845 0.2287145166109419 0.3651802416891514 0.2455086131638832 0.2141028166009598 0.77060482810179 0.6161881637806768 0.9810470071449914 0.3122332880013049 0.7758535579299692
0.2412155044417111 0.8558129337582738 0.3319010435738675 0.3888610489347002 0.3086230210679464 0.544572809035862 0.3404467351536857 0.3626157688862149 0.8671246447865277 0.1195606097871547 0.2446955499541991 0.6463313499258482 0.0924210198611477 0.7192091636542357 0.03458810863449679 0.599068348639936 0.8820923751782378 0.07239600071133478 0.865415200066095 0.7909872773300928 0.6386425356406473 0.3279972026712799 0.6577060779463276 0.009352718339620258 0.7263847817312593 0.6151926228317628 0.3501693281642299 0.8062237623322398 0.5234122088377724 0.7179195444983233
0.3422747917294164 0.02292729210975875 0.6437401045999696 0.4354764873058159 0.4013467043766433 0.4771698747227773 0.4639656623203203 0.6814718593908401 0.4240049225265766 0.1259055466802406 0.039493190376788 0.2991069860381221 0.03910270637144797 0.8705883048140617 0.871816233195017 0.6916912152637723 0.6184183300890282 0.7607317595876463 0.8186063053208371 0.09070948650943045 0.06577983869311321 0.5849881366027269 0.6358982478120708 0.1193003340553653 0.2861188720799414 0.07751995528680811 0.1632053521443502 0.7265465467912496 0.2863023661749539 0.7991838810246464
0.1886738104633648 0.2725928380870405 0.2095229747402683 0.4187526081458287 0.4283940757590322 0.5647986231873809 0.9311941583483602 0.09277087242501214 0.8041568020482567 0.4133798339655751 0.6029147698865664 0.817071021686497 0.1069397290232733 0.2847566106975935 0.391041827194379 0.4435820704195816 0.3147660476680481 0.1086019773057032 0.04233151767574883 0.2101566917713723 0.2824269449465421 0.6481500071993291 0.4253597327695018 0.8095802187830706 0.9495542940898625 0.2857540891655606 0.910091919751233 0.8753746559851533 0.6668514770836126 0.8253995481085246
0.677557443696766 0.3093735248391745 0.9035989913990309 0.3205978774433398 0.6771091693582501 0.1946815814025493 0.2553340584841738 0.3015876544476164 0.3944327555887934 0.2496178506492982 0.107308230235176 0.7712982767449666 0.6549041978744679 0.5765447704696794 0.8139619936769502 0.02737347273880963 0.9550848604617923 0.5993997586705455 0.7948643889836411 0.8901566925864708 0.2911132214323627 0.9728118378230713 0.9651854808487772 0.1221816473953488 0.9573843104111963 0.9425435791411975 0.2784914977400995 0.9595528221542127 0.7120248650325318 0.4952760156606221
0.5706738989560147 0.8542729834701349 0.4888114721045702 0.8857341073647675 0.3014903368124602 0.3534384296724246 0.1570311319716672 0.8985805124390407 0.3637406826830445 0.32602848261069 0.6940262224345737 0.5682535389428283 0.4506436769917537 0.5986934210701227 0.008729787913293818 0.1809150793740011 0.7199892206387298 0.7764881841662419 0.7870522066317839 0.7664476905563716 0.05597507218425313 0.8662202539637079 0.836453585367077 0.1633891097198672 0.6833092584566781 0.6028788553472791 0.5903174566675321 0.2668443973280992 0.7890424997085268 0.6181439425609959
0.04942415160602576 0.6344505484454852 0.8930534134110941 0.2168694454328571 0.9875057915475954 0.6668377780664564 0.2352763524150202 0.0009039832361169564 0.2858971004864017 0.7022725717916013 0.9985826009289379 0.41922898390017 0.7842193835512993 0.8536599765020856 0.7145104899983366 0.7171622105849327 0.2266985991812553 0.7950437726311398 0.6479834849053154 0.2881437380417934 0.9017240257975258 0.8541445526711055 0.6683881473152478 0.4141117076359818 0.8327649718300615 0.9747809902906587 0.1140082552256098 0.7705082637734242 0.4750249009288637 0.979029648703387
0.5647915107804384 0.7502276889407853 0.8060743455265899 0.2666362915964233 0.9379397543733901 0.6541920495359059 0.7697248173061682 0.5188719194895886 0.009937509020182866 0.01756696542945169 0.03755188154199196 0.9227899277659377 0.8039639505235415 0.05055182907388578 0.08868134475645328 0.7811022504875154 0.9531106669850524 0.434636112445649 0.4063984427380851 0.7790765808645409 0.669155536468802 0.8287766363941372 0.5538677837848153 0.2214729873033179 0.8644586448487857 0.9727795064158744 0.8432705933538108 0.814341581688413 0.1252303974532258 0.5557783907196612
0.3836111955179992 0.1655897686941457 0.2873502337546435 0.8325296872448417 0.5194295673494436 0.7115982911956945 0.04852679390418813 0.6090062894042348 0.5274181841172622 0.08964796109379436 0.4470677209865882 0.2445744901383261 0.9309863307033819 0.3164677726096377 0.2472081353724854 0.002137877960138534 0.5632277342562391 0.7744089464268503 0.4952161310955626 0.9655081987420758 0.1876783627512543 0.7977603165529169 0.3188719737225718 0.6473147824176562 0.4651366960826412 0.5076690962153647 0.423295850521057 0.7975507295247642 0.9694179969596113 0.3420943338059376
0.2566142358267575 0.4419698523683718 0.4869054636746172 0.4251593114589121 0.85508924091614 0.1118060766228715 0.02329793528354007 0.3441875499280435 0.6473184924215158 0.164995299889264 0.09895011341336324 0.4241407734049484 0.7008964684312335 0.5077960541736906 0.4890110935452573 0.8891532771133224 0.5906998890326129 0.6612529521434021 0.8489962442493634 0.6632187544259737 0.6240559354588775 0.3896055280297078 0.9349486229821969 0.3472203555664659 0.3178403555282295 0.3871855988608837 0.3685105890477982 0.2688662938783835 0.9495488820187376 0.3805936387220392
0.3255555281222466 0.01043368628412578 0.3417373191912165 0.8516075581348629 0.8934559760043335 0.5746282163730123 0.2259603740130809 0.8476434752286182 0.4011295485145229 0.1334685943817373 0.3938711443589017 0.2332991852701233 0.4202807696538824 0.9954152837384724 0.03791987776784855 0.6070705610519791 0.4426678097502638 0.08911479039419079 0.4546208962475569 0.5460406776300277 0.3016259482278963 0.4507188567015864 0.2823641982738625 0.8100191650502716 0.7104537729723568 0.392838010367676 0.4735782402256754 0.951389940340119 0.7419836021561457 0.5838232184871703
0.07790297268569613 0.3772070887911549 0.6595350249400527 0.7387475147055723 0.5346060823099194 0.5103284545988066 0.2723649368679362 0.9778208806350571 0.6917782685350279 0.9142278446050439 0.8131268226592328 0.7267508585871375 0.7261322013477196 0.922507397786109 0.2680467973529155 0.2981772063077005 0.5323801315611711 0.6123488863544867 0.2585281458207376 0.05205610031268226 0.7826281699089755 0.2127590412458799 0.3497399695754944 0.7992675427144691 0.9545188198085736 0.8126351736283673 0.1562659994779697 0.05609874972970585 0.5467592383419637 0.4074072364067746
0.9640268120102602 0.5606482500355098 0.6501238379324012 0.9872479828405353 0.9781748592662544 0.3596535065558937 0.05169923200008364 0.9927961351710949 0.6347391568334864 0.7300803493701843 0.1987989140204062 0.9767587745881532 0.466296589299614 0.7288185504300125 0.9537423731872555 0.2836825171163239 0.5738977463694882 0.7566909731188319 0.08104916251460959 0.1070190427832802 0.7000446069662352 0.2297582171150168 0.1082272627720742 0.9162319074925972 0.7832946465352058 0.7274193139333524 0.4123386469465853 0.4540684672729535 0.1191878344239669 0.5180266575118866
0.4027889424395105 0.7731672299007539 0.3293530143749323 0.05082482842524261 0.6030355999297695 0.422714098130482 0.7061726826040401 0.158358894048054 0.1764442864181168 0.6879263689243397 0.3615628602189128 0.6981837105361138 0.8009776707177322 0.03902877512293068 0.5848443451818038 0.5095298199208081 0.1499640579799931 0.9307278285371426 0.8623428707133053 0.3166764830237307 0.07013271859055248 0.8449433884434662 0.180855410722179 0.7137114784821496 0.9226300397542353 0.8528036751003651 0.5207595980289611 0.6881078833233156 0.3989228521810763 0.663261485660204
0.7636841262479678 0.6861198812368124 0.05838525370654912 0.9220240637293881 0.9200264460750581 0.9642827394495914 0.3883072389310135 0.583424729230736 0.01509933226416282 0.008262427750501677 0.7430713961859339 0.3296528680346114 0.5263608220671192 0.7977990927576357 0.9044317172600084 0.5486298057310498 0.5722749356345764 0.4757683341184346 0.6956687449105223 0.1977159583365498 0.8837060421729648 0.07202583418412989 0.184958128777502 0.6475571265313554 0.1126063792085709 0.1330528088099503 0.5548816737699704 0.7401849022299863 0.8652770973079067 0.4539905946737726
0.9581894036321801 0.5124148927259354 0.9613476186007353 0.4313506340495068 0.6676445029433159 0.3778084851066568 0.9486341543152245 0.4674897736064698 0.4383607664759206 0.4204937745081658 0.5836439090964453 0.004891768481878112 0.07667551920239946 0.1496902359219557 0.9267585317668354 0.6213489129279645 0.7273234601756623 0.8949783204827371 0.5389347646119398 0.7802937789267035 0.2548155851951612 0.134212710820532 0.4757788794716458 0.3932722372661669 0.5774203029935271 0.250969203150048 0.2845839113907328 0.712922452765022 0.9028234366504294 0.7945469892851087
0.2193837343973334 0.8058822535557032 0.888180014317916 0.2297977098900286 0.9834807752340736 0.7530141677418193 0.3473190966673227 0.6922652749016225 0.4826602488105955 0.2894340522366913 0.6775085158941866 0.8143278918829464 0.6888700290178706 0.2294464456181198 0.8178094325767234 0.8028140322324392 0.8103941281539556 0.3847098484335366 0.3867572525554751 0.5924984788918073 0.07435701562132546 0.4762682640963957 0.3538789665316727 0.3875127888888709 0.2660636982171245 0.8181924170706845 0.8833105345922954 0.4608411500941556 0.3625336523749023 0.3033027833809099
0.4555024731446842 0.6034278569236101 0.1360193918310663 0.3953361321252052 0.4376251169080562 0.9125792702019559 0.9273716706723866 0.8875337585858 0.494355828701434 0.6283903825512598 0.479683159150601 0.7843275949876539 0.008787565744307724 0.7636509570099275 0.4021303185515552 0.1845931760695618 0.5912094516281197 0.7532704032097659 0.07921466031363966 0.8038525081068036 0.1373236958015416 0.4219834772328137 0.4001255394928481 0.7686237155128246 0.2949340354634086 0.543573745684966 0.09518598488240726 0.3644225046786959 0.4570865166448573 0.7511834004841228
0.7661817527545989 0.135375079648876 0.06560749284957101 0.3367162044543089 0.1749525319026177 0.6516149847176337 0.8961482063250797 0.1117247506932517 0.590153661771002 0.3868345892408656 0.3105402996177331 0.1901662906245978 0.1679603776653681 0.4193047565998205 0.8161309594169567 0.2234861569561744 0.3233320756812328 0.8571737737444889 0.2776372358414977 0.2506594676154568 0.4070693105797493 0.5900129868883964 0.5005337269545046 0.9633824009127682 0.08271410053483197 0.335793996659865 0.1349796309612423 0.806885356385054 0.2342165264407476 0.3130556777823266
0.133849460285469 0.5624749852586617 0.9356437960588353 0.9128047062823981 0.1660964465383383 0.4638625979264618 0.4033788848321685 0.6164031022814559 0.8077307948662809 0.9018644522442747 0.2390996293271771 0.9022961665300545 0.6851144182657681 0.3625816346250237 0.4679121329175581 0.1975584195357655 0.85929543191374 0.7709668255590648 0.2760639244923849 0.1956035956646304 0.8839514963774476 0.05262053711393366 0.0006531426624378778 0.8052473024890552 0.4688837863513009 0.8654290739955933 0.4543610702380556 0.04555327485428973 0.1203847462136048 0.3114500279880993
0.557175999840853 0.2631003633174784 0.4629722076190488 0.140847700130954 0.2119264243147388 0.5045679684194535 0.6117341939308993 0.3517943198393427 0.9341126249814991 0.8030142450020233 0.05774962170194953 0.4400030734507072 0.6519534078463354 0.09549058086082585 0.593657531451116 0.2342350555283057 0.06806960402992523 0.5669094229531813 0.5311546576829076 0.8987282580499589 0.3269507214343284 0.7975119241186415 0.367920722423384 0.7447160914681165 0.737410603738698 0.6928164572876736 0.4177430833442087 0.700545668859709 0.6586221974960647 0.455384058751561
0.8056779356328704 0.2082050809246225 0.7089989300336097 0.732866765428007 0.8992996820626779 0.6373465281142853 0.6673465954143498 0.5043800044798915 0.8194408921720406 0.1450319767910848 0.3169458797173591 0.4545783766498314 0.3964592957802502 0.3096980698443758 0.06623717571528465 0.6611662158614021 0.8537885348167452 0.8559960992409825 0.2334275926080572 0.1490811999493001 0.8277229119427872 0.01204743339962744 0.8967575947159797 0.07517247442891761 0.2645495359132278 0.3435105680889337 0.1276420858879738 0.4580631667625209 0.8351899366371585 0.9938457804675411
0.271617049877544 0.2720454277623298 0.3169030562873576 0.1911960936196967 0.8415098849000534 0.7302112844360406 0.334701695409694 0.9402345824973635 0.3712226681902866 0.7378988355674871 0.1402666069253897 0.4749519306861038 0.7121180305631659 0.5089603036108894 0.5526106188738792 0.5835312764219373 0.7011509480390018 0.6457590138642457 0.3833374946236292 0.13027427484867 0.1508311002358876 0.640465881971665 0.9100341816326758 0.3236927564031304 0.03891092615726044 0.02756850702185076 0.6615678113017834 0.9662705639335855 0.9887776395771715 0.9175513206709882
0.6520126773708791 0.7783430911695083 0.3891467602421107 0.9353351442524349 0.7612002766604772 0.9818657409648697 0.3991518639551379 0.3712467633796164 0.9189013492802253 0.2542273225344835 0.8955127683223609 0.02382256907825431 0.1123721338173955 0.5458022744597809 0.430459710343115 0.6290735299407214 0.31065398786211 0.7132224858347493 0.4293199102125597 0.5442448953951299 0.5019078669880808 0.0471078068661952 0.6382615704396828 0.7196578424919539 0.7108671232441082 0.4272158316362862 0.9133138625289453 0.4560066195640364 0.6597476161139993 0.04964496489042081
