0.6483140139201826 0.2351010420805874 0.3013961500169634 0.03067529977493588 0.7352271787983443 0.357290074060396 0.5876832965696686 0.8057209349010913 0.7610615941421683 0.05122909315936219 0.305902091778389 0.8131862036417888 0.06228148862660465 0.9613644553579583 0.04252475875484329 0.3647897703882442 0.6400619041499153 0.5978106190342276 0.6374223397803104 0.160405951398441 0.5070712080289642 0.1542201599431132 0.03237383856089826 0.7480975140287756 0.3921426291803182 0.559697215905997 0.06941313827217921 0.8395750027268363 0.4063349707592212 0.1533710699252848
0.1830035354240942 0.6602248878478061 0.6522198772212447 0.05851876033910108 0.426329183397674 0.4497476780031914 0.34234625801005 0.7054678287622835 0.6181983365215202 0.9859942570680699 0.03878562658535678 0.824763683579962 0.736713617094955 0.9811130259978218 0.409096316805041 0.6170561390485503 0.9267664027026086 0.7751188267493828 0.6452568488072702 0.1299615448499468 0.7345092259447111 0.997573307906473 0.02497379435102909 0.8311097818263852 0.498158317560052 0.9354751152601363 0.1435838222150692 0.6512301431159482 0.2093237188608019 0.5960146978855109
0.4934325287924782 0.8695910708502732 0.9903751835684459 0.8489243387237567 0.4676467041267883 0.8417477597961271 0.1608269070193475 0.01793137608975304 0.6250593931431728 0.4245016673559266 0.8480628876872016 0.7463682231798988 0.1843630791221892 0.5341403009924707 0.6110473726834256 0.3595707887557382 0.3694400297117064 0.352262103553557 0.7475598909224677 0.3068023785295741 0.4823736780004269 0.5795370887992325 0.5344239635462964 0.9243414217000279 0.7349270145024458 0.2360977690839625 0.2434483114503727 0.2849947553733791 0.6604434670043946 0.8514671088338097
0.676536323038286 0.9699384419193661 0.09507004570041944 0.4382973804315116 0.6632521323371574 0.3240066337705789 0.4198730599291618 0.143868664072479 0.9985559878411867 0.1765088991115376 0.4524658705948822 0.3439845430888547 0.8558809303486773 0.5181230582995558 0.9859589019696046 0.9380366584295767 0.4051604805322421 0.5994933136855431 0.0008921294746903063 0.1713691200835139 0.2676889836842767 0.2629095375535131 0.3657390344382562 0.184038890991193 0.6059195798228428 0.4577798232873239 0.9477450943371674 0.180765297914361 0.6904140070444271 0.813009586689863
0.2900602056297867 0.8309792864555605 0.7083010303398204 0.2956613743296187 0.5093974637761751 0.4520919042663964 0.403110857410485 0.597718637225449 0.05819840648091656 0.3222117812638993 0.2341560889526354 0.4802231422774896 0.6906013887683027 0.07494378305760496 0.2535604775043104 0.0659247083330784 0.171194495875553 0.1230232505666353 0.03382357829386251 0.06716872145142327 0.6767343802346184 0.2359881283077927 0.4788844549664905 0.5076757723357613 0.01974601969230272 0.2548372285803818 0.9978024321553411 0.912125139325248 0.350220521656702 0.5563550062872891
0.01852245298881672 0.9935831118102231 0.07082276891352823 0.3684958977084432 0.08999277757678104 0.9525640478716361 0.5613604825109606 0.5789818568445113 0.1561065545461295 0.1107596814165895 0.4009285632868378 0.2981751597211064 0.8619074096746928 0.108240852604935 0.01938995197559434 0.1888435548642731 0.4370916954188175 0.5966884563535739 0.5935317878689323 0.6015333171725519 0.8290564690536482 0.1131456671463226 0.1201662714167808 0.1199247661368387 0.2293341789623011 0.6706803379811581 0.2610896760226971 0.2837735635282739 0.2706921735709678 0.1536993530475312
0.8147341604940589 0.4356364678061283 0.9797108381616882 0.07139220840424154 0.2006075296032095 0.1376565775621199 0.1888469445223968 0.2730617287518864 0.2622377343449016 0.8446674590080994 0.5875331150827433 0.9740039808293544 0.1258095377728993 0.6389944259165633 0.5524500689172313 0.09920370846168147 0.4444910270638155 0.5138240881700226 0.01650504390197449 0.9403506141679953 0.2252869403848722 0.03705319536078588 0.4634341490733653 0.6317657259752737 0.8245971280132193 0.6976746799091094 0.6346281707802228 0.6995146068602078 0.4929723061762362 0.139241858463958
0.1829279999278285 0.3537789726691771 0.6810879002889629 0.9270924362650761 0.6329326511594854 0.6176220309844578 0.9302959772175925 0.9310405128877733 0.1589652078642692 0.1344140382836642 0.4288062170290506 0.535037053222051 0.8751763705483777 0.5145111443212157 0.3588092478070816 0.1380674165542061 0.9437298378827228 0.3941533502723316 0.7096201159198603 0.3666002593470061 0.2356975244001697 0.713853474433464 0.6971239417633882 0.827995519041033 0.2120131302359167 0.2308792955778384 0.6404265308369692 0.1565769813433584 0.4321571299134087 0.6700897869174484
0.8087416821499523 0.748625078969806 0.02841057646556966 0.8649192759419898 0.2357665015539485 0.08097648895460718 0.2502175195350083 0.1053074591145152 0.2463601801736438 0.09814914869744551 0.6425206132531716 0.3826142909838837 0.2089901200961917 0.5162709452517269 0.1979973385707635 0.7695708964476708 0.3344798049004321 0.1377125952660834 0.7887534492994012 0.2173621753026841 0.7024924845149857 0.8037962345801358 0.475667252478315 0.8141711045610447 0.472363929685696 0.4387693374346041 0.5841235015784814 0.02977462021166188 0.03565612198474766 0.3917757487716194
0.8843905637666271 0.444416231178636 0.6887638629053544 0.8287452667514873 0.7452994817270082 0.2351030235367866 0.8229677875064456 0.09120729585676324 0.9762060130059792 0.8303318515696816 0.7741973486000172 0.6594720542746851 0.01839245640824416 0.9356303116572875 0.6616126525957755 0.7100492971291763 0.01777483254449053 0.1755946130914157 0.1247650688396733 0.8277219830977735 0.5159748937591085 0.1989021819462117 0.6086487212032002 0.2746069713660468 0.1298316677560865 0.7152287193037719 0.9004975013730697 0.6920851321462467 0.1807665442999694 0.96075784641954
0.946856708776935 0.5743563368955924 0.5277480767499431 0.0454145219994867 0.5209232045186387 0.6792192902950855 0.5567481982825454 0.5377291174211086 0.6742354921253272 0.4049094222004707 0.2206213684257599 0.03886320056098325 0.5880161232256964 0.3892199316308176 0.2192259724385154 0.2490420121401398 0.5072920322882011 0.6435428047908716 0.9691733545693383 0.6768768339355324 0.2774885354794029 0.4832047050096492 0.5106594838289081 0.1373073761279168 0.6843185619666649 0.5756240939348288 0.6350661743472336 0.3554108937822108 0.6516577179110986 0.2230883770346527
0.3885188136848783 0.3569158704863137 0.7577495342991531 0.4145599459949658 0.2949449306535693 0.1840414270714049 0.8617160295540272 0.993782286859075 0.1408675136414927 0.3137800374184926 0.8023293408865089 0.9562373900219034 0.7594519678718572 0.926536825626325 0.0892857486283487 0.8668566855104572 0.9839767983520125 0.5416222197524481 0.8486198971580006 0.3819001459194048 0.6804511918621916 0.4511782768319291 0.6193665831486629 0.09175572000129573 0.9034577736922241 0.01525726632062829 0.5552510637235957 0.102268805738162 0.9656565201961472 0.4990786462974879
0.9848694855149969 0.5837604077391648 0.4991404374638384 0.3948753316472274 0.8631831612649804 0.3370382345419596 0.7287702804082603 0.1091498402982247 0.7659197316842564 0.7270145998308367 0.7667085112046392 0.946854483993211 0.1133279147084225 0.1985614051549518 0.07825639157201658 0.3621545140233249 0.4695504602853889 0.5220257730816985 0.322201555848762 0.9090415974609209 0.640110372385951 0.7614469402690751 0.3963353258869939 0.9793824593517318 0.2429904601403265 0.9410210623585785 0.6789884181988092 0.5325605273852982 0.4534307532809351 0.3327994080567303
0.6513833442625059 0.1053221314797071 0.2533902061185651 0.9297911480973928 0.2063015937185435 0.8174519564180804 0.3497478237928584 0.7317485341940879 0.01758550258985947 0.6924115462319953 0.3791906474518058 0.7833356164979146 0.5332641301375225 0.9150492553577183 0.09805001989652573 0.5230967659809692 0.4438149390516459 0.7988923962198374 0.712978589413099 0.5860876843986929 0.7357624619107457 0.5688942895007263 0.5586384409136312 0.5527559655755627 0.9454814212797038 0.3385954068664397 0.4925532993539407 0.1550422335757335 0.01678147700173926 0.5364787110886919
0.7615059142750895 0.9302651955130067 0.2437822052205532 0.7324391707519988 0.7083234762641373 0.4964929895640194 0.2990330165650648 0.9133376979783957 0.9330563902077563 0.06676874729084858 0.5735886753310696 0.8803920757702505 0.975275806701713 0.9777857470518277 0.379327072280178 0.916863030102018 0.1776089696469331 0.1681985852396105 0.3621364977003558 0.09700202675112579 0.990932136987217 0.6798209459858002 0.5438654072194237 0.9297671514190706 0.9974742584612157 0.8114708734767963 0.1023323457300308 0.08117298905829595 0.4142488137268329 0.5547524279598292
0.6669603537689708 0.7941183349668649 0.6551231894233325 0.3317079420207977 0.787226057755954 0.2240583379512288 0.2548157841417514 0.3502604797482514 0.4455288115982784 0.4699616353431681 0.9082289695044018 0.0214848314386652 0.878404100429064 0.6498926975393038 0.4245590761616502 0.2532968276095057 0.8630644550000874 0.9800834914250581 0.2788103416336052 0.9608897371736347 0.3095909260777949 0.6624980773558661 0.802367374526081 0.4037914015825944 0.9811720993732672 0.3429346482621577 0.109668256413448 0.1575377848527963 0.08241107404637038 0.6166138890395575
0.6034983251178149 0.3465726574453257 0.3879675784738925 0.5957777478716091 0.5089696359028213 0.7193066591800512 0.5669788409929658 0.766077690685791 0.8675265151381805 0.2493001951022986 0.1579379418067167 0.3129513913188395 0.3892039464817398 0.2047447708538983 0.5702596551319961 0.6215296999892076 0.4070635376858115 0.4442797836281993 0.01242334244073573 0.3665688258737845 0.2374089571685642 0.00234190307961657 0.8369024491563831 0.5882984012713176 0.8542354394058255 0.5800849318907284 0.002517665573201655 0.5632668537513983 0.881765970492573 0.02774198982040954
0.2400399778455156 0.07843080702799432 0.2965001550970164 0.8486382733879176 0.254129430260246 0.5607814945623697 0.3720854083359151 0.8507879367328864 0.5165501731880197 0.1559456940922169 0.09691341786123664 0.06042013520877132 0.2539178523138999 0.09973062543015876 0.3853615711964939 0.6564692624870497 0.1971103874715171 0.7459416244657083 0.9514349327434567 0.7775192373751857 0.8534896652951289 0.5766094687080093 0.04385281278341757 0.5267903068255056 0.6006098880303318 0.8053031486220111 0.5379547095565177 0.7252564395344058 0.8152420143909859 0.575550170704976
0.5646648187367553 0.8960229995283451 0.5509059631443247 0.02798351411242084 0.3347349072032397 0.7499044639164212 0.8654274001884145 0.7686362627100689 0.7327136814870376 0.3232588714852482 0.7608530984418943 0.3080515114734343 0.5234751980937382 0.8145885299839941 0.7920475569920964 0.2021733028514545 0.6546019175122236 0.8134876795611243 0.4077471709344305 0.4367664148954676 0.9360604280978686 0.2252470491855589 0.422809263294636 0.6391938810108367 0.3376593825530194 0.3640869746706169 0.1424505807320122 0.4018840646795453 0.06739548278631946 0.873195938010833
0.03753795268451987 0.2919434539143871 0.9218926258430765 0.7684099534367573 0.9383381754023327 0.05406052007288298 0.5427751036712148 0.2412574720933829 0.7257572583531124 0.9707250189478273 0.7573340753153904 0.1193645590124152 0.6100125450402433 0.2442794263363414 0.7134217948378516 0.8462137128182429 0.1046477288897013 0.2628162799546686 0.3231310978879638 0.8719583517827151 0.8577772772359384 0.0662593890094384 0.4675343559626214 0.3594853063669651 0.3087071125840477 0.5830678973117582 0.5005688115358576 0.04831241244275908 0.9942998600095131 0.7977621804875915
0.4784004830274099 0.8595238407198161 0.9973143475566902 0.8597209239360143 0.3627582888338674 0.3778735173377993 0.9516725820921903 0.5562678707883429 0.124355713668732 0.1727032216535849 0.4624368117058102 0.7184007463180421 0.5208767091371697 0.7795365657697306 0.7439313617399128 0.3054594375893526 0.1434773600667072 0.1185826750064505 0.4391532662643115 0.171271314760805 0.2304880951473912 0.9702155149978902 0.4190694600778758 0.05847498184236899 0.5141086971483568 0.2400354794649179 0.2180035269606029 0.9915220201806236 0.6695281819625714 0.09931597633897749
0.7207851357936188 0.5104921602130882 0.2859318394091843 0.677917482662342 0.2547834400923634 0.8941871100268499 0.9170526570489268 0.4163266079691471 0.5122319914743158 0.6485288700613234 0.9259214661674964 0.9067547931009846 0.3299547256258651 0.8041387612781761 0.1266935675486915 0.9124578652363067 0.5878054842716582 0.3980361448600259 0.3382244731863439 0.8216626322890702 0.1045765315483118 0.8859803635768576 0.01842439609259416 0.02451323848660969 0.8817403819994695 0.2005020208193616 0.4509707722892169 0.375605565688518 0.2237698020216418 0.9379031496235265
0.7437555881315142 0.2412235307720738 0.003314614178486996 0.4421308803484271 0.5106739404288687 0.7663653022044942 0.3521279445914042 0.1835287067109269 0.6532161477838373 0.4889078119647594 0.796979911420744 0.7950138998837192 0.9051412303811937 0.03328065438721572 0.7592218466570795 0.9011916652297369 0.2806206751035751 0.5027077743778402 0.0303646356084849 0.3528080741465661 0.4943092573913788 0.8405636081063113 0.9911552474595012 0.8622988403266113 0.5072658007975559 0.05140230583423744 0.5902228695663209 0.4464987555293523 0.3071084499905068 0.09456799040628328
0.07597249359959191 0.5812403205994159 0.6299389165201386 0.349942463880751 0.8418526142501589 0.1006792437182954 0.9568609799076788 0.2625944041447117 0.4090717769775952 0.5601667850834496 0.008784989816511213 0.153334565778105 0.4993623808600737 0.3727844830643223 0.5840366637000047 0.9113508769810518 0.8310442893933304 0.6852610263863435 0.1611978354671186 0.3896584438423798 0.4879778111000826 0.575446003101612 0.7630892969138224 0.34366544154395 0.5640542883040622 0.6801344461981627 0.6346094846971533 0.5457896746559151 0.9717545614402106 0.7436795198599341
0.6293707333853188 0.7991186505517277 0.09259882503713046 0.2094457438876294 0.1847775816459141 0.3293110793723057 0.4644135899346822 0.10820580689832 0.3538816937493986 0.2244896680029629 0.7979608801499093 0.08934157354007488 0.4533981955860307 0.6585365621887981 0.892074758372178 0.5180534370079742 0.5898585078126956 0.8665089676429901 0.5758127139988259 0.1635624996346207 0.6579890765221063 0.7635987904747065 0.6665252753896919 0.6221178720835093 0.1522263171971781 0.4902241598465487 0.4740307600824748 0.259578088071062 0.5672876178032873 0.1464234648224326
0.5387625503752012 0.5782235133867617 0.8368989703422867 0.8154385795514669 0.06714687982489942 0.684069653629508 0.3567180623095019 0.1063031878041497 0.1258708547391683 0.02487057623941846 0.04462226030802741 0.957305271213225 0.6385147085668197 0.511562251635419 0.9846924443462554 0.661947394902431 0.4476454367429358 0.9183016128759929 0.6368188827637976 0.7445956372485787 0.4248143328146106 0.6168298421288665 0.7129045272512801 0.6065108941554835 0.4466658333929112 0.02264605187222479 0.4468912969068626 0.5831788265369399 0.3416785889595393 0.4581387283891537
0.3818764191472968 0.9787792155628401 0.1806230869840312 0.515220173830092 0.586573898342564 0.9898037168823516 0.9741467823287252 0.3707528796383722 0.0555513637597318 0.5813981484294855 0.2397408360641091 0.4353012342842217 0.8918407961955254 0.6564578326904733 0.85343488449793 0.1549729587267247 0.9210522042114637 0.2227540797513505 0.593895971308006 0.01216757670285118 0.6380670605012349 0.322220912850409 0.4501931021899317 0.381994267841912 0.6889965156643535 0.7168385714787167 0.9834791075214939 0.3009839156139736 0.7411399203699207 0.9853258059540108
0.6273114027737088 0.4925571364782715 0.6749682074601774 0.1527225839838701 0.1385220405096859 0.2323143654061286 0.8319236216467886 0.6304064757117082 0.1022854740778895 0.4395193960435754 0.4292031936802885 0.7468064497743928 0.3783474742807801 0.155040236719064 0.6673280004918267 0.945832156131506 0.9102049540525388 0.2032166339521051 0.53804365540045 0.6140643862578913 0.4757847439861277 0.0444525543179245 0.5104432622654499 0.4647239070696846 0.883607694389316 0.8943071162726676 0.8993086150408083 0.1207450465385609 0.1844133707413105 0.245943831440509
0.5311906136552059 0.4377946919216774 0.9001786400267694 0.7342758200475032 0.7608988552696383 0.8044295614422803 0.6401372740224791 0.8116778709318987 0.6228110229399533 0.6806604260413575 0.6133131790184483 0.4023625603987177 0.2018322230968786 0.03733043215271714 0.1513175980483241 0.5979538067408703 0.03725386193902103 0.1294921295582686 0.9370674408094759 0.8658834191329827 0.3897589495974855 0.003620652092570675 0.7751566054087402 0.4501516941539933 0.5421431673684909 0.4043156499577596 0.43248760831593 0.2701773601150447 0.5224400983781096 0.0572800545914145
0.2430454367445394 0.156446633287508 0.381587149951895 0.9158920303435097 0.06924806531849204 0.5074197169121211 0.8415908175280479 0.8544017052995172 0.5142316973688795 0.0712646086753238 0.1564776561828315 0.09366811885437587 0.6765237556544783 0.640346741623282 0.1049119768494959 0.8916746237491281 0.4879897658200746 0.4440769276286911 0.660456647763791 0.9799823684761517 0.3179465359595778 0.8061896247081926 0.246920722331848 0.1233530561001905 0.9801487827525566 0.8356866701174297 0.03812724708915349 0.4517207564234911 0.8796306819596793 0.316306754652167
0.9116663353424668 0.8720390484304338 0.4288464437537028 0.2763205818348258 0.857336785524025 0.3568489764878895 0.5849547594052744 0.8729582010546902 0.02630188803496569 0.820873161620266 0.2702875494529681 0.1385104393716082 0.6355232350217316 0.2931263417323459 0.9732323469252707 0.6644326197696806 0.7130476885853465 0.3189018928310705 0.421078768666118 0.72903299627854 0.9515785595240626 0.4501561259730904 0.07717162404816691 0.4300956539579341 0.06720656753439824 0.9043923157392191 0.9995773837632524 0.3043207235376816 0.4505564799585172 0.2254590935711583
0.2695069171826532 0.03828323902153863 0.4430385344656934 0.01856748774381112 0.8488684371660903 0.5252797180727155 0.5193736683937784 0.993982742775644 0.8928107078274765 0.2113692660480123 0.2090098594852596 0.5391835256306436 0.6269289993210767 0.8772941660906013 0.2165983578881076 0.03871811794182611 0.03660366068911636 0.508446353870241 0.07146328728638129 0.1950397707852105 0.01837361577311825 0.353844489942333 0.7562343691013295 0.8444026265604228 0.531532018709249 0.6528882061006657 0.5239207525366867 0.6081085302409123 0.7056107239532446 0.2408749404486547
0.9284582706857849 0.3925911593626207 0.7481894095226818 0.06041431347853099 0.9676206234344332 0.9993918414246059 0.808294347217702 0.2913566044690389 0.00521653644124398 0.7573595502763208 0.2768328992552602 0.01254677183230168 0.7853266615771644 0.5179249716473043 0.9290397186313926 0.2801141234782623 0.1847773529380206 0.2687827917325489 0.04274984275260862 0.4509895999737802 0.2260009075780721 0.4499061324611809 0.1468148997427836 0.1836524394655465 0.2521245702862827 0.009421208650733148 0.04441455474706724 0.9897540884039222 0.0193041137698392 0.7589387811462801
0.7142242013595339 0.4066795619596473 0.1827653879326873 0.3569675939842423 0.1744420261950791 0.6106797609529345 0.05343426432175846 0.4487161441999858 0.7329806885374928 0.254318274719842 0.1667241077636241 0.256336779779525 0.7843381479122561 0.08581492258832424 0.5375665318009023 0.1265550865993088 0.5808722719806987 0.8353985084012696 0.9101702397106861 0.5232653512151325 0.3151270600833082 0.6463087309754327 0.8891074149541797 0.3921890865102056 0.5681771036598295 0.006588669218046461 0.7938104801060161 0.5207991228410359 0.5311920024286927 0.3356102896254575
0.7685810079632076 0.9750513092614624 0.7112823816372523 0.7962870972901444 0.1127977582915826 0.8309537149781747 0.0122162804215874 0.2979637702090873 0.7727867497235686 0.3888241224563248 0.6584972792315595 0.9855862355731502 0.01088253185242705 0.5239409485245005 0.8889653906584463 0.3094571551020324 0.6470379524067456 0.5689581668645655 0.7234924727130068 0.9080485000103212 0.8820580079835088 0.9308961881901495 0.8036064602570501 0.5306541366543797 0.5338968316643551 0.3834201514307508 0.2389721921074587 0.6780336800146909 0.3676300708747458 0.5568775766057028
0.6044356650238262 0.4341710978910932 0.5236730363527226 0.382085984954407 0.8527203399765445 0.8953905365569044 0.5544369118746021 0.9070715575964949 0.06318822622224185 0.09535085263929299 0.5521774987889907 0.9855412402351751 0.8787737587217941 0.6189102062463928 0.4358221250589922 0.4921774617796135 0.4032162522736346 0.876465303708663 0.7256668224810446 0.03821823556017667 0.9158323890404995 0.2131880558992304 0.2251497688064168 0.7321075455289706 0.831844452236966 0.2175625004632811 0.868083217083029 0.0707060340275103 0.4688120641286382 0.380899993252387
0.4062396028006873 0.6525830107477109 0.9490374517759008 0.5817019912944013 0.2406292433051237 0.5244464993344458 0.6122752297962586 0.3605356138792142 0.3409004533174594 0.9913032729185171 0.3263821475921971 0.7285752963058926 0.9254489544868618 0.5551566455188975 0.6612010118887462 0.9632429534226423 0.0507482222360075 0.9244044369239828 0.7699504986976969 0.6805893993477422 0.01804466928930559 0.3250970554758189 0.5920083511534202 0.6025591136621323 0.6820596656205963 0.9142126100528709 0.1784110141940652 0.1325731101831329 0.6595093495857098 0.6334809021035361
0.1544730628576495 0.5398328929734058 0.5124863577717382 0.7788189279236302 0.5122887789876042 0.6823049716475591 0.8799838500453497 0.5803130329394717 0.5106366185690321 0.3337779032693825 0.6723893606974055 0.2375245377330301 0.338416720488962 0.334150022627719 0.9488039027671767 0.7529511436105591 0.3559955797251005 0.7387953934934082 0.6300043288184204 0.1391082563006906 0.6166995982259352 0.7897173739825916 0.9334918609288519 0.0383448482598977 0.7662189409661199 0.1892387470820172 0.5792496511112089 0.6017535182107453 0.07655150797467491 0.748593217534234
0.462720019231212 0.9747228568940848 0.7916185586690788 0.115096511617775 0.214888490949917 0.155089329527698 0.4855916748636727 0.8267623367897797 0.559909883154418 0.4574496439165705 0.2660132443279025 0.09644309684518293 0.1310012174570049 0.335779959926928 0.2447630841113785 0.4558601530437636 0.5966099442821224 0.5518712424068094 0.04316995873550311 0.2284839559819257 0.1535691800784009 0.8811389412872073 0.5952818820671899 0.7392978476818873 0.7566391744564942 0.4111220721419354 0.1798503534585573 0.3720572763059259 0.2799587476293034 0.0301880540992201
0.08189374195629828 0.1073209576408403 0.08388043887084473 0.37598991247185 0.9813163547339436 0.7919431509030861 0.02356110702203318 0.7714596136889211 0.7763214248879323 0.4389958159303203 0.2251070584840036 0.5047411648807222 0.3019090898093155 0.5142593636938705 0.3345262192437428 0.09982092844620238 0.6830000766671667 0.5164005932917386 0.03563632838274655 0.1171540770925236 0.10796698274001 0.4902595887893826 0.5945740884606723 0.6040521265174312 0.5753289541625203 0.3395622458608462 0.0196281769039931 0.07444309710143882 0.05812280158367455 0.9243809728058683
0.6805602510838371 0.8754633109128337 0.6489323135500749 0.6154525892249727 0.05309862022187195 0.8429893506065743 0.7770181155903789 0.8152609978307354 0.2947887190083298 0.9147003005811911 0.7732744673960142 0.8790998786530041 0.7411337923838248 0.1834457572051357 0.1007721058693559 0.6024500461284965 0.03563251601139317 0.1041683148635908 0.9789295390518584 0.6283316842864213 0.6236040828298205 0.7653167605326309 0.7590198287833706 0.9168306723043641 0.8182999947873887 0.8946401682264595 0.2161777237324657 0.01210108153095713 0.1576284620149375 0.1548264741640896
0.5921231084083414 0.08126796243267131 0.5887529701057277 0.8490571506580403 0.2196785303504794 0.5287160953421287 0.6345755692645763 0.2345649919978958 0.9445807530709072 0.08308865715265312 0.1411753811105154 0.07927321389638908 0.1257491417862885 0.6428968089149047 0.6164942218903243 0.8180833668839622 0.3699005337954692 0.8450443282415102 0.5376138522707419 0.766678717213663 0.4389351502867042 0.003586054971928987 0.8279463681513035 0.6041631436979098 0.9215017752782197 0.7699953655790936 0.1631412627201075 0.8010451659779545 0.3414390977615348 0.5789602972907407
0.8383015053787455 0.9656349297965631 0.7398192313780967 0.1661681854076767 0.6467393281016806 0.6255565722615447 0.9081883798830924 0.7503720799595622 0.1412608337425143 0.6343221235041452 0.1145278159387968 0.4526012826596403 0.6023743121384191 0.04513774850615193 0.7866237379993176 0.09555907883306169 0.5286156251860338 0.2818278692067712 0.7214735196238786 0.6636359745742101 0.1804859460863754 0.5752539863642555 0.2624238671193124 0.153867273711944 0.9327375208818236 0.7026962570283298 0.06698524112346604 0.8267707448097009 0.03959254089843389 0.4084186750230425
0.9162037935922275 0.2222140818004494 0.6843031634885669 0.4321529931129887 0.4653384772543834 0.4129779753672563 0.926944874867748 0.4330030914696009 0.05890920619491791 0.8875533991575265 0.7733791973847035 0.2729202280212464 0.8443134614512039 0.5988692169412524 0.03967340768809702 0.6329222837163084 0.113645552685805 0.8767539082104648 0.9882628965007892 0.9201499308061625 0.7742783097753506 0.7593648591149571 0.8064582672758681 0.02491843613777633 0.3202376151033729 0.9671063908899418 0.3251740057491662 0.6864627906105507 0.8348302755476354 0.6030176377081532
0.6238237501984583 0.2119591512927573 0.7940154526251141 0.6944901235326045 0.7042532357767467 0.5674766030619576 0.5222153215551163 0.331414663022524 0.8021343872904625 0.1530361341342923 0.3976395298655951 0.1221408499839354 0.4335137174927902 0.9359918925742626 0.3772370194015349 0.961932486824565 0.3704145378744915 0.9519005394462514 0.8024617324437217 0.9921371485669085 0.2448987050246628 0.3148360997250049 0.1510829598721812 0.7388050272828709 0.8969797623967877 0.7189924304713284 0.6044011913449492 0.7119230940481647 0.3177032676568768 0.9589263498373058
0.5345720520123363 0.03408580557675323 0.7258134021190734 0.9422402665932954 0.05184640583722355 0.2033787220994279 0.04674473578586147 0.9066329858137984 0.7834267928173965 0.754485704983307 0.4823696610788982 0.647958899098581 0.9381193456681854 0.4613946163536191 0.1945904108902502 0.05066198123198307 0.1685625394585578 0.3519571340163441 0.1674173902325771 0.9832810948480349 0.5969915728406419 0.8277775867026944 0.8307653034090525 0.8962827234415849 0.04540741977691454 0.6589906778287746 0.7211939472996726 0.9578004358231441 0.5342296680811262 0.6335195662934202
0.809195377638123 0.1120851488144302 0.3855308065060389 0.6864116871247512 0.1367863046208327 0.898092932064254 0.6384006830410064 0.2377453120962484 0.3805104185436673 0.6677408168037683 0.04584294125461896 0.07726781278677175 0.7300923355699765 0.3301471925005284 0.1886608937212408 0.2772032001490259 0.1316522118854133 0.1810279549092795 0.5403222156797 0.1920873480632679 0.2976810224386061 0.07276778169273745 0.1084880388614899 0.3669232356893709 0.477447875457895 0.001963244424736277 0.01764042837962831 0.02375004306173112 0.76683169780534 0.5256179593034083
0.6869951735618793 0.6791878845316582 0.7414367191328258 0.1738826507960115 0.9683070155535161 0.6293660763186368 0.831486122072033 0.1928333927764606 0.7915009468159127 0.9177145364352816 0.1318376085213758 0.6740948302719839 0.3446625456618555 0.2619871867300322 0.1397692532442665 0.7269083361609355 0.5704412373472665 0.6474562852496356 0.07776738645894765 0.02478868633363185 0.7703401625094404 0.6957226800281381 0.2409219395908475 0.9365459394697895 0.1299456340835364 0.3276357937104516 0.3161405685542789 0.2053210561787554 0.11057962740653 0.1586327904179718
0.2861345990917531 0.03016602258038281 0.7891267341208485 0.5739954711283013 0.09100997906106723 0.6769362227532952 0.6678613579678918 0.2607609160311274 0.04984267408682863 0.5507858194989332 0.4845048278272841 0.3005023949424773 0.7239252934681881 0.7478196828899338 0.4781422886663462 0.4033790606945865 0.5528957074319228 0.4550939848844321 0.8924306126385186 0.6170699554635077 0.2741160734764404 0.08134303258513575 0.3474160819986444 0.9751517043446724 0.8474472020467663 0.0655812611226344 0.2771032244095648 0.4842541522368634 0.349077929033546 0.05218896014215568
0.7468141821678078 0.324392221592044 0.3642985156816543 0.1844868687965814 0.01938143390942793 0.7944145348670729 0.3562500502737167 0.7627421907263224 0.4306484833947786 0.2538101345054212 0.7377763506188737 0.6635359837088141 0.7131767942411004 0.8543298103825537 0.1834478164764629 0.3848559560862125 0.01182681418628917 0.7471700589316242 0.3156307187934797 0.2633874686167746 0.4623867379237999 0.6767921926537369 0.1160123098515823 0.9927725646904195 0.4222206490922197 0.847769122895495 0.1906762545362273 0.5535177730248345 0.935620016099199 0.4155241474711963
0.6021473255051708 0.8753967894496635 0.7919842253107657 0.4619532285874854 0.6484237828808579 0.130270191316501 0.1097732612975573 0.5308930218323766 0.3954557358407371 0.6507210316882474 0.3842632984976837 0.05594221591884885 0.9992437996320446 0.1066912640659299 0.8921796087421273 0.3723435232936743 0.9087047190611067 0.3479183623321639 0.05177298565180499 0.7039273232313101 0.4072223242979545 0.07745728566387611 0.9202202814157862 0.1308983935970934 0.7642374770807265 0.1120008840510293 0.7146269632375321 0.2936065643049692 0.4559836174192354 0.03924874549327839
0.9708441782698027 0.9327550122341379 0.4374081973854098 0.8495941887706415 0.3271693279660677 0.08626251025685372 0.452900955767721 0.2604075650246966 0.1430174920063714 0.6267318770878008 0.4449382396630736 0.3942436378959153 0.4350020392750119 0.9567808847729529 0.6704458946560703 0.6041919554702064 0.950965328793802 0.6589833559679092 0.1733662803525177 0.08851858089733156 0.8414149888111542 0.9583374434267697 0.4923664080583339 0.1519820444736264 0.7314766270562569 0.7194640533120945 0.9620623708534553 0.690957991634196 0.2975534157973952 0.08456641728444536
0.236857273351794 0.3671124270731306 0.6497750196619961 0.3590973440079577 0.802081849767682 0.6054152250428564 0.8181489132355809 0.2331356032269043 0.3100757037577403 0.02509271078427666 0.3928726529064337 0.9405624531779131 0.6984275839815275 0.01475777401911971 0.9827304950200303 0.6977283604286592 0.9040577353241784 0.469682547263247 0.09060159940669532 0.833897108551006 0.4156878111909054 0.1722172173439375 0.3515484119171803 0.3880029365970959 0.3417823294371656 0.229405462246238 0.3272566991269392 0.3619034003497528 0.06916491013208326 0.5556162952112255
0.3368062114868609 0.9868850584003901 0.9138310993158278 0.008759128171220043 0.1629039611626639 0.2850700947172157 0.01277545444388462 0.09925437018612737 0.3026424254896033 0.2639280982378635 0.3762441068349172 0.5014886760473103 0.4337832609515606 0.4252820886415414 0.1244164785538495 0.01090705960390015 0.3437010903836532 0.5587491581801607 0.8547932232990684 0.7285878642875527 0.2247832416670187 0.887772332582031 0.763283321483552 0.7921867262364567 0.3378215682357019 0.8812937918356887 0.889695655090874 0.2407230580856555 0.8518567580888919 0.04840975208387188
0.3850187939950936 0.5267613788475365 0.1148568276597292 0.3222915698035783 0.3099608807718096 0.4658266586271199 0.7465423355757353 0.5801706461297047 0.1340349478079548 0.7447763627453061 0.471253199002364 0.1331239745768866 0.8607247947371043 0.7153874193826308 0.3803891318035606 0.8875910509642637 0.1366912647526124 0.7264426730839472 0.04234823083106853 0.6399173631614892 0.862902951916241 0.9744483641103207 0.2843665628878104 0.6197429453717923 0.9677853854708198 0.6579013579603915 0.009716014565772979 0.1688204767269276 0.3902820083932896 0.4591733447436344
0.5224446438061979 0.6343501244936851 0.3142874625681619 0.1408970790587457 0.2013512830270797 0.1830716749117689 0.9317528723047549 0.6548134651966619 0.4623366715725243 0.6446944423520296 0.123123359991316 0.03139428713910741 0.8188574677040816 0.7761999443574289 0.3683653086235197 0.2403525254141848 0.1659602276405074 0.2724308522796619 0.7958362469842174 0.9368434138839069 0.9494087229384169 0.4567818122437104 0.9899446166735719 0.1821187088686264 0.4352273785843744 0.4112919738343691 0.9769257139664614 0.4365568880335494 0.5970535656988964 0.3791031494328734
0.3496714844086127 0.6579164745891031 0.02162373105860405 0.9379805140335329 0.05326583401547369 0.1772257983575121 0.3853917643310943 0.9180845223214824 0.9886444085928975 0.4776132160898066 0.1880749243846276 0.246313976674156 0.9861404344253611 0.3370981610330614 0.7193737897195085 0.7237719603153364 0.116319344383369 0.9602142885185959 0.002282820843842459 0.6557332938387977 0.1830395178919026 0.8080806674750229 0.8657706548255172 0.8845956925312461 0.9708963106293611 0.354548182607481 0.5548632175763735 0.0886715716369878 0.2225663460578257 0.4603224907639429
0.8272563226616693 0.009863560988380371 0.2512467719317738 0.8642427334901642 0.7008542394527724 0.3368367331176293 0.6514131098956985 0.2963670907079121 0.06497815527152062 0.5235045155575628 0.1377913461143679 0.04775591961418812 0.3898167911706717 0.4103445319105923 0.3775538109286286 0.9181246479249949 0.4669742099198789 0.4969504633064822 0.5309086949370089 0.601767782085523 0.8861379992269816 0.575709170331548 0.4241263343161886 0.4321924513586891 0.8549285696347633 0.420926544689165 0.9762436776587722 0.3954852745114503 0.868373004429679 0.2900156101444312
0.1809236544614016 0.5869586041888629 0.2830717017219881 0.8775552149293853 0.479116694221718 0.541679925003095 0.2709595671784305 0.2098969970760834 0.1528280679818949 0.174747554176398 0.04834693880797458 0.9928428583325252 0.5580186306018541 0.5112228422706999 0.6596718070645655 0.3709608282259318 0.8589996951171063 0.4806960520989765 0.3390625582811106 0.6664614176783689 0.8199272078158361 0.5478064437361757 0.4838544399237347 0.3317629630548922 0.06062321109172852 0.4008283215988416 0.1536951352415159 0.6006274930347412 0.883659157605975 0.4035944701284313
0.4683509036885637 0.05765144394595689 0.6234146594260609 0.2010279418136464 0.7903929869386962 0.3389988386232451 0.07916705204205809 0.208796160207107 0.3140630824051124 0.2133427629592813 0.7154531758962072 0.9623910278009171 0.3239367196428463 0.9031124882140764 0.7281513002003906 0.180347315449885 0.453569284573991 0.8039143557637661 0.7208310774168623 0.146655512586777 0.09544159859221468 0.9376902393660272 0.03650686083009791 0.6164221114102344 0.4623497738931358 0.1642727043288009 0.3828067406758225 0.2687903050986048 0.4914845116626391 0.03691882663196711
0.5007228748803695 0.2453923392164244 0.3728130949047656 0.4316102974986747 0.5728088697527933 0.04945487898715939 0.5991614008086393 0.9908948255248277 0.8975510237880329 0.2818084261195212 0.6196517003480019 0.7176126257786428 0.3035914545625448 0.4086782764760545 0.5297877487096331 0.07692423454584785 0.2568576640268284 0.02575843523659538 0.7818922336542368 0.02397848010599868 0.7786573366291764 0.1382563060177033 0.988773076255007 0.3416639060776633 0.2126115184740511 0.1031213295737164 0.4176338963069213 0.2426933977484611 0.9167523305008963 0.02721492134046344
0.3896862241912962 0.3125960476670888 0.6792885866065909 0.522369161663235 0.1896546985371086 0.6463246051560132 0.2190402400693381 0.5386471792793255 0.8650786926575639 0.241679117497031 0.374713765885736 0.9634527529242132 0.09096533219636826 0.4020555737227828 0.3773911088007469 0.4503618634194262 0.2997904393457969 0.7265876539853887 0.644532661131109 0.6523617502204361 0.6514130488836057 0.9748529961686875 0.4087805083667887 0.727873032798216 0.8395105146248834 0.8943218818062375 0.5292603261891277 0.1039073873337981 0.9806708555814768 0.7123264457035881
0.0701954843691891 0.6783221489367993 0.7281102450774871 0.4901117289206849 0.3848157948327661 0.4495278317347213 0.5842153225334399 0.2823891170224808 0.9804088085862424 0.8357309104776005 0.3871381473326354 0.3828759764905205 0.4946453586372783 0.836540422181592 0.9138940184194155 0.3355726512309009 0.2116009683279177 0.7342345779375439 0.3278142867859773 0.784965354608276 0.4894221452016868 0.6585057064624781 0.4400503329261202 0.4311844937076506 0.6977379305397537 0.6042975632172694 0.3968878460310775 0.3074972681638516 0.1553519733263009 0.6735599989678778
0.5557861345270457 0.08352460614195167 0.04482401875563335 0.006408052261253072 0.1865068347331946 0.1064242056558996 0.3408782453091798 0.9523449999373125 0.2234542863281825 0.4899203277980984 0.6545383691031624 0.7211055786681636 0.1020413016502573 0.07608753525869172 0.481682942235264 0.008844539813784413 0.6621419903968937 0.8815591933441682 0.5919916720180878 0.1586393176530981 0.9687181097369818 0.7512440164542888 0.2384479225447778 0.9486142545238685 0.6461491008295234 0.4475743013717788 0.0098828243727066 0.5697875941928271 0.4580161784426784 0.2713593608833047
0.6952920794140668 0.9297413990109678 0.1869125383007203 0.3555654687176355 0.1996414600489868 0.2138652843129045 0.3254893221020448 0.5796624313870199 0.8211178447769398 0.01700043874746748 0.2192283732214455 0.4921139143034421 0.3370299295208193 0.6419987372295743 0.1637275387091254 0.8141206253180494 0.5112192364824608 0.7657784110932114 0.1347647868795602 0.2252659269499471 0.9451447290214173 0.8611395100531716 0.1355083739447337 0.5118466268043427 0.02664968113906274 0.9929653228937743 0.9986222102722134 0.4191768464871759 0.4755170748794698 0.7597704717946889
0.1569773934888509 0.1314226437715943 0.3743631141715881 0.2975721231137424 0.7826761228298288 0.02293971690713403 0.7096891348641584 0.9555829491728987 0.7902522262078822 0.04179567455542854 0.5331264044945088 0.3204408041747181 0.4817568358171221 0.3365033401289179 0.4515496638867391 0.2900254205095858 0.2166120240724679 0.1013074007956489 0.9727479166493614 0.7555128143600077 0.6888210821271147 0.1322969042998547 0.1954185811390123 0.8920567212597791 0.5992901227672853 0.7730363342619448 0.1099584754661369 0.9746659774522952 0.01241175401147465 0.8238352532409768
0.5619741440728541 0.5735230600866446 0.2799568048696379 0.5646134410353941 0.6816393847331941 0.4250410595206696 0.9262903265054484 0.7792560527754241 0.9359100841800179 0.4510015123115511 0.939165631028912 0.2323260582977036 0.9104389393214793 0.7852127432489615 0.5867833676788953 0.354130212109906 0.9020499483740065 0.1423177069739682 0.569839208871581 0.05245964754453636 0.0554546517484571 0.7598609679867444 0.7557996154062961 0.8828655677448073 0.1637240260413941 0.4366671679311505 0.4614421212603893 0.5154532082876838 0.9614723510536997 0.1065069025266314
0.2124165787553317 0.3962316739610162 0.04131302317856789 0.2707841952524825 0.7335077321663163 0.08306891281969719 0.9611464917941386 0.7904722264432916 0.04273968961645813 0.6192438113067229 0.3912713652324414 0.6878472489941552 0.01768040283777528 0.7192841589033653 0.8519001057504819 0.8331296589288342 0.1368672933365659 0.9588589457382641 0.1135900970272838 0.4542764648708134 0.9675054399904117 0.2052066820192615 0.6715563815187171 0.00197863116191499 0.2657263678756449 0.8285083009961565 0.8524132947159074 0.188978717315244 0.1682757758636365 0.8424274383236878
0.4582949457506365 0.8761330945309249 0.5714322951152239 0.4570259436721522 0.7809561979460902 0.2048587210933355 0.5626664534228664 0.5092910162726528 0.9073199409650174 0.9666161286270025 0.7105801533839584 0.2144933674485863 0.4274000537149553 0.7758483757943395 0.4324158050695285 0.4371024883747534 0.768588332395193 0.6045814175978116 0.5946968069936023 0.4017963098678504 0.8519458014294373 0.3967104252809885 0.818928413322037 0.3936136424147622 0.4185575483742334 0.3524965516399335 0.1809953847928094 0.4597608490747302 0.8818233280280002 0.6483201353316099
0.4700106146217368 0.7457789257592571 0.1604612468573111 0.802419389875382 0.5362129401110228 0.06578401977782211 0.9986827954895171 0.8230808115246429 0.7400486637701471 0.2006371362654616 0.2232028457800002 0.2685330307639718 0.1916565930748949 0.9859020059491083 0.3456730364604319 0.2699819752083309 0.3810442254476668 0.3315330177573832 0.04943215590584715 0.520892294272445 0.860433549255106 0.02844408330541714 0.2265894109060393 0.4603087646010589 0.6871010205551864 0.945876221391047 0.9198011719379406 0.5213597886995852 0.7744481716233956 0.2581417341063557
0.8601459215687858 0.582448020085814 0.5064739385727963 0.1587793640345397 0.0983031303278602 0.7063274926811649 0.7231440765210122 0.2178803155545871 0.3727838401041745 0.4465128798985077 0.419288576752551 0.8362983330257653 0.9329596571244124 0.02110710747136979 0.8342566513120926 0.7913241530245688 0.1959506955266503 0.5975325127491572 0.2494674303713675 0.5658375602431338 0.556489881280213 0.4854699080553824 0.8009381914806958 0.1265492728608788 0.8457526391101433 0.6920698870514352 0.1816068724047832 0.9002573115238222 0.8107550813108781 0.659627720516063
0.9331651133324236 0.7505168897818908 0.2503406381019757 0.4674238368590585 0.9043773172414172 0.8483585165955257 0.5546705452457893 0.0259877717428616 0.03859004015389045 0.07232462729234423 0.2302212157204978 0.117131764111659 0.1891140592648382 0.8850502421115217 0.3532599751547361 0.2423003167385578 0.4950627913117873 0.9252994491943741 0.9748202251095617 0.6375358433125152 0.3449437041220776 0.07819989971593866 0.935746506966054 0.1401760636406369 0.3337622811393275 0.9691464477427684 0.5493175412948333 0.3656702161263722 0.7923895193202135 0.7009874998391064
0.4593306345759282 0.7199791633547011 0.2767102251046623 0.664902226656815 0.513611291683275 0.2269855143304111 0.7702075059269439 0.002165615053913661 0.3315439964534492 0.4358960447079048 0.6443808174205715 0.4875894842450773 0.2380804918630341 0.5042357291654802 0.2583085507592096 0.5736836748532675 0.6991557451622953 0.1984809626897491 0.4050881320485819 0.02684336844850921 0.4721388106562187 0.9237161476423231 0.1888693063288652 0.2030752434505614 0.9669991711547703 0.6130912582907468 0.6020065343079827 0.8965716760982063 0.02647319150598149 0.419894834647165
0.5582864686690882 0.4797067571608414 0.4009559207691067 0.5122650201349451 0.7421266379678509 0.2550958232888312 0.8074316088801027 0.320837128745553 0.6529322945986886 0.7306307656813913 0.8951463153216039 0.8531480998928135 0.426056719132873 0.5346595136909827 0.9339827801496204 0.0482596373785239 0.38657671660517 0.8069507385505158 0.9192692259585798 0.5138638638411448 0.3109416625902012 0.8785107115364862 0.6788660439449973 0.2285170516229246 0.6083847717636522 0.1371958429266734 0.8564668239992157 0.1230889661951603 0.3960943498011936 0.3967197225866542
0.7861333516044099 0.1230730247036076 0.175391494685099 0.8038760520987894 0.7524755617708222 0.5116902975401287 0.177652385395335 0.4832260294062048 0.8446940750499575 0.5505101715896134 0.2972995024427181 0.7089055434718001 0.8114191709063578 0.3779227841169741 0.7483062096604226 0.3898508827902433 0.9436159519013808 0.2313648518293513 0.06875085964851391 0.2232546072690321 0.3671621205654479 0.06779201308999516 0.3386033210115503 0.2089154525815231 0.1638869810646064 0.5719111039271243 0.3207473789849991 0.3835206176350341 0.1358980587061972 0.6802447234131842
0.9046606753733818 0.8920546846958211 0.9836399556052995 0.1413724059958947 0.188135154596668 0.5764099265758847 0.4971482255336815 0.06297759183672991 0.7926229741376588 0.6145799941253073 0.156791436852032 0.3785586585898346 0.5099753837598845 0.5438881678531479 0.09067139693846038 0.9330321830314632 0.451797186816703 0.113043759725572 0.3240382365981649 0.5270670488265536 0.150082641557494 0.5146265211514766 0.9255708308906885 0.3170570465042979 0.1832988766294769 0.6207016821026496 0.9163529313109198 0.4218990651846413 0.7683879659949686 0.5836624092947875
0.5171359726536018 0.4407994659965664 0.4838262917058463 0.1195717397456402 0.5396245667150156 0.6229652528697986 0.2801063372161566 0.4915007783540227 0.7447668885943847 0.7910437333392039 0.7375584246329334 0.8590973555180891 0.212667359687683 0.7960095336198622 0.2493105259123457 0.5432569537993617 0.8360301062559521 0.2059992446423099 0.6586818259799117 0.8156812396165454 0.7244111523195139 0.08623133217148604 0.0924311131548321 0.3449329764973198 0.7789364152344759 0.4029448936958645 0.06836208541866984 0.7912027635095406 0.4590974516463396 0.9044922543688655
0.7465692790733366 0.8022708098560277 0.5429430882462545 0.7714045625477642 0.9301521864216966 0.7884869415385651 0.5493918389060829 0.1628574345001436 0.5495520402342177 0.8904747407157183 0.3554106046743635 0.1536872188445458 0.07125125733392712 0.06589962211919353 0.4680388056270417 0.2283635360143111 0.1107352697574477 0.2872359612923167 0.4083986019859419 0.7036279656289611 0.2596440455185415 0.9163753885566376 0.9586882041489067 0.9054328233193727 0.2546279336728947 0.9943206669501309 0.9880763829016389 0.5395663379713389 0.8973479165597626 0.8899288713522013
0.7594805333650789 0.7970866913809663 0.7155336174427509 0.5445818521798966 0.6624187512025426 0.7428192788207494 0.2735231802219765 0.1443277344424865 0.9133439125857733 0.9905838788975606 0.5857569960750076 0.9170306497917614 0.01761736172387718 0.2374405141522828 0.3644295488455047 0.05010446915533395 0.622558877045939 0.8319755039758563 0.9032783346081291 0.6585262536028148 0.9602209834736596 0.9775194552562585 0.9677658648218791 0.002262344159831509 0.3385776849019578 0.2680147625069874 0.05569943578125003 0.1398020672239815 0.8461315660595206 0.7294710604729995
0.5517476003014512 0.8719138005532427 0.3626156047172474 0.2958476148288804 0.8089532064516339 0.7141698086354618 0.3707970090595232 0.9372605940874001 0.6352861653484276 0.1395439747563588 0.3047547242654322 0.6582599005855687 0.7348735453615575 0.2819176855030197 0.9053761432251363 0.07175464652672392 0.9899168412561294 0.1967159346348709 0.8285325738542916 0.913527394581429 0.93593504681703 0.8440362975526438 0.9046168589186317 0.8367371873316638 0.18864022324958 0.6111439718577469 0.3973278315547077 0.6622465448348984 0.2913149412281624 0.4233333569180574
0.7367384707469882 0.7337722662558089 0.1550276321324219 0.8249503322534802 0.5135400147498043 0.3410670062959299 0.1925153231120953 0.9577665081209402 0.8879684279276959 0.6373001273331677 0.273363268390326 0.2523825666519236 0.4946621072172809 0.9788648112901465 0.7541615787503044 0.06937553037342137 0.4895249399776458 0.3124544941636779 0.6455088217167005 0.1455063680037392 0.7032521094724128 0.8964831526541321 0.08847514912267329 0.8210229468143132 0.5008165832689725 0.8301952951898018 0.2760123328570045 0.8399753993301232 0.7993838394625513 0.5874982018377749
0.7722764586537193 0.6322411148898006 0.3903444859901085 0.7025455490432009 0.8403024530443941 0.8195412350261173 0.1990731482713965 0.9276792491949367 0.3931420510633203 0.0916761988211201 0.008293716369615844 0.7686443140866316 0.2675178221457711 0.1109248311333768 0.6081743762078595 0.628220350863992 0.048610053697139 0.1849641848119594 0.931240968048653 0.1126084684220077 0.02403896488355661 0.8600333497910215 0.2198246575815338 0.8492891802496648 0.6442392378471581 0.7714606395636 0.6281942214097131 0.1735424709969201 0.1869065331767447 0.4680614190041176
0.6888136736973256 0.9029739408205468 0.2480807946885658 0.02284529627041176 0.965235300718532 0.6272352780895507 0.792760811628386 0.8885656860982639 0.6328596476870076 0.4338528325281669 0.77836823629824 0.6638156702699108 0.7456067737779014 0.3180355052980747 0.1592909060795887 0.6911960503087122 0.4760216241374003 0.3876449896644055 0.6328759155907895 0.1705055400211096 0.4809885785088095 0.6883781345423398 0.6079616321489688 0.04937845056235057 0.2439183306618152 0.1765540123311906 0.1991310402123621 0.5688949967162382 0.9170348987411637 0.2066348299755963
0.08267703391996528 0.8710422000775877 0.7053102259216438 0.6306542481127201 0.007114295393492065 0.6092619495878755 0.796813710081845 0.5261923147209852 0.1587056042209507 0.6720997371975127 0.1516927222571554 0.4397737978310944 0.5253335902061249 0.447618351039236 0.6446664484220905 0.526448835240637 0.1647534797103881 0.8797948403928164 0.370738679710338 0.9321842847188355 0.007812983299040122 0.1247975571856664 0.7103104206349801 0.05526515893721284 0.7937075663203172 0.5651879784120309 0.4938473039404973 0.3638859978314809 0.4941521509768577 0.2703205346875602
0.1934601942617526 0.5234052592452099 0.1012550515213528 0.3933723092500888 0.6771037004657139 0.45029447383906 0.5237035392773731 0.6286836012192213 0.5798357033294808 0.1130191340987486 0.5566234347624965 0.6420949527421668 0.3142242986678593 0.6980086483904256 0.8106189527807313 0.003778029878051536 0.5754973198935723 0.1084449098892313 0.02591693829931019 0.7361890752939163 0.5878622931047865 0.8532466471217185 0.1048090867666317 0.7444308794066727 0.8984116812912013 0.4193838979944509 0.4451991631228216 0.0572605008235989 0.8136800385782461 0.2995166724662645
0.2729473276738116 0.4126261706295161 0.0007145643304549143 0.4123486389217759 0.03594288636171483 0.373049640875623 0.1603903227031791 0.5807707842893938 0.1901732339961164 0.8912432887078708 0.8713521980823717 0.2246688738315525 0.9448976042427526 0.5558319105214823 0.6932584390537309 0.5491205614927809 0.1322792022569667 0.01866554891494376 0.6318848993936321 0.2602118105761455 0.9567336344858852 0.6618541489791598 0.3658991784755624 0.8958492221365101 0.7830879021142904 0.4595146584778161 0.592354779055286 0.8422469091890167 0.9486058147119115 0.5848001595410293
0.2381281361509584 0.7504287966732518 0.2515669926078478 0.4356779305039923 0.8522234218308259 0.2724995455692879 0.1929099142621165 0.222061195480373 0.715479203177209 0.5680981024394811 0.002874244452134245 0.5701200376066338 0.1221620070416335 0.904496330460786 0.1759546103242932 0.9563861028663725 0.3038980271706899 0.8574111682229009 0.5427825141775231 0.4807685628812198 0.5327551100363521 0.04582817213721491 0.2703225627246564 0.8043760360657627 0.6349196688417592 0.7612961253276169 0.8735876791292468 0.6770345949501942 0.9038301722136441 0.3539594777807982
0.7335952341964312 0.145286181406784 0.3751824624075751 0.6059336851795921 0.9320332346123593 0.3155972312056519 0.2983083774234182 0.3942375797955223 0.5246125226864028 0.5250411127702767 0.3577949426991619 0.2880636826240041 0.7439782463866517 0.9171467427547323 0.2796793245514164 0.3520181447088747 0.09722701194269867 0.6686108277269514 0.1797305829814265 0.9902553492612037 0.5870099941658091 0.6595388328215829 0.6192143556337832 0.5701140101432318 0.704108968680048 0.6545439423199502 0.6073281296761548 0.1123044329730121 0.05337044383271161 0.1717201867735964
0.7303184960772208 0.04318449984954709 0.4768582876304993 0.3120734141316935 0.4621681483692749 0.9513306238457147 0.7115256150214223 0.3212965582923216 0.3603734185783165 0.513463796926954 0.1130004332508443 0.8435066928612048 0.4190033482728883 0.0391766517590143 0.3254754468886416 0.4242402880359969 0.9541882308519323 0.6405460677756596 0.5790523703175313 0.7159507818715608 0.06414181759853232 0.6015594868468198 0.2585413857234359 0.3331074130910472 0.6167354918758327 0.6838737471198942 0.1106640947901579 0.3077695146089078 0.2161654937085189 0.847295363726757
0.9761010456330345 0.4766797565243867 0.9125755453258638 0.7936781947047955 0.001862907213698306 0.8449723462756508 0.4423992635804236 0.4628425637565381 0.6225022561504115 0.6267748754719574 0.8324612120913478 0.1737054159132093 0.6930639738224462 0.4564429411331993 0.01819209786863951 0.4754274476893089 0.844597444641116 0.2163667638997264 0.9633843574835175 0.8734348583777651 0.6088669037624929 0.6549675800640538 0.5619535152869261 0.1573115737853571 0.07243717611202161 0.9225681630375784 0.2066187411968073 0.05172813837262658 0.2547446846381007 0.5418349931547944
0.4498802421105157 0.9463056801400077 0.2774716191228175 0.3987564748435365 0.1636354518021997 0.3435905641515626 0.3528939580799629 0.3363549968692673 0.02040924812608991 0.1550093762992762 0.7590891437929186 0.1708542821760559 0.6058362964313356 0.1198481882371281 0.1618714698813651 0.1722001048794884 0.4598034182720329 0.956842178176189 0.1350604455898774 0.4830818346998021 0.8397249350836763 0.6411102965481255 0.7981258456624299 0.5246370181109782 0.8202897613138176 0.1682071759593005 0.3962237891415905 0.5882218656028336 0.4198870226876917 0.1250578913128799
0.8060181086902863 0.988085902911195 0.2311187595170446 0.8616061312950208 0.4869338856136096 0.4768430793084398 0.6472314847807218 0.6054459825452073 0.08889725692880779 0.6949544836015825 0.8615276225799859 0.3061537246342927 0.677884478491296 0.6104339633909711 0.2170228844863301 0.1768919267073122 0.1688585134647436 0.7284565823805198 0.08567925436228774 0.5918558635111443 0.1466917836802482 0.5904366227549515 0.1945900854774262 0.39228630167217 0.03056271158516377 0.9297415644646055 0.768230217879055 0.5266738728922192 0.674111786348255 0.1893760591175568
0.6031404090519109 0.6326541970435688 0.6813664760885587 0.2139796265293192 0.3535659431102267 0.1169335994114631 0.9840979091551847 0.7163077440602865 0.9802682256954873 0.8740950329758073 0.01990507116673823 0.7967056862388923 0.3322830442925515 0.006660953863458108 0.9893119957633821 0.07501544894079692 0.881588545408723 0.2020820953383625 0.9364220468510079 0.4252903503189956 0.4102638273095591 0.5491772273466334 0.6953455948462716 0.3007650415925296 0.5991910478660396 0.6600687185958508 0.1326202800718322 0.004060192513985372 0.4705353003300615 0.7844429421410974
0.112031162586758 0.8614002349124665 0.04902215196197934 0.3665393969436261 0.6273463679112123 0.7970543356014278 0.4661527993473017 0.4697109143500953 0.7610347517616907 0.9838617119812362 0.9401656875302338 0.7339915369856171 0.2470324467472127 0.6458709210501927 0.6993713879431397 0.7909885932384941 0.5690201898006154 0.05488843932854182 0.780612808278453 0.5560150817913712 0.7937944422405745 0.4408575078203115 0.2620102431328952 0.6831028113000109 0.9338180527429278 0.3648922691426923 0.1320376106200071 0.2153519489922098 0.731466074136207 0.143043056196043
0.7382554116223181 0.07781479202271346 0.2362315413837732 0.1805350304657433 0.1234325858464244 0.3717800725259651 0.8645105290490136 0.873388929130725 0.2351309683884347 0.8331736828909269 0.616268160103605 0.3959945525128521 0.7658374864110564 0.9036612478191088 0.1690195002169373 0.5188700145445556 0.5601564692823526 0.8304008311050531 0.7190910926531213 0.7705577279686643 0.9924472027722276 0.2068329108359641 0.6567513073248487 0.8444871647689507 0.5505958699541095 0.05150826306589529 0.8252139458754831 0.1800564566072517 0.9256123208537544 0.4815750268690255
0.293214805219691 0.8304711026400184 0.684408867103774 0.7094004904651451 0.8829835382270689 0.01736887821895117 0.3862728451416623 0.6943202837058294 0.2436784665386247 0.2120710309970631 0.3591570334420702 0.6969232047380838 0.7721390533669146 0.4734252394373597 0.1761563969715584 0.6908136155781009 0.1242616377301899 0.2732403135180286 0.3913811933127138 0.8155926336658611 0.854860816004738 0.6441202261636854 0.2233617344054364 0.3396014702658988 0.2311101410352285 0.847032628274256 0.3844116694693165 0.6019253395454607 0.1351488118792908 0.4536367869010217
0.4790745008359357 0.470715176137405 0.3564160331555815 0.02520508098775209 0.1166110940526123 0.4647000084158218 0.9325218363411991 0.7850641852365502 0.3702876393024479 0.1418830087199032 0.1452524079904426 0.9389149921328713 0.7609709465990425 0.02672754361688434 0.6287754191402041 0.6315411526348317 0.9326509151447193 0.6692335937746691 0.4912598501534651 0.7393961186017598 0.5713366685445612 0.7724058204626488 0.5837245075069467 0.9333638917579806 0.1761797280698003 0.1582323037000215 0.891369978658776 0.173917867646693 0.1315583922119709 0.3452117202608949
0.8863737364923805 0.9403041665789252 0.2573952201110328 0.09588393444071797 0.7764260245470943 0.9248630871982625 0.002103637393081392 0.3058996933740087 0.0685536910890272 0.7536159630830807 0.6291032761222051 0.3943201728774377 0.6550478610289893 0.04411154242788007 0.3302438909519413 0.205448788699557 0.2095181370497748 0.677073319538089 0.2064127803730561 0.7405739314561495 0.193213746715465 0.2573818138401971 0.06751584355799345 0.03978047658324324 0.8691560198036514 0.8585651268037175 0.5635051879942644 0.737658104138357 0.1435819934050754 0.5598321236306596
0.6127272131602637 0.602955407656349 0.5377988477068063 0.07996221147040572 0.658542801734034 0.5018083691070995 0.9426394670567264 0.1623891661335785 0.6772010996505291 0.7981211395386627 0.09899039539732601 0.5506815166375202 0.2243769306750186 0.8394129870054562 0.1076797628304714 0.5588035016015602 0.2626579908563885 0.1111619488002571 0.07758263110942631 0.1977988148018842 0.3789149140392818 0.7062109186958414 0.1337007336096997 0.1375581300116543 0.5604162718063957 0.09770448396760956 0.2846315389361456 0.9783146834486535 0.4115646951176501 0.3753642887723899
0.447398136803716 0.265421300907967 0.5942197287151028 0.3635380187218392 0.5615470559995257 0.3764979787652487 0.9461280124209406 0.001011367113919914 0.4521952020891294 0.8290101434826213 0.5860040202204079 0.3607709174974909 0.1112767464082995 0.6065620951619691 0.3001979112656328 0.2214285217708 0.8741266088752236 0.9362016031889689 0.2320403613064946 0.5479935685964936 0.756163759701537 0.2673505698445722 0.7530992654031506 0.2251956573403922 0.4362791919289393 0.007814575680946678 0.1783628078536412 0.1818589197450324 0.2451234268277599 0.3172483867195994
0.1998723958627722 0.2755427893895356 0.6664889898937804 0.07087567633463498 0.8180272504210269 0.7441707973698233 0.04777457875254865 0.7923970819170811 0.8345031752880937 0.8905172352244134 0.05684311008814891 0.8382186030080275 0.5982685672755174 0.4572507610280226 0.432581380623557 0.6268473449330866 0.1892051544432203 0.318427038760468 0.9366695297474288 0.8951997701323505 0.7616166710991579 0.3972714089515844 0.4099126405534305 0.8161219187104946 0.9747060966668173 0.4670163765180728 0.2948585017761779 0.5635753679730597 0.580032551098834 0.5028770704925014
0.4094644397757918 0.2364434882375563 0.78665497573718 0.8618014665987741 0.3914525907737503 0.1413389366089983 0.495777736907932 0.3283631727565279 0.3472540759564021 0.8297851359047053 0.7835274691805024 0.08697288519542279 0.5680477198559697 0.1656493123203282 0.187129152617605 0.6079691229243747 0.9693966811989038 0.3409732803990897 0.5394012341752569 0.2784320240388372 0.6406342823790994 0.5951066093564747 0.5615897172566642 0.5703727942812796 0.3691438325321754 0.7418604958974633 0.1704394804096068 0.1676404256685433 0.5328992906694388 0.03971636226190822
0.658684213070303 0.3271734349922536 0.2761462143799461 0.498233429474597 0.7695237560618097 0.6959284165961585 0.7883594912906261 0.8061231109014888 0.3126581297038546 0.9382435631281366 0.06158073196901359 0.8777719096022046 0.4859673434460837 0.2804759297778199 0.5244759978456813 0.4294030029581527 0.2421924076511707 0.5874010473230827 0.01505499542961275 0.8654661537230715 0.4953878716551963 0.9836039419230577 0.1978483016475939 0.3620051388246924 0.7249944673922233 0.5880932617018412 0.03041493173484877 0.008564580091498963 0.54593435147571 0.4375578351380705
0.8458303859029228 0.1542446645669777 0.5865449030657031 0.8741823509389812 0.4144971959843512 0.5876067898735053 0.5137078756417703 0.7940208072822172 0.02624117487008781 0.8307895996606188 0.7985960648554333 0.774035374145008 0.958457417701558 0.1247195325769962 0.3422557431710251 0.392033264107713 0.1038446407980088 0.08070688003630555 0.6358848081260879 0.2437753698145192 0.2998622995146961 0.8358442440080532 0.4008832987498493 0.9842458425421594 0.3637576105810714 0.5928501373787198 0.6437595563323845 0.2539712085873206 0.2690197777764703 0.1845087318962598
0.9689184727394613 0.8114903047074037 0.5800254324462385 0.1396716144078215 0.5085601484077499 0.002735130866602486 0.7225155246495485 0.7728954899066202 0.9037548539157829 0.2331444488343264 0.8047663100905081 0.7348446321217621 0.7554164407620666 0.6627770618978736 0.2326016379629853 0.2630142408454944 0.434455005090935 0.3104365755393748 0.4447166445542092 0.1633203136312771 0.8210643118863469 0.3086664266649809 0.90607042493289 0.9889734565685147 0.6312787218115025 0.5138467878618597 0.5168821298885707 0.05729572744113054 0.2516729043900476 0.2838635326289091
0.2052531353012943 0.2614605894224179 0.8138438261254121 0.1992498723869812 0.8579846254867231 0.8871554044750837 0.985045931362165 0.07945313408798027 0.8898249283609677 0.5598823534841023 0.6257894459901562 0.2857469245199297 0.9189306184118154 0.8194922131932726 0.144081131360885 0.9277121320809207 0.7970490054192152 0.8598816163802642 0.5863553373499599 0.5932628319529282 0.1788574650092561 0.9095122012952783 0.9608617090712751 0.1017388461208274 0.9230919577812443 0.9891198762679576 0.6743633435904662 0.9595860925568602 0.7860220422337549 0.6498174240847809
0.9779603832647484 0.2970191656099385 0.4006297170648959 0.7487693379978138 0.5775699035490798 0.6567221797947118 0.1450918012034671 0.7078497125075789 0.830318257182302 0.8500797162788287 0.1603221800217376 0.8120422002933487 0.6710791137868835 0.3187872420097276 0.5087640447737329 0.4668450931749301 0.3747797828353399 0.6101536857754049 0.7395725354462134 0.8578778118212654 0.3897488900672994 0.8858105130008209 0.9556057794751677 0.3021458586620764 0.4609499479626485 0.403983880870334 0.2541241984928535 0.2855134344491236 0.7013994041400179 0.4845063676912676
0.3985343942162185 0.01168273711286483 0.7829250235498035 0.4377935821100838 0.01895914372861729 0.2004496706964984 0.1149998764659781 0.5747094754701834 0.09805990733204206 0.3046021268039754 0.6763085329388647 0.1173225675856319 0.1098650814621952 0.05723739863627164 0.9854535227305566 0.4235662061654032 0.283325850134994 0.4917719648432688 0.3974757311162228 0.7531174229366394 0.8702509056429881 0.8857264257181043 0.7534132540371885 0.2527238001974296 0.6956676038155658 0.2117131247169042 0.6832766469299344 0.1525186762408191 0.8992200009931218 0.5184649511834961
0.6258603052329035 0.1359443300415857 0.9362235488798989 0.6770646231875858 0.59293681643829 0.9380320078854264 0.7557958062741731 0.8870517613259973 0.4249329453197849 0.7898687932608723 0.5480657003201869 0.5718685532886608 0.8186770126145022 0.8346206064873346 0.367877401206795 0.2412238291535599 0.197682272188176 0.03019253832238944 0.5625447019934273 0.6965346001349816 0.5623991003966017 0.8471784523239512 0.4943832657872541 0.8257008258013678 0.7209571063353597 0.09137201169294851 0.2158386515105689 0.6178622831940069 0.1104104380551212 0.9688321217997548
0.8483823699799655 0.5542110767777748 0.4220350963260281 0.6851011687934141 0.4866540024816206 0.8501096819024917 0.2230006903444152 0.9580394436277093 0.6744098937919084 0.2489893887988154 0.7685280574658586 0.5632704278213343 0.6123033295371425 0.8889565107820943 0.4529808126977402 0.7170902592793845 0.3618316468135623 0.9179667221750699 0.8547113334273627 0.9392186015540556 0.2300738112024915 0.01780846029784566 0.2139651284967508 0.3753270671535816 0.5947597820036108 0.09474773681833026 0.4742296219071319 0.3953899692151829 0.2714700706988082 0.4111218228018064
0.004745367318894411 0.2443905250725648 0.3571787962568119 0.130192978631703 0.3480823021945804 0.8118656834349477 0.07278451830856625 0.6776281770111087 0.9390427559846702 0.5564221409756577 0.1565695990223488 0.7207068082798449 0.6451425809707109 0.3714327055526266 0.4833827649405329 0.9224331509966739 0.8464099879936385 0.9938868059882842 0.6000736499783337 0.0779729879099077 0.06276834863002201 0.8518598170405104 0.1771794770832633 0.3159127961464938 0.7331717113144037 0.2334436339197166 0.4970767511662272 0.7088432849700712 0.9591043932040558 0.3732607972582849
0.9146522202465519 0.578441711530622 0.6599858899451322 0.9572225423520031 0.6923638689484928 0.184901573631 0.475167721537146 0.2730259719700894 0.5923569736607236 0.3856384107975429 0.7552598018744675 0.0687357084788206 0.2088451397332081 0.2317053186707083 0.7186054230478155 0.5056223891858487 0.5079758027414856 0.3343087900794062 0.6375412941819301 0.8760858479514452 0.7017446919070737 0.4930940946726946 0.1974152431104774 0.6233346245563718 0.1146863223975948 0.481440423771558 0.293046939762496 0.9118924454299024 0.649204948698589 0.8557101783463352
0.2127495242344766 0.0671446539214533 0.8369164802479288 0.5506707149156445 0.7206416471839983 0.4445154573643064 0.5542094035281598 0.5030016418608368 0.5529990977883446 0.4777917301353667 0.10542922478036 0.6331660422137372 0.6344619451959103 0.3815177180732512 0.6681552106130524 0.5075978829930309 0.9745300536815563 0.8268583865288766 0.9791922786920588 0.9559765546334625 0.3749700410828036 0.09282680048296621 0.01828914564608075 0.9089224031507235 0.8001448584298431 0.7915577247411445 0.03017854454765712 0.9307461552074358 0.1552640451072552 0.1022340031196591
0.2743558426126578 0.1317021523524572 0.97900286769572 0.276176487566437 0.1526407414392196 0.6232305490519101 0.4419451948998686 0.5641601536432174 0.4858202547053404 0.3671650838686981 0.791910027670923 0.9562838435192753 0.2763235806491454 0.3951593672056134 0.4463073374022705 0.5291425748176508 0.4403407919395951 0.9748789284430562 0.5472732151758808 0.02148315294639958 0.9112971013795776 0.8617823580529816 0.161900933278462 0.587452677589158 0.7920245383290847 0.1728435037214588 0.5128812356581461 0.8771071636633002 0.6681034599864132 0.707714004639762
0.161387761381967 0.002830264239100155 0.00566063555520846 0.6902126516686304 0.120335857614882 0.4573318821345347 0.6306383771845774 0.9544361705520169 0.2977656381799381 0.9663101171020035 0.3859476012169152 0.6525256054077168 0.7377752575336656 0.9369619386819757 0.907323120877856 0.2003025039378417 0.5641939781841545 0.4958297017206165 0.149297551159685 0.7314354608181548 0.2343093639494007 0.1910937624850451 0.1387160000852321 0.2902737788683649 0.3125060400637216 0.0002481096914412895 0.3458940939236862 0.9603664722543761 0.5892684951796643 0.8884866079006785
0.2568100570070325 0.0001895028112405273 0.2596690336265048 0.284769374807943 0.5700468386300837 0.6116705606661748 0.1728894273703334 0.04872296724609204 0.1360003219096322 0.3397219298838894 0.656286745410787 0.2845947330392659 0.6798733462894249 0.5006178266616238 0.494170155597741 0.4580656979461577 0.05284311078753423 0.4771423216727405 0.9206648452849728 0.7866763836547401 0.1100463517715305 0.3137892343257069 0.8757731487660169 0.2418426761154021 0.2916265100788059 0.4100488330475595 0.6666375449672162 0.1476309094402463 0.5093151625903353 0.1266646935579817
0.8197677116660136 0.5791311631403341 0.9419270517959704 0.3018144488994173 0.3164674298220653 0.7174342170461506 0.1998469706740503 0.8540965243158231 0.3976759656863611 0.2186626854876326 0.3146072373834805 0.9555400374940324 0.6577130536186405 0.6426715460832065 0.9841913622019914 0.2130716375336206 0.5043898565471803 0.2879586018360137 0.4331848828926966 0.8490905211192804 0.4737288377638805 0.3653984820605584 0.3573586891579907 0.1941248782614372 0.03965535414081889 0.1551526485754825 0.340999431216519 0.4346724205588863 0.5214933806932983 0.4006537241711439
0.7892994089122168 0.3614817193220391 0.5284347091291558 0.4189136310734086 0.04266414424524456 0.826148411362975 0.004816967858685017 0.2405975304030789 0.4263553981103937 0.9408266511142328 0.1939518124441876 0.4049735893876134 0.2080757565552906 0.04553243341309954 0.5136327874307718 0.1986455855233317 0.4893906517120621 0.5368783217317596 0.4656313259423369 0.6986773043422294 0.4023853881398117 0.3425567647422231 0.2459753256529824 0.2737885973065441 0.3405996818648344 0.5084341793342716 0.7623980796226444 0.969188474948011 0.2391458868246815 0.5594463369477914
0.4252926786661367 0.2289126779612424 0.3367059674014954 0.387704542145306 0.8803915175848089 0.2954524055347763 0.5383233033032045 0.8793412213342673 0.1128925449968516 0.879302442380302 0.8518560778286235 0.7680242459539391 0.8964851141689 0.317972203736997 0.1739774925766226 0.205616188074179 0.7863561667549279 0.4441313585509912 0.439842444519955 0.1648526656090008 0.9997332565944154 0.3587321732654605 0.1284938509155797 0.9263542656927105 0.2918592060146766 0.1649717371526213 0.1592084779735775 0.3184710762891428 0.9931659733681804 0.829314548777494
0.9723126083902478 0.9463558010987356 0.3115636979352783 0.6303738847528939 0.6883268211195016 0.6586279212417406 0.9487575912074178 0.8204255237324904 0.4954201816228041 0.8917482446764545 0.8494492979521047 0.6529869143500222 0.4384312037820219 0.2865400755786059 0.9854665976575615 0.3567231781470083 0.5269366446435076 0.9443274696954636 0.4018006662500341 0.3834953208768478 0.6995503581621844 0.1917808763366197 0.008261559876062363 0.8257754968991246 0.6745799046943848 0.1906061011883682 0.05419485219115983 0.6984175727581601 0.3124523135842627 0.5793613283416252
0.437655665765332 0.9192224924924164 0.6006957784238199 0.480262647092791 0.258462573889181 0.5867949006129195 0.7147036118086763 0.1339032275199812 0.5949629945596869 0.06907591852920358 0.8451168562694963 0.7777623107570573 0.8087969013610411 0.9026911139856305 0.2503591313394955 0.7665385817005502 0.2726143305997127 0.8694328133553102 0.642822765144607 0.007318095679086145 0.9964972864827264 0.7342419608692647 0.3712232222450904 0.7315955940153855 0.5816943825133929 0.3308137981446861 0.1785794417980878 0.1823920354120639 0.6332397246162768 0.2605783580943298
0.6200397241304442 0.1359658792286367 0.9053171360711422 0.6695830776050853 0.3049896077184058 0.2220707595743133 0.2319324833029829 0.5236152389041728 0.6862610349258574 0.6089289115364254 0.7783754526045841 0.05608103562914191 0.822695595759336 0.4197826291688638 0.5793862704478279 0.8659873171938511 0.2565231958745855 0.54303921639673 0.09753996814641863 0.2829286889779574 0.2732424365929238 0.934211025902848 0.02422902740125354 0.3926088274624777 0.8681390596696846 0.2878462533498479 0.2854493310059714 0.7732252399817674 0.787129877342068 0.7640269235785593
0.5143131256849468 0.9961505278544649 0.3317711765548587 0.3364928346785373 0.5356738798361982 0.3181912399875161 0.894392708472559 0.8958650311351253 0.8114260849568665 0.6409993523281472 0.6685235699823879 0.7988094746061182 0.1216483826119807 0.9484379132047946 0.1956600250534356 0.4074090471576783 0.8605374795972657 0.3644421218417081 0.6818383757108011 0.9891151323255086 0.4143433741031088 0.07295948422480525 0.005083982021551248 0.7899245005580784 0.947960167185703 0.8818282097977932 0.3455785418092845 0.09880670043284845 0.09817465721879692 0.7412500571963334
0.1013728754842191 0.734909140949324 0.3381710800924664 0.6877658262819017 0.04764594501147124 0.8472660211779414 0.3231539731605854 0.7743275841763355 0.2096692096755137 0.7992764338219579 0.3517697596443948 0.2447080789116078 0.677532791049917 0.7863883833458135 0.03712406220164499 0.7040468744633671 0.05457810414985587 0.6185195348451245 0.7269280447035518 0.9523467749045167 0.640926918906306 0.5554604922689242 0.2496191615163249 0.1257203417037296 0.8286847416390195 0.3795313538915328 0.4839794661037621 0.5712583744048541 0.6197014723618363 0.841334238657238
0.8159293502044842 0.02595437415143154 0.7455802959430319 0.9437528355585331 0.05154344073825845 0.9916344882563647 0.1132467059274171 0.9336612439823174 0.299640991091117 0.06757344559540102 0.8840832058135738 0.7563535499018849 0.1392954074298869 0.2918793152266849 0.6888801722201866 0.1740714072694681 0.4207088730794372 0.0596616298050715 0.555194549593131 0.8033667986501498 0.222915231995426 0.01210580185585441 0.4799191122849129 0.3012297820908816 0.9207129321614164 0.896795732117724 0.7913624740294282 0.6248488306072837 0.3244141924340573 0.6272268211526892
0.5090942007236565 0.3011331776133422 0.8000567237668663 0.54699491618558 0.3061564103320115 0.3210470699643116 0.6180439299946632 0.7757253125186442 0.8595280804167779 0.7901574012668049 0.02968833872184351 0.5442549671069912 0.7910569365826037 0.5714647678189053 0.3239436799757726 0.6769424548067149 0.8309549522704139 0.1162717439178157 0.8332021985523707 0.4888347845581604 0.2033112909988872 0.2342796439003757 0.7097887913084063 0.9935304215068818 0.2171536272684569 0.4801454332472312 0.8755557566525717 0.06398218202649519 0.3932061593904275 0.5032415787305393
0.3123154129827813 0.7298475882637842 0.9445075149497957 0.5205703231644747 0.165110326720446 0.5428083783751296 0.004495030681142431 0.06787171837076356 0.3613624050713404 0.8433918972598599 0.05147523267845766 0.9196952001753596 0.01128886453372935 0.8681141020926012 0.5912329405747215 0.533984411036067 0.2652731271453812 0.7277846077774148 0.2988523176649079 0.6849404695235489 0.3207060705402272 0.09077706396993968 0.0101765874038936 0.4218995760244275 0.7250086975015092 0.5837707849704151 0.944618810569508 0.8335821065252277 0.7364464908807691 0.7264595626662824
0.855216437845818 0.690284472723349 0.2564815726332241 0.5033858537001416 0.7413272542759461 0.4691930849041273 0.4954706482959043 0.3852085108500457 0.5900253912217196 0.5751181111144689 0.5984083892176796 0.9229767402789586 0.1378317483152393 0.250787573387772 0.3772482197014444 0.3319916199636189 0.150149970517754 0.9491456876934321 0.3087630991637412 0.4801494924585763 0.279883624701303 0.5493438724039327 0.9216783000606091 0.7904932622622466 0.638828059341065 0.1982102517228883 0.7684954923750493 0.5172608760643541 0.326831272169544 0.7561061994020344
0.125347135810875 0.2292294233432959 0.371119558446048 0.8077831152872218 0.435366229126262 0.9260035139420455 0.9313643789338545 0.8574916111331867 0.04447263565471571 0.06279290402895699 0.4040502971706078 0.08135127507241202 0.6191801286647378 0.7672297422614619 0.8757514255572759 0.5558281437867443 0.7009894849606888 0.2694855671867206 0.7015184359634477 0.9370474025633623 0.03459080748479315 0.1758237499582107 0.6078533011068232 0.5327578772224452 0.2103697938900638 0.8118288418994095 0.1259869131421877 0.3828816851884881 0.3806747445844465 0.4233610419587811
0.09832720431573794 0.8523467788933003 0.126629217461693 0.0895237846060073 0.8560445723207354 0.1314010840832381 0.4219079902042482 0.5949519729321798 0.8660859140387989 0.8074250999840044 0.9075142574819117 0.5773161950013423 0.3412134447646487 0.6539430699910183 0.2757498970733847 0.0127831051376992 0.1340825384490767 0.1283113866069382 0.7978998241964577 0.818165035694106 0.2506940587153691 0.7670419489046576 0.2982542553032712 0.4738304328777647 0.0867799118463114 0.4752755608635854 0.8061476187851293 0.8498935351005684 0.2421047599501295 0.2070994980469726
0.1449032463093413 0.721645117207384 0.3301021801895049 0.5009376036158828 0.5963805018421132 0.1937325911085355 0.3536865702703915 0.2645425961565651 0.8067338805775158 0.2521253703499271 0.1917561066200093 0.1015052178037343 0.1585195706663152 0.9708355396142661 0.3444778562007073 0.001966875208640695 0.9250688295311411 0.7773956562401706 0.9055607415277859 0.05200849962446252 0.09185106126522546 0.4764756034453334 0.6382973062162233 0.123174394083622 0.4590711415097709 0.8627258092055542 0.6758480926336123 0.649758653025329 0.9467329355159084 0.7817236889783995
0.859542067610102 0.09347090515458623 0.5459792195490791 0.4627872784871138 0.5136647089802195 0.4869058316340523 0.4619607585133544 0.8718815335632836 0.9592569314664412 0.05438800362031981 0.8427129871517905 0.3199099532238181 0.542885554902714 0.966274672071997 0.3148848653792689 0.1028528732810611 0.7404839215615466 0.7700177990452228 0.5543053261677803 0.1946677157127824 0.9817034069485268 0.3474101427144747 0.7023820785168109 0.8900246179483912 0.08530670087829106 0.3168702036238517 0.8657566690262914 0.905432428387113 0.7073756679191032 0.4947966556895018
0.6667693805661447 0.9977116849773786 0.3654966432633763 0.1609556206344841 0.8193011291964151 0.907582888134595 0.02061470145622757 0.389130029018118 0.5470682642422213 0.8927110004234294 0.2868752215776608 0.7248450624437721 0.7141018676497813 0.80870543526977 0.8763824053907285 0.6748480687728659 0.9811488594110669 0.5465870654844076 0.5547081887848873 0.959614266559337 0.9831684719917632 0.2326667478286188 0.7762368730751407 0.8880821381347764 0.8777679952670944 0.5804333022685427 0.6951972498170977 0.8720229389516174 0.2384889682032192 0.861923758570092
0.3356529062117749 0.8897143701266496 0.3151360011339045 0.6734573274216917 0.5419161259518984 0.0771420450431386 0.1063097528718498 0.3215394883045708 0.1461704121801131 0.982377293110029 0.1426822524762387 0.7076735722998692 0.3921645875509604 0.2343264190456695 0.8966689578345479 0.2755399841387642 0.2564135116014891 0.1126323744134732 0.675662695744481 0.6620077292259163 0.7556729382640857 0.07195902692864142 0.2633133687236959 0.7450708367506473 0.9992482682170543 0.8814467504837472 0.2937739463957332 0.08645458050463528 0.1383067481996317 0.9917131259694398
0.8174867400868878 0.3213702175909424 0.3450527683289297 0.4862214805824515 0.01303757973655617 0.6597589832407792 0.612900647657461 0.0148667799424691 0.4987229997819157 0.2270374569588087 0.3322632979382083 0.9998342226079319 0.9195708196820486 0.0354669838459768 0.09519461324894563 0.9179085957515131 0.781598990640776 0.9402112788919679 0.5182671791818437 0.9360005635579551 0.4261787261977362 0.1896222122563422 0.8483660896655331 0.6472266531135094 0.03726730262541234 0.4372779300817885 0.5395395582232645 0.6781137354513325 0.8345721144020714 0.07848811818384827
0.562993222445644 0.005796239719711882 0.7475448451700292 0.6859526846958638 0.3498950702192771 0.07627030235141319 0.1303778237481706 0.9496435074996392 0.6092532317327943 0.5289201831688081 0.1061224714077993 0.1420712877690498 0.7690622932516769 0.5035725707059675 0.04607984906543372 0.7009913930479366 0.9297099176007708 0.7475673071611433 0.4553659766854078 0.06620958766808915 0.3049980957408472 0.5220877935047811 0.8528427393028695 0.938952231764723 0.4196647499551888 0.761677142486943 0.3742341434092739 0.5079460693191887 0.2335965727107632 0.3840009273050885
0.8724479416820839 0.5249447343031235 0.8438273790937201 0.09552314113524363 0.9742810939583095 0.01382521088485289 0.7280587243906637 0.1449366957850249 0.0497354187104333 0.01390691992372561 0.7820537678532855 0.4497897700846668 0.1485713544043131 0.1728443406289805 0.8755599527523235 0.3932579322324156 0.6367803935390003 0.7518886843693319 0.587380829788744 0.9742168965059972 0.6812076817600143 0.6434995854533548 0.7862739153204145 0.1321364998788129 0.09623779740289129 0.637077568944024 0.8307421622402474 0.6165200075304572 0.6903739847059445 0.8069142149389684
0.5413759390445151 0.8336254197036147 0.9913705592003711 0.1291874811696058 0.7638547946922172 0.118059307214756 0.03847475230401731 0.05129668702918666 0.5946538583304887 0.7192025827062793 0.05633290190812723 0.2125315669694066 0.1231011717425432 0.1738513528380651 0.5846662319289124 0.247828751714864 0.8802577030036376 0.1306664193425957 0.3063181231512837 0.920677365696948 0.6830907170166889 0.3620397552981078 0.2745814563762198 0.6168811410894788 0.4865002381599386 0.556697954285169 0.001837042182652571 0.5066537209452137 0.6858269596840826 0.1643995837687572
0.5879140679888201 0.06134471126301799 0.6259506836656246 0.6817891998475967 0.9897717906593489 0.9449273129806912 0.4730476003551678 0.03992891338472848 0.6292446426985381 0.97561339964924 0.3963116926719127 0.7001264159299334 0.4456635340650636 0.9183515750914599 0.5043746319970014 0.7046602096286759 0.347927026979877 0.5944601641132821 0.9552862930532618 0.5488572928856801 0.1442811103942948 0.8076003268654077 0.4312209156273993 0.2801763955140441 0.9805595870725965 0.7112851110626385 0.9090426959554209 0.7903455590819255 0.1529226008072039 0.6029958432773046
0.5219872715089929 0.7413485068092464 0.2570871602241771 0.7066727192383008 0.6035908856627924 0.8159207243484161 0.5983830430077312 0.2656170225582423 0.001125352496538889 0.8214033462805306 0.3714980960914869 0.1983316614873982 0.5754000767878501 0.729756682440705 0.2749778784140166 0.3761802597206169 0.219579263683701 0.2968258865843429 0.4329686870726638 0.814863601953371 0.1992412588793423 0.1480643921655369 0.3558089334214464 0.8339220227445949 0.6359093775698758 0.3561278897679805 0.2979411995165959 0.3812670794828019 0.9014633001732052 0.5209787439564137
0.2029987481015021 0.1122444384128748 0.935381099810718 0.3239831776760131 0.8404606784999344 0.7331675307858979 0.9450291675870476 0.4311967841930532 0.04767030751375612 0.3959091232373546 0.3200478016479946 0.9138400652979788 0.03358942006395693 0.5530827126184765 0.5597232115169652 0.4302144971159317 0.3127845682681677 0.330543692649956 0.2301029325724437 0.3704409832994541 0.4149896788651999 0.1576813492108299 0.6994663827503125 0.7683667667066065 0.4581177130276541 0.7864398469156252 0.9633110376827078 0.1767221677378779 0.3857865783327028 0.4248060617576011
0.5306851727209544 0.8465399615940828 0.4998302492875264 0.4460445642990627 0.8022164365336715 0.9911634403847184 0.2263084917876192 0.8383246236814527 0.4386983564710212 0.1103112730992052 0.3597429334094696 0.2065867946208795 0.3766778823615531 0.1691673162066444 0.4073822346233018 0.9670054742679728 0.911477807189683 0.3369914030072341 0.6756055503639863 0.5524229379706298 0.9317243991422149 0.5734392234540572 0.3392312943051351 0.7542831197629135 0.7378062966859946 0.8454982176115197 0.2649469487040462 0.7697662112798537 0.5611045767651911 0.7808731521743872
0.4029188691980337 0.7817758491727669 0.7894736550163907 0.6963255418183465 0.7237459392380858 0.9483744702213053 0.4805978635527814 0.5549782984945701 0.1092959449349954 0.7650672545248334 0.7339103763714053 0.2495155565723397 0.5899217899864978 0.01717295365660709 0.7108820782795534 0.2588362038385854 0.8867260793069836 0.8325653983768443 0.3256346101419461 0.005869531859501231 0.905762447361396 0.4881934776727609 0.7061503296236397 0.2745280229856127 0.4085589070336437 0.7666152731799256 0.008422251538245495 0.7151467410588448 0.5071080069657388 0.1322115392404094
0.7020779210158599 0.5657331139998516 0.4590143512668122 0.7850717292552708 0.7112038503161378 0.6076574409114099 0.7919047238660463 0.960859148937745 0.6222752334299673 0.6047386948915857 0.4987687146777107 0.5045920534095613 0.9843399594614983 0.4448902909950914 0.9406251098406817 0.236915210328047 0.9025122515380208 0.5552272314247413 0.3207577542399642 0.9525375055622805 0.6145326151324525 0.1288816063467381 0.546018071036494 0.4771134411447336 0.3059899210847657 0.5995063921179177 0.4441406657080897 0.7130282692975907 0.05463625999634536 0.8247740617998657
0.554042472079182 0.6222879210604116 0.5025274049971227 0.5093448279384044 0.3490024907188534 0.2962242243921227 0.5515003674215885 0.8242005558331233 0.2511613467905308 0.6119388959939107 0.3207698421919993 0.877079247274638 0.7362591207912615 0.9550625146428502 0.2415781913167764 0.05270355808294103 0.4646810717559604 0.4659784012719574 0.8575566257427895 0.1601156297394503 0.2093320667564833 0.7858966481732437 0.2952046399207291 0.6107085970194811 0.4194901950890587 0.05230117422154723 0.8376741304024212 0.9776205022415004 0.09080641554857916 0.9037478449296613
0.436325173190489 0.7583080902517098 0.6614305331023643 0.3375683301762961 0.7829542003824491 0.6255039494645265 0.2874658674416732 0.6380244889475957 0.632430465959447 0.9190737942852242 0.6041385667674911 0.6686161616556238 0.6332218784678419 0.164898347293861 0.2857894858112533 0.8796536986162494 0.7288925785947182 0.5013157199258524 0.5931843828421276 0.0334222508992319 0.1754307315015479 0.4731899334018809 0.6109221883974114 0.729921394350239 0.8150125228619109 0.4480586561719009 0.02568557958971274 0.8894387097957848 0.712652565618717 0.4013562026507067
0.5466531960413931 0.7247045914760194 0.1014574387260618 0.2520373641363666 0.450645289270117 0.6474994839690478 0.395774414824535 0.8907327746943078 0.2557761310295724 0.6899048102757213 0.2641417054897052 0.03667276810623998 0.709004027069474 0.6216241810728603 0.4902933846342427 0.1217313208612132 0.8039012361509444 0.3014952209666368 0.9807988289530726 0.4760044699447388 0.06467249699712019 0.5408233328085681 0.1110919520649361 0.5373384565200188 0.6737450768804859 0.8231540226013643 0.6558332110598457 0.02826815681152928 0.5383669442882605 0.1515140976343632
0.2880652964331936 0.8581668483296848 0.7318929213398685 0.3532756430591456 0.5129911999478077 0.4679280129113224 0.5687496843842283 0.2839768724611849 0.2178550267431389 0.3853263273353639 0.7668438493540212 0.6343285919444482 0.5976041370411582 0.03385475999477705 0.8732509191370038 0.1442608068142699 0.7575589718577236 0.6722766136716184 0.7062487627260361 0.6222399567699805 0.7722321839066036 0.1922024718156177 0.8482175111267939 0.3942802147399691 0.5379947845316755 0.4577474048109208 0.01988840451244311 0.07565315213887869 0.211842139980263 0.9559231769104941
0.2931348166444374 0.8255915897884656 0.8454561306010934 0.3599127827443506 0.07087442631895158 0.09007559330646375 0.4643953153291547 0.9455754349304193 0.4754873669836351 0.8021842919773233 0.1843694027613942 0.7061775082280335 0.1045143199593823 0.6665550359603606 0.8381298726194298 0.04786244152255925 0.7881522872543762 0.03260533195029669 0.1192135554508665 0.3739121938551431 0.6200961382680342 0.1770591677148822 0.05944978666075251 0.7680973645842566 0.4624389761005208 0.1009320553708833 0.6004416879150958 0.1463941839528651 0.7398316417647569 0.4323021087810452
0.1772840097327556 0.08434677557431547 0.4404504426071184 0.6025962746417085 0.1234634036322551 0.8592689459031074 0.1879043102181099 0.2633095251888362 0.7402168925440106 0.5284265687572999 0.5262870646402343 0.6480361153147325 0.8092468799121953 0.2441626531700878 0.6322419048035396 0.7862139548459304 0.6475130283117955 0.4922115401566162 0.6433407440042127 0.5267534558033191 0.3741680032595031 0.8686001597008706 0.5903110928287589 0.6226485263008948 0.9227728259891157 0.03435423541830762 0.8701508315389876 0.5097036169234281 0.5924573119890281 0.160266653867461
