0.726230737945851 0.7209270817579762 0.2773453131809864 0.4212138789801947 0.5895499336960458 0.3891376089756354 0.5059752324548085 0.5403494836606967 0.8242700051768828 0.7249779210258287 0.6604882621268274 0.03588392585501765 0.1553852113261577 0.8865268357389526 0.7657551104992979 0.180384418020527 0.06515601275475791 0.162731698833445 0.8374055917741954 0.9731065020780543
0.7551049356020686 0.7846045860907594 0.02938437741241562 0.8746381814224912 0.6811495656854774 0.3490466441091705 0.4995807392861474 0.9500575997279533 0.05408771908027854 0.1916997335541973 0.1501508407869691 0.5382469097718379 0.2356262574795602 0.07673398685154298 0.5149992460373898 0.8362544576217305 0.6819466328707069 0.03672368387331426 0.04527003615875136 0.5380851449102961
0.1414168787013697 0.7072326117206413 0.2474455801421575 0.4399603545497838 0.6202904995542293 0.9727373972209205 0.197005876106715 0.911839096499289 0.3507750861363004 0.1619241310183724 0.4208635467910633 0.8414789882843856 0.04378617464571544 0.1369712900303615 0.5899399808101583 0.4085801200317656 0.4782781075503192 0.8220539158700116 0.1672715652196399 0.3220224059628173
0.2055091044316759 0.09932288695216351 0.5243551747538503 0.2125722501845904 0.9043767747651714 0.04603070076894777 0.8972744695046295 0.5877346993604095 0.8615968137982195 0.02917043090502025 0.3330106666288861 0.5011101499409691 0.2171118072046235 0.4225964644727411 0.02953268530380104 0.5871842502249252 0.929733343208572 0.07580839663584016 0.8418232436654757 0.7477799933095586
0.2299861047528222 0.5181177002588992 0.3137584301540112 0.6157862239911974 0.2131729909903574 0.4358884747352703 0.7890752021688381 0.4664677035833711 0.6735549206971071 0.8848364522671772 0.9381384486491637 0.9847376482413631 0.8835569170056469 0.2435801215351822 0.4083047293371109 0.3748057990107529 0.1522287082119994 0.07045586354997146 0.2957435395399187 0.8599617396132155
0.03898341653440984 0.2154657904632398 0.3465477782199275 0.6481599259324842 0.5631664280387334 0.7961829526610231 0.6869637028196486 0.8895035660916912 0.4869019728966567 0.5359200372960634 0.8376461726319256 0.005693175929407879 0.24257130465405 0.2215069739791887 0.5615462949296117 0.7176123534227967 0.2524950290975414 0.5060209531939502 0.7392700960928211 0.7223022490183862
0.4683123059942419 0.7061935600296172 0.5590665581575811 0.07841079909978321 0.9528036194228799 0.9756541957047803 0.1620139569897087 0.4178269280036909 0.6195907024184152 0.5681201221155954 0.3747318873911104 0.9035546846721043 0.6771802628405753 0.1126292971229915 0.6695634195554502 0.2179907626050135 0.08609465676401007 0.3599322159178177 0.04960728773755096 0.146616371834832
0.4530661843908095 0.9832023817283845 0.8418674088623193 0.01320495822340773 0.8688944445541071 0.2834146578809708 0.1976378062138134 0.3096328566269947 0.5292339765382337 0.4826852516650004 0.6298717945275636 0.16677112960342 0.3742958362841832 0.5824876874559756 0.8107816224889045 0.3684455733237365 0.8393822753096247 0.4168091872570416 0.9424880961581478 0.2963627335833134
0.3686025562709817 0.6527300715843841 0.5834160385981424 0.3541697657648413 0.4843053704543141 0.6643212704498314 0.05633972605199344 0.606402372274341 0.7467827768511319 0.7939704655939427 0.2137842145184337 0.6411050346276371 0.73113473618009 0.09506198919404907 0.07007292378602115 0.8859549744127954 0.3613245337382918 0.7034321595546701 0.5601478615240139 0.3377464162473343
0.3456527646232399 0.9054626405838365 0.4534831424985192 0.4825298798973606 0.9791466305767479 0.4116890436530695 0.3694466801668636 0.07996308902129312 0.3877823836065574 0.1779314608147601 0.1313417984892825 0.3676736253865817 0.1588100267826126 0.3075634785705684 0.6879789143747679 0.8384400412801243 0.3048224926713221 0.3530977080008285 0.7306413508854707 0.777832699712274
0.177031054599608 0.4017564302070327 0.002941443416244027 0.4005970882078483 0.8932024972000213 0.05746338391679073 0.3896295434262342 0.2653439708311554 0.03677662541521298 0.4005035629732386 0.2378086609507857 0.8309695544439432 0.6436253564810349 0.4765686164532026 0.7088066699297436 0.09938361470626056 0.7569782329069096 0.2985921155557305 0.5027737008297499 0.0941776642754053
0.8145554388176344 0.5104667890664947 0.441970905465081 0.1348915196267602 0.6348756230014909 0.3523098610118187 0.6827088655563217 0.7624570954963494 0.006747811288642214 0.2590595538120667 0.6779141628611713 0.3360998706572915 0.7501253790327278 0.5569782685894814 0.8582402747644711 0.5705819915785114 0.889399228904777 0.2274785747963107 0.7939798999807505 0.03394661669714094
0.07726726570806397 0.3959024952331395 0.1857667012304058 0.9441933496915841 0.7796834885981287 0.7436655770494551 0.4919978023935038 0.4900485675804765 0.581110665635782 0.5966263676142707 0.8980263719305052 0.1208346840538369 0.5096141154371496 0.995522026375819 0.4814295165092777 0.8378127539029595 0.6036554518101519 0.6643749440180993 0.2724613921607029 0.8309332483397108
0.2444662928018823 0.673362439399853 0.0881300683121029 0.01885204625539461 0.472346212675716 0.9389951304571027 0.3255748194398318 0.3221530187011287 0.05203072379046703 0.6752856064960998 0.7217406611930467 0.9037177504667223 0.437148611217318 0.1095166621373329 0.03760705799480046 0.8807689064851337 0.6522556436427864 0.9154967669436137 0.8805969019319019 0.4702405995286983
0.6703403999021124 0.7450658910097592 0.4222121533273957 0.1539179656518355 0.2840826151687623 0.5484771361207114 0.2557358635934643 0.8917347966065253 0.5807503638471095 0.7186736102672562 0.8620310568918353 0.8965628205436336 0.9576092434277528 0.6275083500997111 0.9989805744142508 0.7905073781751291 0.2708241193919082 0.9905505295768336 0.8015056135066106 0.2531148334129515
0.03189726265907711 0.9528097951734324 0.5568320071308228 0.5527099229795157 0.04737782423604231 0.639038320593837 0.5001036718146855 0.8042949550842394 0.06954971714028391 0.5629309840326007 0.4086801303992527 0.5517686985632602 0.3584634471275456 0.9993753698405826 0.4503238457160844 0.3458237090183139 0.1897256131042645 0.9235276756424271 0.1042940996095277 0.440343746623061
0.6862005464196375 0.1424055512916141 0.9314961744737111 0.05887489559126224 0.218099617928129 0.07719528715989377 0.4115118839575838 0.5972585662204533 0.7311417774312341 0.8784332722863271 0.3532484157958723 0.7024627373642141 0.04861637470141 0.8192618444258217 0.318275640959985 0.2216423456072856 0.3610364313212683 0.1140699271884074 0.2937050953441923 0.008789049776366187
0.2532636959475996 0.8377127812761681 0.8077560272422332 0.3825676584249812 0.4306797142019254 0.1825874136360374 0.3168741351292297 0.4173684607589727 0.06646837015587692 0.33788740600703 0.495671286930219 0.00672132585448737 0.4380751983160953 0.2186890922976723 0.2133989385152022 0.2492389450342084 0.1283257284512054 0.9448132888699331 0.1690747243580153 0.5676125416968016
0.1715073987259126 0.2609179589611894 0.6767750546075074 0.5032656879698034 0.1572878822855376 0.08250672847808127 0.8818939133200542 0.2418912053955492 0.9589735754766688 0.8923640994554995 0.159977628609995 0.5037055116891535 0.1189203710212059 0.1108380794801053 0.6962957733286852 0.2715505031342588 0.9663881815720884 0.8392459305746847 0.09252022575703833 0.3905573574892481
0.1242173380586691 0.5553922387070904 0.1621050164270299 0.8317669767927168 0.2576948468724901 0.5105665571420696 0.7824537971484655 0.5383388597435959 0.5288234198896707 0.8548400905249838 0.2451004133447428 0.1270999813600467 0.56024472103665 0.1283799123934353 0.3311574390237316 0.3264398282047463 0.9480445054954346 0.3759142923935854 0.469110536722022 0.9473422534593605
0.8283803856495413 0.6719999358418269 0.2673112865191531 0.1332648952999274 0.333962695574097 0.1598201013154377 0.9604000222201438 0.2009376927260222 0.3106669851239605 0.661420006676521 0.4376225706278437 0.5898318430033173 0.8488461017863261 0.5881481084248034 0.4969780995590708 0.8355776417520839 0.7979658157276306 0.9811606750954788 0.9486060576850631 0.9171890350221732
0.4948250535347479 0.7371524448761455 0.6005214714098324 0.7379993670736007 0.3757608283981443 0.911106703448826 0.8723085941787251 0.7046657007106342 0.2612287103622093 0.5010693963443037 0.2177057516705481 0.1025200445532273 0.5779610822907045 0.4795959272132828 0.2474917946000842 0.4466760118333649 0.1383931683076419 0.5228023794872931 0.970371778852875 0.8237821973880791
0.004439625330994401 0.09161950935355356 0.02557568915424102 0.3084270190038607 0.9806429699380695 0.46040376172464 0.4097452772522836 0.4082189263861117 0.824814350421039 0.5817050056343986 0.119351828467704 0.4447333538229323 0.1464045126625371 0.6660727396892185 0.1223693058758564 0.08668900756366638 0.7033608216853323 0.4112583902571944 0.9961107880647215 0.5340491551040918
0.7790145721471499 0.868629190695828 0.7987473925093698 0.2140868653100219 0.6803675535478931 0.004624448427816619 0.7957986781502291 0.2158326108617924 0.9867228504380623 0.9441460659291635 0.5851162321160862 0.1604676862120343 0.7034017159725474 0.4174537555304447 0.466768929719462 0.3049683327682194 0.8691654148812218 0.469420026121725 0.8061574402122672 0.8067993241142317
0.5570264092155863 0.3861275527452651 0.687066389600491 0.6809033750669338 0.1819427550297303 0.7641510651436207 0.1651765481890758 0.3241073566599195 0.8702108741303635 0.5716680602611063 0.2565991937096741 0.9239244015957785 0.6605774305770452 0.5545105334591109 0.9933203936983181 0.8455533306911103 0.6771928044335692 0.08173052790881663 0.3644457691193506 0.5021683769010479
0.6176555118881342 0.6398780930000528 0.7251148460271837 0.9102388712130025 0.5682770873062286 0.9802689320357888 0.1131980346630812 0.4656789486515805 0.1016726219466191 0.7424499740345822 0.8068256185891004 0.5231568940604258 0.4325312128901873 0.06699493927810019 0.5646128269209879 0.2548277422771613 0.08233186958891925 0.7337093319855168 0.7434429422078918 0.3710800890761905
0.1844745338448397 0.5128894563732117 0.09345637266698592 0.7784418602731844 0.4759543002422535 0.9609630738727468 0.1090204380871443 0.6979595948386937 0.8035615921901026 0.7268736210115069 0.4614543622631272 0.5461100213888964 0.6151886777346768 0.05910543647555644 0.9956730590592925 0.2549076176584305 0.6434073879449621 0.1264331033875484 0.1678632379873815 0.4911048675584204
0.2885007329689185 0.5042401584413864 0.1021813781772848 0.4192949618321594 0.2686015666840221 0.5819022389817626 0.1717055138464814 0.9623217324298701 0.5442115189990564 0.7019522740633034 0.9323662313278702 0.3453677676579663 0.5157167446391552 0.7865913561646157 0.06941008089010436 0.753221369834488 0.1174794207260144 0.389130054605248 0.6969928688832002 0.05987182598378626
0.6649828589717094 0.9719143555999927 0.2494202307875402 0.2591374305998295 0.08723097219298093 0.09302476421074624 0.3144053388423121 0.8325310853695848 0.5124197546589149 0.3856403931665163 0.1825042980544082 0.9760176558205943 0.7414379149281771 0.3401636747857659 0.9223342804779689 0.5863308787806376 0.2651975318822617 0.4815664011060224 0.4343859426365561 0.3025007823991794
0.6567620666541722 0.7921939587389313 0.3532640159695155 0.4378739839332991 0.9630360582955816 0.2595129632054681 0.7192604283815236 0.8511379193838325 0.7418328042901784 0.2165530912123772 0.4353075073214573 0.608759797394744 0.5915565933183778 0.9518856057650452 0.3584033285506282 0.5317933181903586 0.3983774211027443 0.6147293072405543 0.4648461199550207 0.9554864986206079
0.7084870338013139 0.4988484606682217 0.4929084277682805 0.2484966415223204 0.2153863276937605 0.3838597205205477 0.2694167566312076 0.2983051819729555 0.2149748574333623 0.4307154038447507 0.2373489284617889 0.4290482341195949 0.7382285828764625 0.1903123054908351 0.9804792829836561 0.250940021249304 0.09192769671358347 0.6622039424785926 0.1241356766709644 0.4585444096483741
0.5549107031990013 0.9122179514650498 0.8407809106183828 0.4764738355350019 0.8805998271250738 0.8135310954588996 0.1946386342410947 0.6724490361913473 0.7192272653123136 0.6525726553314586 0.405657295757971 0.04361041688815503 0.3789931861185752 0.03316121080484036 0.2442035470609406 0.8427837263212793 0.4747146999244047 0.1955410652632054 0.9334388189637384 0.1758439344917413
0.7101895974538096 0.2521581489374889 0.1257550140916804 0.4235211951983049 0.3068746146222618 0.5562350151288734 0.005695578430370163 0.4018740953311759 0.324373923824995 0.2088778171665733 0.7646967941447512 0.2157273538497745 0.3672286392382663 0.06146181442707821 0.7990737151375186 0.8577631816297846 0.9790031222775691 0.9506432736768781 0.4870895951803548 0.2963140892893785
0.6941653757710747 0.7246059494085308 0.8683550895852631 0.2063219405398865 0.3989536713107381 0.7888433093672564 0.2226871342553483 0.4821809585943034 0.7809654926276519 0.6046597639382637 0.199041178296709 0.4923401541657096 0.9802745280255777 0.1919163620142469 0.242707546624815 0.4154549754341736 0.7950431422152167 0.8599230910402689 0.7687849246653861 0.4226580181458364
0.2625932086069699 0.5911089326577503 0.5563266562813804 0.3230187770082262 0.2448040327607256 0.6291705249666358 0.3614400673690088 0.4465610184928116 0.4236892234101953 0.604982171692136 0.06711667310429736 0.4647836379751494 0.9363177460611078 0.1480839881721103 0.8815893451355556 0.1985910258671629 0.4828283757794776 0.4909673417497643 0.2348001879714232 0.5965834477429593
0.8370592236820417 0.2427712838068652 0.5057257442021463 0.4683946824465274 0.8049019283554274 0.4854657503118274 0.04799403465070329 0.2989082995115659 0.7216338363075308 0.5407625471028793 0.7130121528403818 0.8904251518717753 0.0369476472771485 0.1615742892272659 0.2061822335544932 0.5481921963191726 0.68749731353474 0.3423316982621604 0.8698021145244875 0.8791976993295089
0.1901218282954321 0.5318263115918229 0.9895321764873498 0.05757257292416207 0.08343080475512021 0.417629311050504 0.8546124779088331 0.3985890159199863 0.009948867095977199 0.645542201398438 0.2938034561483874 0.1499304577423073 0.1077851746233571 0.8688983198425579 0.003265245525608584 0.5185864895231164 0.5508208751507783 0.1159499092801618 0.2000410947209371 0.862222213144716
0.1169721475184953 0.8247036407286775 0.1930893179141456 0.9955458437670998 0.4714116776962898 0.5472709628357165 0.08227389229004067 0.05129326017427549 0.2074244808868639 0.1607889129758027 0.4510641529116 0.6299480230938557 0.7263294207538828 0.4560489052682148 0.3769303255286695 0.06441455558999432 0.5383369738276937 0.4510366633614297 0.4023575808506173 0.0738371214671103
0.1938152777317774 0.6084318435625956 0.9150842044818704 0.6315193751584096 0.5776757092668451 0.3423801048675071 0.1354720935442836 0.508387052071505 0.646264386510034 0.9675160512217241 0.7619527551460046 0.1829983846655155 0.239661038667916 0.9570051593071168 0.7579994325513983 0.1929202498652035 0.7019515256116091 0.8334745764952222 0.4362504921837924 0.009476728336672902
0.6681102630115944 0.06973537318191225 0.2378028335173553 0.09703096659416077 0.8704678489581614 0.8340376858241484 0.2351607944579533 0.7543831454273469 0.5083634914837105 0.4211551238396473 0.2187204587097241 0.2216577094484289 0.09080224189977038 0.2488172644444101 0.5896510407183438 0.8822147521600333 0.1550479070804818 0.2618792204159223 0.6335788899144427 0.1011961778485243
0.5153436626309549 0.4468538398922461 0.0504344253698894 0.7657758892176267 0.09519516474853629 0.3383704114172638 0.5789653809689242 0.8508533185750283 0.2608540595703396 0.8102817876920854 0.4366646847601863 0.8276176096892019 0.9215921398800737 0.4382043688545026 0.2620572722006674 0.4614412714413426 0.09481196613008325 0.6587777496016949 0.6323467659345259 0.4967998762881111
0.4701555832099316 0.1285065573801035 0.3343884535856971 0.2685962566177856 0.5358096824399532 0.419807935291822 0.8360325144622136 0.7012078961280072 0.4958984257890332 0.5995208688771461 0.3967172335932181 0.2174500608079628 0.7422382387079779 0.9226379620076153 0.2612865849662258 0.6322917161742105 0.7095784105620381 0.7370804274734573 0.2702196513908227 0.1023436606806958
0.7185556977205204 0.4431945320954932 0.6827042322361274 0.05842915844901253 0.6542826683517684 0.2883776270803003 0.87784612312382 0.1652997732377859 0.4455693994111279 0.9691536248704717 0.08612807479938256 0.4004636287679887 0.285458605613679 0.08267884225462441 0.7097729031872499 0.5624406546832501 0.9880425819623193 0.2276091858736626 0.1046622980307265 0.4699070009099205
0.7252611363548896 0.2031183165200733 0.1934499563193176 0.01644952216053475 0.6133762322104728 0.5866704043875799 0.4601439312376284 0.7062021114324124 0.05931474172104623 0.664980667707614 0.1885126300027656 0.1341847189020959 0.8948720969657141 0.6885777887392898 0.634781343776063 0.06243118298266215 0.1003704428473184 0.4181439450882449 0.7761757630254699 0.009260792599712353
0.4647392329960919 0.2002247889001492 0.8935831835634025 0.5982848178353359 0.6875538059548866 0.8075743630505015 0.587895929137139 0.847426552438305 0.470456906155766 0.1743742544301099 0.6415486866239462 0.9764457443256467 0.3502420541887973 0.8027078235403018 0.6772735200470011 0.5204649305412268 0.1444337816866232 0.8388341897342522 0.4261749551545053 0.7829488655110971
0.5916311670413844 0.2505399028495292 0.1735608501944835 0.7380434153390356 0.1121160776643987 0.2176245981086389 0.8653057523789415 0.9046026812360445 0.09351274709809176 0.01455531958774392 0.3040381218212261 0.12828783997698 0.2570426067311659 0.502333105638994 0.5614116009801927 0.9805662133474197 0.4295753227898882 0.6793056674854859 0.8894128873162288 0.1518907619545761
0.09316967577162494 0.2967479654499071 0.1296770340411771 0.161024821901793 0.3435796459222342 0.3113356913041561 0.7623540929688339 0.9489169636138999 0.5807172115041802 0.9834718161022173 0.9518297300140469 0.2576442080537198 0.3013533728312043 0.8418942568979288 0.5848888438376766 0.1750504866909475 0.05212529321481296 0.5451377952541675 0.1479479594246192 0.7724330893621765
0.6036394882959618 0.2544955001404842 0.00971042667849531 0.2927170750657005 0.6138350318491007 0.193084920576392 0.2910826897189972 0.9826427980672796 0.7796915275949212 0.2304756814040383 0.2734779327822355 0.6858331281445118 0.9729903558283189 0.3678219344504361 0.02373970849643281 0.8114194768670469 0.4596250213824356 0.5827064341396158 0.5514613501568549 0.6310200146846088
0.7211452759996735 0.3732633735665098 0.8627572746214635 0.04493506620366905 0.6326846161404825 0.3294286259850273 0.537203662010405 0.2512244763730329 0.3001550095965593 0.6849177933331294 0.3086669850247702 0.485572093391568 0.7235124207488516 0.9393425480079048 0.1887217564324973 0.5299696356006303 0.7416324099203885 0.5344742234982433 0.7852567837369651 0.7451722940792243
0.7686177661078851 0.7715512636809257 0.8841416018493845 0.4543629996407662 0.4597332095530154 0.1467648086057687 0.235640010482224 0.2696902296866162 0.7374674844405326 0.1570199417518702 0.7231511339980125 0.5959401598854732 0.930296549200289 0.7252757813692942 0.6988769650155452 0.07596266703708821 0.5065128478395181 0.7629625753270766 0.2918082136787866 0.4985757767114166
0.3017664138542656 0.4501985285658647 0.2437670166598316 0.5656965504954423 0.9496325674539587 0.2178977570144441 0.4385016473530658 0.7689410151747503 0.1409321505966535 0.9131037583952504 0.3941602561694155 0.3252482413057569 0.5767290705796181 0.2480702656848114 0.8119226749467645 0.8829054331575175 0.8344120035606956 0.3512372954675949 0.1460438575793022 0.6048073860080235
0.9963033501283456 0.8036713715357816 0.7415439359783439 0.3866619198088327 0.4061716036148804 0.2946457267244722 0.299237165907508 0.6530671228811312 0.04261712013320562 0.6010334038485287 0.455008512917274 0.3840233977579481 0.7210407639397239 0.09084278978433535 0.2489390471164598 0.1605896822035358 0.6725214855355899 0.1978943801606167 0.4741905075759688 0.9524791341400045
0.7905925876462667 0.667898400488555 0.8565373948165286 0.2889738368365354 0.7780183154105149 0.01906830491122968 0.8735325273474475 0.2477187527079325 0.1230780517890767 0.1263504699647747 0.587805744380721 0.8918912218619655 0.09247225185090102 0.4834859078247933 0.8853170454685281 0.9571577633498716 0.9907733805475168 0.3619180806554202 0.585318512218753 0.3849268258539609
0.1358676828124278 0.7615244760627026 0.2208590371293825 0.6967967714058799 0.8094607492462642 0.2725610003631999 0.5084999239087201 0.4222930522257002 0.05466438062411605 0.7416063258422393 0.8087170955700695 0.5381318023034241 0.7593324793451239 0.0410853843612663 0.1822604090258093 0.5670984747961159 0.6212051208794244 0.7820188765394223 0.6014899356742027 0.5602679703534711
0.6696219088367484 0.1853919414069068 0.1481317641648029 0.2333977851051491 0.8866066047703342 0.626840856603752 0.6571730573920647 0.3063987452015421 0.2590492442320327 0.5970854712152235 0.2149257850940469 0.9354903130192457 0.8036757349948541 0.07764744268881363 0.1748703938272476 0.4871678287200538 0.2693373472889367 0.2902000637402178 0.9613688629740385 0.3420574059042657
0.8358960385877582 0.3445927725865443 0.7214472826829712 0.1839924772579591 0.6859522908215363 0.5742532613159245 0.7278777629239127 0.4368944702095553 0.9488619206015387 0.98993373676698 0.3784051868600159 0.7558642889744805 0.9339262744974002 0.8126646667583345 0.449650087738774 0.001967313315809349 0.946767974837847 0.3493916615771679 0.03703511173753948 0.244434854879059
0.9629413623732076 0.4637705356256789 0.1242115676178669 0.6674811374287861 0.01387696297965213 0.7989188305966479 0.5349330029497574 0.8502087217194733 0.2292002820712543 0.0901338049271303 0.6927961514517303 0.8149915768502317 0.6315433287533713 0.7728260851890291 0.6311070805966217 0.8906599714636352 0.9927595709542888 0.1737694348648273 0.5493890821410513 0.1199942286490805
0.7671463204539772 0.2281077713866039 0.1109207235920807 0.9688212939823716 0.447528790240225 0.8299427778664995 0.02597734262616025 0.09051086822186694 0.8152257780664033 0.9093636891824191 0.06824056478908413 0.6502748603356173 0.5533159529201206 0.206538819141209 0.4247965974307439 0.4726035268240137 0.01148409569476161 0.5449448281591872 0.7824014326143914 0.914464174575458
0.04604306700673422 0.7917762385516411 0.4393889450987575 0.7046197857242306 0.6093831788149814 0.9141598048609619 0.6795394415046571 0.2045781478867533 0.9896940562241727 0.8083601315760913 0.05115003662590789 0.9902462356876611 0.08437382953831885 0.4159745619435508 0.8880493772812115 0.7621130650948048 0.6730471756972256 0.5336908954122388 0.3469762708428706 0.8999442022772963
0.8189570634610228 0.9458922635696894 0.3995578348258096 0.2336218654472415 0.7232198067153376 0.6890987289879855 0.543365274913635 0.5371066489210002 0.8096903038056384 0.7995845221791255 0.8477747263258465 0.1903622727088601 0.2002739229399785 0.773663414276347 0.5655340619345856 0.2689029565790664 0.4793551966839251 0.6746587928200555 0.6842307262238536 0.8213913121406857
0.3646636848118873 0.6727495296235081 0.5530764555199884 0.4064152437324663 0.3979589731947286 0.6128797977617296 0.06134945088335042 0.7644997617937807 0.2336473779274335 0.1659385124820262 0.4234842630667297 0.4684478987677484 0.2744365956049671 0.3101308377127476 0.6731481787256589 0.03005397013247701 0.655184249474997 0.5214536462012882 0.478708157475946 0.7204895015650155
0.688251891281889 0.06481083799028386 0.8002359456340766 0.03917515807854621 0.02701273780197477 0.5258653841798908 0.7347989996237315 0.5055747811386389 0.2936680762933755 0.1861811043872891 0.6627426687612997 0.9421266358403753 0.1587783561341709 0.2758646095552029 0.9910930677027755 0.8337390630500543 0.7501563205148166 0.04207320263448522 0.0270170824340884 0.4872102380488591
0.03219608726188705 0.1015254478696235 0.5632940393406215 0.4278034104909484 0.7908682867195632 0.2739896445969147 0.2724496210589777 0.405821488854621 0.6732308218724425 0.9814980613018539 0.3974830973049021 0.7445742682866651 0.8567249603357828 0.6750061798918581 0.7794861620841138 0.8119228688692407 0.5969252591085985 0.4389950969817317 0.168750264972941 0.7813925583217782
0.1940918343257912 0.9987207667929154 0.5426037271223358 0.009366485277571113 0.4187988971872137 0.2410519203967016 0.05313777242793827 0.7161334070788281 0.3164915337283034 0.8210691129874741 0.7644207494362866 0.06567151096429835 0.7127230748218276 0.1949689334804052 0.7765573064016319 0.2504298984191662 0.4037457252729433 0.8832952838998617 0.6569778679085931 0.08150098070323053
0.1345059587337454 0.007681959089871016 0.9821905856342045 0.04767407729516837 0.1053781366975484 0.457465426431872 0.05440050922386219 0.2890859947673308 0.6779740386816624 0.04862906484908902 0.4579721340793985 0.5727580580619324 0.1992666853255094 0.1861685420831847 0.1026876509721542 0.06880025845159909 0.1689848976062642 0.06081653646666318 0.5516786184506224 0.8079054191699231
0.8043415962072668 0.6311817287255432 0.5417459488653146 0.4671352204534982 0.9601370947361009 0.2898956361403104 0.3664340717456216 0.575341432017928 0.512580485186113 0.6742373014989841 0.7746724919091109 0.1824402865371958 0.6288971496367131 0.6940246589444559 0.2723080216311868 0.9280779954528938 0.3452503542846171 0.6380805327581376 0.9257964278695026 0.9806307633662817
0.2487282004557176 0.9419525057234378 0.9090785333412182 0.2509764193148313 0.1010524919076514 0.362357198800731 0.9236275757465433 0.8452692614250463 0.258119992715398 0.2756188963543799 0.2982777211614795 0.08141737500067137 0.1683342165828203 0.6144372106154146 0.4923966535772758 0.4119060139570879 0.5157041915065443 0.887364000181752 0.9550987818063348 0.2556767652801495
0.2336652086678073 0.0701539751326874 0.2596997126641295 0.1742129035582701 0.02756245745521613 0.1744691437786317 0.7804557716074535 0.9202642080116379 0.7215876508900573 0.2984188996161218 0.6314564627738766 0.7701848526879157 0.4425027504725005 0.6194456872719706 0.5737484998570991 0.9027420105633187 0.7523908860853946 0.2649544218091133 0.2293654397353529 0.6936024674943706
0.2330123596963029 0.6219262095820628 0.2549367015507407 0.9204192768536289 0.3025563113418203 0.8485429589998222 0.2297087364191112 0.57209743798242 0.1889022362105681 0.4200080195782313 0.37623972998987 0.03903697529684214 0.1279500731677693 0.75376087314491 0.4126115462216742 0.8040864191073807 0.6698988806544866 0.3828209743824552 0.4948318268979162 0.9505554505656381
0.9479463625887667 0.4849832007138813 0.7124339821175789 0.7498300731535327 0.5105982847834769 0.4470125202325396 0.7690214059719497 0.4156271546358425 0.500088617073698 0.08747954011182857 0.9043357962233185 0.4547277967255017 0.5990551834769936 0.07055585824293986 0.5294403136695129 0.2213120394280462 0.385189650643749 0.5599977350355981 0.8150331153228219 0.2628420185554701
0.7278153978467433 0.492043114351589 0.3042448615432296 0.2904078780718842 0.2411022178826446 0.07316338054530103 0.5811190209878783 0.6249392961692167 0.2352418986756802 0.5642945628393888 0.8725979329935184 0.8076584185794055 0.4073488229499982 0.4962244953483376 0.7063889295244654 0.5779214642555365 0.7546890685453815 0.9501584163608203 0.1770233988721683 0.789258502399253
0.3349662753889927 0.5637835852217428 0.2068899509250962 0.7409716337402438 0.9800028388560652 0.8333307692794827 0.6205109363744563 0.4921071936566136 0.5235763473183296 0.9315337702137311 0.1583471452073499 0.5905090859283317 0.6380059528777561 0.9079241528707092 0.2693978329024879 0.7107501510012979 0.350325434079745 0.3643857314703958 0.08140526292976091 0.3283043400974012
0.3244298705190642 0.02958067808826526 0.5495673159075658 0.7067439625466683 0.4985008191004462 0.5273044597336841 0.1058145461785607 0.6847442772064923 0.471142697411741 0.2292696503686042 0.8557215102451601 0.5651926609682162 0.9991625408431304 0.07709704551480401 0.5150016932702618 0.3039555640594447 0.8616098716438995 0.1617750115884 0.001384281587692548 0.4429868091498789
0.6771568685544758 0.9679079963954043 0.6201117778423283 0.1903542702177745 0.3621721999806534 0.7800567407554347 0.3297436225867404 0.1642420966337529 0.2850703032554817 0.04034047653298456 0.755118594653949 0.2852869453892221 0.7644963096594055 0.8425702926744911 0.4550179379797138 0.8583889510621066 0.9914306733010407 0.9417515806531724 0.9792737570216682 0.9506547071554332
0.9638866409367464 0.6979354195954273 0.1561838145806352 0.6467589734125846 0.9907259703511131 0.2442899411408878 0.6817635974239146 0.1292618322145835 0.9981836169938683 0.4198577231919215 0.3506801629229751 0.2065906966383412 0.8501576004332999 0.6124041082629853 0.575336034796073 0.248047605831704 0.13350738896356 0.06496654366067667 0.6072527151400788 0.7295936715943852
0.4248997207130327 0.09899966451795239 0.08927555803243636 0.5295195773844589 0.3359708022670419 0.661396633894503 0.9538964624569153 0.04898928590483442 0.1212497545696596 0.6082317093643891 0.2961946591496921 0.7187425015853997 0.4848143918888271 0.9541617881875218 0.3587773280556739 0.7251227127442617 0.5929658125823627 0.701727042711572 0.2860864437897501 0.5503644739873388
0.007206774174331798 0.9508888219413409 0.4382354525809483 0.356145070741908 0.1019391440558558 0.2373802406063759 0.2970864882716432 0.4785631881487937 0.415016642130686 0.05618416197682152 0.5889366683624183 0.06700477943116645 0.2788303602099078 0.9313492350389295 0.7016536117266305 0.6836941433741665 0.3562282444561433 0.5959371147899253 0.8207104226005428 0.7790125449744021
0.7509153988160963 0.5315392908815987 0.7451908113280666 0.2177193513722033 0.518552245398439 0.812646661747407 0.2769404714326683 0.5036755504996226 0.6523879842914615 0.08123957669936732 0.1455253957876397 0.593480555380867 0.4139260821616682 0.1311452338971171 0.8087719168294545 0.7156380095763445 0.9758302921563847 0.04003372878988454 0.8030919592823837 0.491553595070345
0.1947769174942044 0.1421333192207144 0.1989324470420872 0.007355305627586795 0.1210221851026353 0.6905383745790646 0.2921970111778619 0.4925688045318726 0.8809454250489802 0.5237969415558993 0.7060140230629557 0.1510531677761555 0.4364404662440046 0.8908631623257041 0.1597696101115844 0.1186560328979106 0.8222070987863385 0.05807314005137687 0.23224605704253 0.5949559143962475
0.7114586987878216 0.4329554809451079 0.47992075496592 0.08692909911718516 0.6100374690453988 0.2803202036628781 0.9189161586450956 0.2382181169460988 0.7506541517885658 0.7051449895312881 0.1227819599755713 0.2087274172991238 0.1971707663412789 0.784330405863519 0.5511512369183299 0.507985226309667 0.7425761454090253 0.8774879579884055 0.07004562737187559 0.376322335085403
0.3417744786936863 0.8442799556634042 0.7688518604842813 0.5324973793248644 0.08954793827714935 0.9251080304867518 0.5579433433470139 0.02390938279829857 0.6460630666862709 0.2737092414055292 0.453676469345489 0.895617034720224 0.2040430578088127 0.1136383469997538 0.6181689340512989 0.6754874143227646 0.9888510366986887 0.3215689209577443 0.907225354077795 0.5904710865997002
0.07683669238786328 0.9305881393615434 0.5424636573316799 0.473861168610098 0.5444760759098837 0.5273389115804518 0.6614785380188455 0.6444484651520535 0.1729330999041747 0.5075374249163943 0.1781871013640524 0.4656641767103372 0.09560503090047168 0.9089335319138442 0.843015173390295 0.2046605922415511 0.2220081368616732 0.5648086168887457 0.04127607244058518 0.9791594494966968
0.3444126729149846 0.2962436612878674 0.9279442077170642 0.2444579280241935 0.4051855765360197 0.1838011489229929 0.08601690984895394 0.91325477717196 0.2773103644299395 0.7783033664455884 0.1621550717600961 0.6657650086040313 0.2743609983874161 0.7252543724324521 0.05723427422010496 0.6621188950507615 0.05609675070638753 0.6575212329501099 0.3497109394439929 0.7358146288304643
0.4179085096479677 0.5554365342178403 0.1896583546041974 0.2776745663874293 0.4860913194906004 0.04653044012248198 0.8489332751584378 0.4386145184808767 0.190299222713701 0.1495960731842333 0.1262375416196455 0.4822108534341149 0.9944193869185282 0.8356487493327993 0.8799328552839777 0.5132625332549413 0.01310510759639238 0.7892428138864009 0.9144460793657193 0.06316219321720928
0.1749917059656088 0.5095553894634931 0.4308765786773789 0.958876325967468 0.984610597556099 0.1543310252551912 0.3531047497496028 0.5768565973846252 0.422226306186494 0.5078993253432342 0.877020301564005 0.06046386063226339 0.9153546325118407 0.3125585253901266 0.7291372224901156 0.2751104062677757 0.729862527978436 0.7843552046306688 0.5672054952671408 0.1109682741944037
0.1246996109519244 0.8557079069514616 0.9338839448867431 0.6486542786130223 0.1849740478089433 0.7223253004316236 0.224046448619755 0.7527454646083972 0.9986269028304342 0.9213079396406171 0.5272669259151648 0.6226449255263621 0.3154174952415909 0.8805357360998711 0.860289938625907 0.06056455821417117 0.5496412494886189 0.380565469890537 0.5568432569259799 0.1821727424808909
0.7921895099029174 0.1178937623118745 0.2030311725249675 0.02394983212577018 0.05849820814151807 0.1191778907461765 0.4513644800658214 0.8956861168039287 0.1037690910388511 0.9973867035729693 0.9224184700162683 0.1259703495868404 0.5616077025521303 0.5787214664198835 0.7814864322682716 0.09937727488661718 0.08905922896176055 0.9447107577747725 0.4254799400686821 0.8191586379519746
0.7829904485192782 0.8379004051984075 0.139751697312994 0.09173177659809428 0.4428518574582456 0.8081032535021921 0.1403130914485837 0.1797454470288196 0.1605977358283249 0.2306204145982091 0.3280449037711186 0.06777972590647896 0.3865241471052798 0.2804838782913722 0.1531843535178 0.3132740510381177 0.499258710702754 0.6709108607079718 0.2915763290859028 0.4868303881979054
0.6940602657468494 0.9423175802604304 0.1133128464553457 0.377052136063788 0.8666726030668858 0.7679291021284133 0.825941587639117 0.03690396775678983 0.8040569829375551 0.09526349893223385 0.3527084149973373 0.2330249870398936 0.9843796880759197 0.4823421540755959 0.2803283165348393 0.4207733809821692 0.1390058997143516 0.7812129118748727 0.8210544848893977 0.005969889460240796
0.3586095234933075 0.9279321127024249 0.5585877438073292 0.1702942856001846 0.3976864994578738 0.630711383788382 0.7635023104633797 0.9854800691411797 0.9776859619141893 0.4441372042794732 0.9179800517035079 0.7237602275423702 0.154939104729143 0.569318606228353 0.5295548677939595 0.9395420369086108 0.6926232341110075 0.539422595624084 0.918723546688146 0.08091638771040865
0.3094226416214539 0.366358295354875 0.01174701901201269 0.545157942159207 0.3855750003548766 0.465144094471811 0.05261418201959189 0.9805491326976041 0.8753724038321233 0.3126167481203316 0.08176932129605041 0.106600834632225 0.1112782652313201 0.3141636479422297 0.7467208530821723 0.8678226091952227 0.4503804634778436 0.7354007280318072 0.1954116866022335 0.1939049406404343
0.3674433660091265 0.3492413482256529 0.3020790485218515 0.5497604473753912 0.01269521148718133 0.3592308608189451 0.6849925200740724 0.2075415739004295 0.1808377064441222 0.2941156028571411 0.005608503491452255 0.3447845824578024 0.8284045098455568 0.02228925673658733 0.03031914393565438 0.3743558207112582 0.06536027229118624 0.8530473143058388 0.3635515033677824 0.7086871289910007
0.3425078540721634 0.2854136624325569 0.005491392650424753 0.2700337385804005 0.5582070422192555 0.3952110465065279 0.8451511992022689 0.2535631382572048 0.9201892575008702 0.1449582009342535 0.4839156431471534 0.2019859895499512 0.1121819256223269 0.0789357521370373 0.09796129184020685 0.4434238655065861 0.4939365040813365 0.2944508870118618 0.7103316823305711 0.02150036500545305
0.3095916877212969 0.8427835002023701 0.5474583456480139 0.05516994322759572 0.5101657995130386 0.2942545461244245 0.1663273220827733 0.6792836282750995 0.1968169165778099 0.3958926221983889 0.7277649293272815 0.8099351346961593 0.6014848135526263 0.1308087449084128 0.01089047915329588 0.2925728154019164 0.4838845744659969 0.07567084455650541 0.08349122130377318 0.9794943362180148
0.6242709588297991 0.8229083218797155 0.7810099548120587 0.5102381588143717 0.6069621401224745 0.282451250437972 0.9359960378062672 0.61686906153258 0.4068492847424222 0.05017834064515325 0.104844958853648 0.4439393372024134 0.02376267363376794 0.2885709730633318 0.2148954631697764 0.2215106617491418 0.1926838192709407 0.8391529090005351 0.4660440737279906 0.5431391121652812
0.5808173691731753 0.09434605740250135 0.06401098697686969 0.9868101884227768 0.2838314123343562 0.1419013858747916 0.01877907193976969 0.8707077463601706 0.1737453310223496 0.1715352625521538 0.3726958854544232 0.1825085253748949 0.441009552322525 0.5786757450604392 0.8361595422444189 0.5882947988921537 0.9240320477286272 0.4812839879466135 0.6218432672893202 0.441706605152818
0.912510498318116 0.7104078442670122 0.6027967097320923 0.8433887796852959 0.9064960425635621 0.5779856472757112 0.2075954602010859 0.3330899339119151 0.9200112467490208 0.4911575978336901 0.8451511738751311 0.4915761064540861 0.04824868028767859 0.5884226582816309 0.9798882956006315 0.151465447352684 0.6269225257545172 0.6444148218258262 0.1062262416942298 0.2989760256980455
0.3895372720340823 0.9543625728003577 0.5767542800057013 0.08735841072127859 0.1071597341254878 0.9536827057047068 0.8053441922966844 0.4283016750780408 0.6724915321424771 0.2119288627794349 0.5201645641466101 0.9755410110714623 0.830424555479948 0.215979284796715 0.4484235170468085 0.5726814884474128 0.570801411824487 0.9305256042503485 0.2550960774499178 0.6563394817595641
0.7812471519145898 0.1159717496859779 0.5263891915654333 0.4123436109396842 0.502292423265572 0.06531505635432988 0.2695361155555099 0.2500020396628277 0.6686776604917568 0.05007423784860787 0.9731346137095093 0.3756874440831661 0.8718698856498369 0.6942923299437064 0.02957906035921742 0.08727065309606064 0.09496323742692758 0.5642263958852483 0.5660423603406095 0.3106080352809569
0.1131936234056931 0.768605691314621 0.1381988792844107 0.5850318859451635 0.5086775098412045 0.5101229614642662 0.359337364400404 0.05547883554213529 0.3361943641417032 0.9498519025622532 0.9483327380948855 0.4293190655897303 0.7420486554239929 0.5576153806095775 0.9140036467271931 0.7364104081381736 0.3939309196454687 0.0605353869774069 0.8106128912605139 0.3164207823186913
