0 0 0 0 0.4445932794541386 0 0 0 0 0
0.1946939754167082 0 0 0 0 0 0 0 0 0
0 0.05456492227521729 0 0 0 0 0 0 0 0
0 0.204199492743883 0 0 0 0 0 0 0 0
0 0 0 0.603557192367407 0 0 0 0 0 0
0 0 0 0 0.4229260390293594 0 0 0 0 0
0 0 0.5810269966191611 0 0 0 0 0 0 0
0.4317628888215539 0 0 0 0 0 0 0 0 0
0 0 0 0 0.3448303442236238 0 0 0 0 0
0 0.1170625606940017 0 0 0 0 0 0 0 0
0 0 0 0 0 0 0 0 0.6639379215664379 0
0 0 0 0.7755072694591316 0 0 0 0 0 0
0 0 0 0 0 0 0 0 0.6134326753025681 0
0.02515022096513226 0 0 0 0 0 0 0 0 0
0 0.5189138687475664 0 0 0 0 0 0 0 0
0.2711818871410868 0 0 0 0 0 0 0 0 0
0 0 0 0 0 0 0 0 0 0.4038178883960018
0 0 0 0 0 0 0.2479452267524002 0 0 0
0 0 0 0 0 0 0.6558833577027818 0 0 0
0.4830725897031513 0 0 0 0 0 0 0 0 0
0 0 0 0 0 0 0 0 0 0.5666585639336398
0 0 0.5222451789461875 0 0 0 0 0 0 0
0 0.2646702118930183 0 0 0 0 0 0 0 0
0 0 0 0 0 0 0 0 0 0.2223825307858334
0 0 0.0860364543529293 0 0 0 0 0 0 0
0.4371516684810836 0 0 0 0 0 0 0 0 0
0 0 0.175705175143117 0 0 0 0 0 0 0
0 0 0 0 0.03293602973328198 0 0 0 0 0
0 0 0 0 0 0.2052216070705743 0 0 0 0
0 0 0 0 0 0.9787155317002847 0 0 0 0
0 0.2446748604907019 0 0 0 0 0 0 0 0
0 0 0 0 0 0 0.3254791928106345 0 0 0
0.3451027481788077 0 0 0 0 0 0 0 0 0
0 0 0 0 0 0 0.404621150573634 0 0 0
0 0 0 0 0 0 0 0 0 0.4442551391835899
0 0 0 0 0 0 0 0 0 0.1041229545524673
0 0.4771054078138238 0 0 0 0 0 0 0 0
0 0 0 0.1852220034380761 0 0 0 0 0 0
0 0 0 0 0 0 0 0 0 0.2633968847873466
0 0 0 0 0 0 0 0.9013198756238657 0 0
0 0 0 0 0 0 0 0 0.4276526501463221 0
0 0 0 0 0 0 0 0.4331541086096025 0 0
0 0 0.5927841278386971 0 0 0 0 0 0 0
0 0 0 0 0.5955113349825747 0 0 0 0 0
0 0 0 0 0 0 0.4885541988101547 0 0 0
0 0.5610742477966729 0 0 0 0 0 0 0 0
0 0 0 0 0.3569892983005145 0 0 0 0 0
0 0 0 0 0.1462960144001004 0 0 0 0 0
0 0 0 0 0 0 0 0 0 0.4345032308992677
0.3974245831173992 0 0 0 0 0 0 0 0 0
