0.3266449017720962 0.5270581022576093 0.8859420993107745 0.3572697600024998 0.9085351509197992 0.6233601157918027 0.01582124284655628 0.9294372337437613 0.6908969175169239 0.9973228504514805 0.1723405083453285 0.1371357496288778 0.9325954630371636 0.6968181614899002 0.06600017272206249 0.7554630526024664 0.7538761884612464 0.9230245355464833 0.7115247586284718 0.1242709619721647
0.01988013383979559 0.02621098687771928 0.02830648802079461 0.2462110676030459 0.860027948682888 0.5388310643416528 0.5528219786857659 0.8420308923596057 0.1241733151199111 0.2791836790111395 0.5857592714582879 0.9695957483196745 0.5610302192557099 0.01864728937294302 0.8006326726806163 0.2329742738410204 0.8071051956187791 0.3878606440641718 0.8635418545594287 0.7471216427371846
0.5562402339904189 0.136455225660685 0.05991768951221166 0.1213434557407373 0.04455187854476172 0.1074941291060929 0.2257093386078547 0.7129889803826767 0.5597169820541424 0.01255598015911585 0.07197427968948678 0.967276330000272 0.5681004619199421 0.2032932346609905 0.2523257445703234 0.7438258540750929 0.1954294811093188 0.5813589272732578 0.9700199890883123 0.8468288014900353
0.2398477591475862 0.49376971426873 0.6199557183813798 0.8289808995501787 0.1567913946460843 0.01857620217740952 0.07002214371922233 0.4863451109370318 0.6063294616533303 0.5688514370864813 0.3173624093221608 0.9886161544124489 0.5797452192457969 0.3801411726235504 0.5509482191178968 0.7453344309065021 0.6692328934531846 0.2649195576628094 0.06633483442844157 0.3700841979141063
0.6297175070215645 0.2101740099148396 0.7527555537388139 0.06653648135411494 0.260315098578541 0.8047545637433454 0.1934342826233277 0.6394608808799401 0.5246703091237337 0.9248079703993507 0.263296770487111 0.06596109068402378 0.7350659632886695 0.7721780295432468 0.907815852503524 0.9319720691968373 0.01395157297559702 0.2343620861214205 0.6167783570016576 0.9490163206876164
0.9501761192470797 0.5566531881951564 0.9156063497662745 0.6415662089463375 0.3900077141412462 0.4859906670969097 0.6043104829199732 0.5495479215085626 0.9261814267064536 0.9187334356336061 0.3948756129235549 0.9632625284407118 0.1739556666804644 0.1263295194396373 0.1350791580467313 0.5056621656768967 0.02152480527419798 0.947970211217681 0.8271154711707325 0.01501898074212238
0.1761962555750552 0.332063574366837 0.1309968448109169 0.8094906921265821 0.3447366526832935 0.9401074823333672 0.58201417994708 0.8788319844118441 0.8447344453922219 0.9053923187086492 0.459880265816807 0.5463468160203733 0.7986035911520394 0.2857188517341476 0.4902535226199277 0.5991103076458784 0.01553327555083572 0.5934814081966372 0.4336763489894583 0.8073605288848414
0.3152448030953729 0.8928887085251513 0.5778572152845355 0.1840102016274651 0.7879292338255043 0.6120311770449339 0.05390927207375296 0.4201936800011322 0.6790688365654296 0.9186017779775258 0.0004020248913574331 0.9767591490310596 0.3765803147457745 0.9737835383583225 0.604716100974053 0.828845807980693 0.5747115047081023 0.6280761983073504 0.2855762816956939 0.5868333406560829
0.7500217637026599 0.8583138364290424 0.7550821884676802 0.698057248447303 0.8644794300545998 0.3226809968367464 0.6707887907875872 0.4508739364133492 0.3821027520315172 0.4108113499221856 0.4014795834695406 0.3173839459582769 0.6219193679203014 0.4302472708212643 0.9738020779272523 0.6778008914343111 0.1985698884271109 0.4267010093480328 0.343346239774423 0.7976388039585666
0.8799982885634318 0.9038419558263719 0.6627198123752622 0.2702082620297578 0.2523667015045897 0.8548979426974024 0.5277146463087466 0.8021610840045981 0.5724885171916063 0.7331425252875111 0.5190116274640558 0.770883910501888 0.5688579907047155 0.4657098785919809 0.3426889079532818 0.06820934841670412 0.3779241793280999 0.07962607769825236 0.982817113730445 0.1816128513307638
0.8118586977205398 0.8749616449558981 0.6884132523859433 0.5694944127453757 0.1609714368156088 0.4668800227633063 0.345172051155215 0.2250399578140846 0.5925118687657968 0.312269837701917 0.9163055534683507 0.9096355249515571 0.2571182937821962 0.1108913007440292 0.1929627320191128 0.4995841706788861 0.7285856679745962 0.2081944384087915 0.2480335583772307 0.851671874936367
0.4158487182675273 0.6166850671552362 0.2336661392392501 0.1019672594257974 0.5158570169685298 0.4771409870497824 0.1526716440931633 0.6218062317404155 0.5440101188139381 0.6541373469707443 0.1445455401246598 0.7515278171352439 0.2220491397999227 0.519351824366033 0.7852960282216189 0.02233042799180618 0.3243624597261865 0.8729223764001111 0.8447096076020696 0.5384405925945437
0.866608274166513 0.9498059913536265 0.8264069976293413 0.8541154438365387 0.09874340182034835 0.6513043323409911 0.703516988152653 0.6102408126466297 0.799615261736028 0.03457121987163425 0.7702387345549799 0.7317286007395269 0.2596983932983531 0.2570692988221467 0.6323033174301278 0.3452974615910815 0.7965886780072875 0.4461462320034573 0.7827494147841719 0.9904717836238407
0.3002483395339001 0.1430058282580994 0.9013084363492738 0.5415593788873733 0.9747403708550822 0.6366044000018972 0.9939130246104789 0.5460708041429516 0.5264259339055213 0.1354279030721699 0.3557051709838811 0.02621856729637329 0.1603951795196491 0.7456371927074961 0.03039968992878883 0.3665430972437443 0.8623462528380441 0.6926777175073543 0.6909421420661686 0.1886368009553109
0.4419042807484234 0.5815774073442912 0.9897517076637052 0.2039062252331219 0.2477329017623549 0.2621730837729119 0.7501724132979928 0.4569753274356928 0.05692943841109499 0.5085162406102396 0.211960164643676 0.7986042447602102 0.2973313815072722 0.02760601195450363 0.593432449464621 0.8438404289311888 0.3810161240622142 0.7498583107261434 0.5111414782971282 0.5409518049621886
0.9594343210617524 0.8039608914986468 0.03232306662357398 0.7093872512312951 0.4650014815635061 0.9475489413950998 0.2214327343234883 0.2670720196843658 0.081473964877262 0.4286188286637865 0.1090187640190683 0.6337867606119179 0.8029632373737379 0.6968004961201785 0.7662113810757705 0.3424541198435198 0.8458514830276777 0.4287687749994425 0.8240098704123188 0.6264961586242938
0.1434230486702449 0.07838689985494796 0.01833264291300729 0.06672499763935646 0.4585838137084318 0.1133419227675905 0.02778334884866995 0.7548614813904674 0.3948504804606394 0.7469384956075251 0.4524048267464515 0.4500867470007611 0.478072506717831 0.474003926562194 0.8031633421141696 0.4023925198577358 0.904686160343623 0.03706104795403586 0.7738743427204187 0.1256413811377388
0.6185135669120855 0.01036426133523194 0.538627282576347 0.003017956619596363 0.9511937854902045 0.9054020337027781 0.7959669419422694 0.9152743199147875 0.1455582311583971 0.1577300698705333 0.187631672902434 0.6224959022999211 0.9058094960083019 0.9899551783590737 0.7111224587658159 0.7318004091422953 0.9092932045442544 0.4008737323711209 0.2498506802250368 0.1734301707871229
0.119457050333729 0.8126105880328287 0.1467923734172432 0.2642974827269007 0.8190891786335308 0.31058725179421 0.9824174492929428 0.2666387021516352 0.5336533449712114 0.3144670111858496 0.9107728311738374 0.3665566438512344 0.4335923272731645 0.5122926922783614 0.9388864773697133 0.03094900627115071 0.7168786636316892 0.8910189542923389 0.02728722351746882 0.5220512472525107
0.3259898117700253 0.8594893208655858 0.5585165509225178 0.6902278681627478 0.4528534999515375 0.6283090375213571 0.2900968516874258 0.009348577966515781 0.5767559349870908 0.3114442141324628 0.5172675985011298 0.9164058530538978 0.426474788501396 0.2473960366023854 0.3712937612790544 0.9318611166365406 0.9368683813090937 0.8443299485657132 0.9202065143056605 0.2279002899513169
0.08748220955359087 0.2273097362846888 0.3143766161140504 0.1747658763563116 0.6070941619724605 0.4135864150011613 0.8163515118272141 0.1851303982690307 0.7018765297563104 0.2403556248491389 0.5742190888408597 0.3489875972207889 0.05696439948283272 0.2288136709603759 0.6641025553547935 0.4972500933605313 0.5190159840736788 0.1747201501089225 0.5707158515462564 0.99675342520821
0.8168351087916219 0.5943726238309778 0.9759890683309049 0.9015625846693213 0.5956079336026455 0.03242632531445711 0.09357709581748075 0.06537171504222639 0.4517331486914753 0.3754348331678578 0.9753500342702865 0.1679832931996149 0.9727875919326552 0.7674748688630131 0.8242378396244978 0.6326158167779973 0.6687327702067321 0.4768823335211934 0.01313635692307225 0.3530060855418248
0.4920718014935584 0.7300912110901043 0.4686283427461092 0.4574049160894317 0.1376627409456032 0.01088873380347899 0.7582782604769962 0.3199528380776784 0.9843834501935107 0.220234226159156 0.3387080254816797 0.5238961356661317 0.7548914570605327 0.4638577839002956 0.1248225431116763 0.3125013784920495 0.5045191697009946 0.6738490080168676 0.7701499563120922 0.1303357809543543
0.02291513132238177 0.5190823222119895 0.8099887106624163 0.01260376702987631 0.6724698446537339 0.6868082266569918 0.4492467535866376 0.9147886867419343 0.6443610847569929 0.005239837651465851 0.4844284455143756 0.8593178060976 0.8303995700373394 0.6491541971124779 0.6736984238986317 0.5784995797892005 0.2741197751668522 0.5605299905360588 0.6717297848174203 0.3524296302164088
0.8558283672539277 0.1950374860087073 0.7473208103319232 0.2896027461868774 0.773799287244182 0.4277373293360762 0.8076984091122095 0.3535348626679904 0.2136932376295811 0.7672845084217665 0.3086419476306511 0.7332450677264275 0.7444731530777321 0.2213967009082011 0.2141121368206484 0.1989479234270667 0.1425183377658447 0.3770825992073341 0.02662788469162147 0.1109203690342406
0.6745640237634105 0.7997765368973863 0.0805295271283859 0.231702310485792 0.2076256618038144 0.9173335630816306 0.7113145181364867 0.5538846110514143 0.3045179879206202 0.8348540476317985 0.43530595762952 0.9234562151187752 0.7060518043359332 0.4780313079652834 0.1262101037493587 0.9760435504677476 0.1598336503440934 0.2026021252196626 0.4311817551603709 0.4042019057751473
0.1467514807642941 0.7293189193611234 0.188745066877186 0.6438956443116628 0.7543059505762987 0.2107323920833207 0.60095424810764 0.7489283752458364 0.6382187106203334 0.5971273029466491 0.2954822856554971 0.7316064712415088 0.9453084399999497 0.4255613902615469 0.7821818168314053 0.0561410396619153 0.8352716024899659 0.1922500168221477 0.3950968688899732 0.3000810459253564
0.08010364380604929 0.9046310029362429 0.3701541775537383 0.5306974384761395 0.4941162658963251 0.1321611419429382 0.206454058889433 0.07618880903232117 0.5079216999452875 0.2615495518329871 0.3570616088827919 0.1080653286972368 0.7875518396525072 0.1065838767888011 0.9857088237131878 0.1771611644384173 0.5724051124346493 0.04484533458908813 0.7871162896558341 0.1896059478182965
0.5279039784081266 0.7400775431590716 0.1499314849172559 0.5510871741869717 0.2166172083287794 0.7591960493171447 0.7229151935562137 0.176549034277083 0.8619665576670734 0.01977509951634426 0.8602369974231152 0.5589038111609383 0.4032204721058492 0.7587469310223366 0.7169290016924699 0.9873261748084265 0.2780850486129828 0.003793672409342586 0.9339026083148878 0.8578971045378938
0.7288508775192559 0.5166887829215384 0.706956245248761 0.7805295568767427 0.3748759435368594 0.7703225253299576 0.7506243191751754 0.6132112115442597 0.4018659239678374 0.6973080192643409 0.003112857825192106 0.7748966467245978 0.896416602456847 0.2393157074375046 0.1207671843092297 0.2202839877937276 0.3020967312900983 0.8830285085638342 0.5431664302380945 0.2867116496064306
0.1383546897929465 0.2901444631045417 0.6138710897412526 0.3241385298974466 0.4573601816909985 0.4441171070166144 0.8281353607315121 0.4263481542362306 0.3456988211755023 0.6749716048091052 0.2214820557335287 0.4672458239265538 0.3147656873240164 0.6268556021628346 0.8773604746948126 0.4476890001456285 0.7844574187919231 0.4569657005615504 0.6562293317171314 0.1318409750275021
0.4329815069676481 0.9093119886549367 0.6054790010309347 0.7667745872371021 0.5047006080958943 0.4980556248280075 0.8428998401928499 0.06780693434095375 0.5732722715496846 0.9427625754329493 0.5178600481723219 0.1944658095278845 0.8479393924434762 0.2516391423558528 0.700726036482538 0.5402609403968999 0.9488362882802196 0.6243367024026759 0.8379779620477293 0.007932876194523097
0.989340056166638 0.07771457033238649 0.3221295136147696 0.9461523954567653 0.008939102371245067 0.8227300054219355 0.8612116383667944 0.4398308142085725 0.2557451938059312 0.8026895196332986 0.4778620044322212 0.1343386086556961 0.9278489928250108 0.8959699670066484 0.4915451500169353 0.8567024965177922 0.4185780257640986 0.6834649001663011 0.3979906394079225 0.5057420174508104
0.1895517028339273 0.9649889241109139 0.2942156882442547 0.1034595561164013 0.1443154002290481 0.01409229419244296 0.7159456994623945 0.5644983202408741 0.7945783511847522 0.5070799232841364 0.7918210395041538 0.6957642142718394 0.7778484768591754 0.4064828689770863 0.6477706331874812 0.1797942976929744 0.321819963387904 0.1726046201197925 0.4086372250132624 0.2414187479655988
0.4069219941293579 0.9752223424373121 0.3203193258220313 0.9824909449748953 0.6363061258559836 0.375091018393911 0.8574844990835966 0.6195867393685738 0.2520330801308394 0.7928556779768876 0.4329385087341631 0.3575111673304414 0.3302769365250809 0.6973688756131394 0.2686501239062266 0.8082780137053801 0.2952887943998478 0.5441213835853572 0.4879214918052024 0.8553564125953698
0.8883864343953859 0.1843844423677667 0.585348458938251 0.8982050460171371 0.4461172190344297 0.9218683054838154 0.2789908904569709 0.6088311741937957 0.6824537097668154 0.2282057333504841 0.0137675125577168 0.4167239623706961 0.938481891856734 0.3430281098304065 0.7797442954825999 0.1747363128274074 0.3419528363024524 0.1445977208380967 0.716770814146376 0.6993076236968142
0.6884973179489188 0.2533960344862997 0.6923601216234089 0.2272975409159496 0.4246491159313397 0.3719221216676872 0.3553079116201222 0.05765480724125638 0.6316466268659396 0.7073166026816995 0.6135886945028356 0.6483127561631246 0.1699407142172578 0.1494467989388625 0.5141750435258828 0.8753327263545391 0.183953441547222 0.4628391187082599 0.4289323340299029 0.4972891859195163
0.1615107704860119 0.3424406411348105 0.2618804041035202 0.844526943229479 0.8003322457764017 0.4266391582681436 0.6070154607890389 0.14546561026622 0.5096132942175586 0.2969470857869045 0.8596509535692011 0.6715983809063899 0.633474012622421 0.1247513000691792 0.4705878794988857 0.9865727795868815 0.9482991740726651 0.6450856402604436 0.1517248710319736 0.639126848719905
0.5656621125439275 0.468665837661252 0.4280374694682701 0.5992697556580301 0.8499698885159654 0.7511210403719374 0.5793605402972331 0.9247041815360281 0.06473998344154885 0.9913465087318091 0.05299454266798953 0.1994955461385614 0.4227526616445609 0.1075088761851677 0.6236704109977018 0.04799256404886731 0.2846238810069421 0.06103668111967109 0.7035193311050811 0.668456167589482
0.3785805932506022 0.1881942600298212 0.7470048290299451 0.3403792907654672 0.7953011674056428 0.4879009391796203 0.5256694443509794 0.02849084949156722 0.6442320198790318 0.3506565024321674 0.2292050272920657 0.4338833762117006 0.3824674572709176 0.4697890400863602 0.9794833541798064 0.3643780703682304 0.7744101333360395 0.5527675965498925 0.8891310891074828 0.354952851149572
0.2455186801865075 0.9110192396569683 0.04353426375776537 0.9507534280610023 0.5564069156709253 0.3763632166870875 0.9950523223391111 0.05836264614763165 0.5167063597676121 0.03109707545554785 0.5711757391862334 0.1804685089951156 0.6309592003395305 0.9809236757505815 0.8749025512123809 0.4518362494208706 0.7084608700517172 0.7774687500031893 0.4948430841825636 0.5285334901775651
0.1507843983721926 0.3693999256119063 0.1422212530727867 0.7268937533445626 0.4770129944022632 0.4488788367067655 0.8859979711653513 0.5276187723115614 0.4090908319168599 0.2688920222126459 0.07201203516976995 0.4181361337253158 0.02575348240658337 0.291153940552428 0.5035095098483965 0.9659330650197223 0.1093829141935846 0.673041054216622 0.4999323710992 0.777098229275783
0.1436069978742093 0.08320263643587555 0.3992186053524538 0.7969622519799001 0.1916757389098901 0.767777192147274 0.2902979970618682 0.2168914876117953 0.01671558907700643 0.3986590599223787 0.3810814912934524 0.6593449361953647 0.07091840047038722 0.1526039870422718 0.01657588290093415 0.1137963564474068 0.6517892760100904 0.4026568521749192 0.3210263141673159 0.5579119942437725
0.9934604630998499 0.8344865140180296 0.6996231823995839 0.9182585891320579 0.03972870668308481 0.07033344161552524 0.4740062899880546 0.3491674129570773 0.9372520621284489 0.4895649611451686 0.5396491100933506 0.8952603657312208 0.4466350458236905 0.8770343892703519 0.2535817493716284 0.2738097041581086 0.3283613900875901 0.5475642704809535 0.2201286740269812 0.6714291710812733
0.1427932828030004 0.09410027449963942 0.8701917462053776 0.2368687035569985 0.3860040110225955 0.5715420927253323 0.52580196995147 0.07602387944210687 0.8741259355980283 0.9511356184186921 0.8125073041746718 0.2838018349468743 0.5278467961179595 0.3394167240176095 0.5546673107876667 0.9744034689130026 0.3117029177189814 0.6687966059228697 0.3259672073089859 0.7744772660150796
0.3258099666132048 0.889827341447375 0.7517077209192669 0.7626320954451107 0.4694790285599257 0.2107645024687054 0.04147507957649887 0.3218287999702445 0.03711266449399442 0.6938554113738997 0.6703500319361684 0.430471782744975 0.767788977658173 0.5360084947395637 0.03985992663545257 0.1347931179606791 0.1934163990149184 0.3356638011646498 0.05231294643747675 0.6051167805003662
0.5120610275239188 0.6174610120171561 0.432355594764344 0.8477004682374377 0.4540590560591513 0.01540351979192089 0.8730681484470995 0.6562015477440989 0.823003040648471 0.9517756930338517 0.05091238351688721 0.2350718640910145 0.0633434434563398 0.4216578860324509 0.863829145501452 0.0816239827150681 0.4731119528858785 0.1255431098087236 0.7728856021671178 0.8414221567958434
0.04329093818615859 0.4864407431703948 0.2394110441377559 0.9524737816932592 0.9438926277837961 0.6139340023847009 0.9734873973251963 0.344861343716251 0.8978507176676818 0.4345949734085095 0.2358146371475137 0.9408279632013994 0.6842180509832275 0.06491158533912933 0.8704248568230661 0.7013802946333463 0.6049268729742817 0.7323748991793305 0.2534390424997808 0.6004889552745444
0.8146191812616553 0.05411366032399989 0.130510671339266 0.8424458099564136 0.6183458693278855 0.531287810481058 0.2482907289970986 0.2950785752494959 0.8726861649194619 0.4216659348497093 0.0644302555796068 0.8969850695075825 0.2033808328240511 0.8262275354923914 0.8817706230828073 0.4867507448183381 0.5984646931046363 0.527267456485417 0.624821294185499 0.8550417213473515
0.2821394484048606 0.8837555081806009 0.5676903301191493 0.1151030409669034 0.227001165214658 0.5959823856130138 0.2394462369046804 0.1314156605374606 0.1618477141238351 0.8448725182357391 0.6021836538927108 0.9635670871883419 0.3456792132960255 0.5956250981349497 0.5989852889734197 0.6157042872039488 0.05917720718572239 0.7503171845746859 0.9482094981876252 0.5346790571795887
