0 0 0 0 0 0 0 0 0 0.6382459307089513
0 0 0 0.5797799418196969 0 0 0 0 0 0
0 0 0 0 0 0 0 0 0.552862367839733 0
0.3453656022843459 0 0 0 0 0 0 0 0 0
0 0 0.2544450454088546 0 0 0 0 0 0 0
0 0 0 0 0 0 0 0.6238240442519062 0 0
0 0 0 0 0.2064212456742771 0 0 0 0 0
0 0 0 0 0 0.3453741530366006 0 0 0 0
0 0 0 0 0 0.3982888955685798 0 0 0 0
0 0 0 0.4689023882845034 0 0 0 0 0 0
0 0 0.5638233027900915 0 0 0 0 0 0 0
0 0 0 0 0 0 0 0 0 0.009047265788592435
0 0 0 0 0 0 0 0.09390297746409527 0 0
0 0 0 0 0 0.4056912915466646 0 0 0 0
0 0 0.7857232350502042 0 0 0 0 0 0 0
0 0 0 0 0 0 0.1970326555234872 0 0 0
0 0 0 0 0 0 0 0.09089798496404405 0 0
0 0 0 0 0 0.06144818376527596 0 0 0 0
0 0 0 0 0 0.1637090550159068 0 0 0 0
0 0 0 0 0 0 0.6087376649323709 0 0 0
0 0 0 0 0 0.4254967204748771 0 0 0 0
0 0 0 0 0 0 0 0 0.4958606130168034 0
0 0 0 0 0 0 0.3836165407577888 0 0 0
0 0 0 0 0.4943310100425962 0 0 0 0 0
0 0 0 0 0 0 0 0.1593278942365504 0 0
0 0 0 0 0 0.5881098816778059 0 0 0 0
0 0.5286953858976392 0 0 0 0 0 0 0 0
0 0 0 0 0 0 0 0 0.3066251663151013 0
0.1341418184106316 0 0 0 0 0 0 0 0 0
0 0 0 0 0 0 0 0 0 0.1123789294775581
0 0 0 0.3761334862124918 0 0 0 0 0 0
0 0.6134612626814139 0 0 0 0 0 0 0 0
0 0.337457049809901 0 0 0 0 0 0 0 0
0 0 0 0 0 0 0.1964333438613926 0 0 0
0 0 0 0 0.2774751672629269 0 0 0 0 0
0 0 0 0 0 0 0 0.5464547244609415 0 0
0 0 0 0 0.3768977171421178 0 0 0 0 0
0 0 0 0 0.297086309268623 0 0 0 0 0
0 0 0 0 0 0 0.1540881539409925 0 0 0
0 0 0 0 0 0 0 0.5193892617281501 0 0
0 0 0 0 0 0 0 0 0 0.5659902766802575
0 0 0 0 0.5061385785350995 0 0 0 0 0
0 0 0 0 0 0 0.6173538044278695 0 0 0
0 0 0 0 0.3867120742537455 0 0 0 0 0
0 0 0 0 0 0 0 0 0 0.5094960861754473
0 0 0 0 0 0 0 0 0.5953540644586884 0
0.1957160334835681 0 0 0 0 0 0 0 0 0
0 0.4798637386315722 0 0 0 0 0 0 0 0
0.9079778673237136 0 0 0 0 0 0 0 0 0
0 0 0 0.5500085180015623 0 0 0 0 0 0
