0.7738896364811566 0.8203492980213409 0.8516296143866011 0.1515248809808434 0.8900366384529912 0.6582128898145322 0.6961336628141894 0.5640716642088865 0.9396819983471073 0.2518470435011207 0.7868842837227377 0.4952584663688091 0.8909002067462011 0.2761986897941914 0.0152469091908527 0.06489100463442987 0.8996350862213649 0.6411502232454998 0.7302687217068667 0.5043617045380032 0.5575746004125175 0.3638944826554436 0.7826356482727505 0.7568652512075241 0.7000061369477979 0.9618924149418538 0.7688383710827266 0.977922591143854 0.5902764496936616 0.6192590906865287
0.6390532170869906 0.3263713869512017 0.0330290180615378 0.7881763786137156 0.7101878505852305 0.0790316916668774 0.1485818364369702 0.6863402441962448 0.5350373773137375 0.1912144427589973 0.05595335088496012 0.6114123003073613 0.05361162687879506 0.2135753119522728 0.5026626703120288 0.09403110962040273 0.4089061107150217 0.02011579808306752 0.1194637458058411 0.9400625138171678 0.558861088998048 0.6864613759880351 0.3777702031407377 0.7631214106853785 0.8963890348402849 0.9101921629339087 0.496486148131659 0.7626102319611849 0.7089620332115116 0.9512968538192491
0.2415544901471862 0.5613397077830184 0.04377326756780975 0.9231779590175359 0.9452565787586052 0.5009063448895332 0.5861174481858638 0.7719418450568793 0.2493311842774562 0.3789904760461922 0.2886055961989953 0.5388039652149142 0.9489568238140139 0.3854006995498551 0.04500976581373906 0.6825186327094862 0.4950306601798781 0.2965120008987219 0.4158886067092111 0.8625102968817711 0.8210177135498551 0.1708463401004969 0.6851332782460625 0.9976633612725854 0.7843592980408396 0.7250463554353692 0.310019979210334 0.1594707905844115 0.8643221540234217 0.6103462184166267
0.3900903985337764 0.7555907348208796 0.718627885721305 0.6473331254774046 0.2072633615633397 0.8855278177946995 0.7190059624284972 0.3026305634146216 0.06359849887670277 0.9127964154958703 0.7938500584516285 0.4985836429715954 0.4139251942081669 0.6155624739890907 0.3985151761030816 0.03891804002549182 0.3019683321053582 0.2462785581235365 0.9723025876721264 0.7674980490993547 0.4036966138355975 0.7366272087072516 0.3026550151405917 0.5272958274321721 0.207143239828657 0.2542602835857236 0.4340230688193736 0.08242585896444932 0.8532879567289522 0.9163292162919756
0.2131078625515476 0.4737220117607128 0.841459701675827 0.2882789734588559 0.6107088220506567 0.4420480119556424 0.3974914783719659 0.7893742213089067 0.4645126140061657 0.4648025184152748 0.9920285043254465 0.9622297954466864 0.2350808879822273 0.2269537671213898 0.6627380175437828 0.4119464352032193 0.7187540405514171 0.7334533565591088 0.7832948611987212 0.2633144877988361 0.998358215305066 0.4937004367704417 0.08392651435770837 0.1120156832445609 0.5614997241464469 0.5101089424261638 0.9348355065512138 0.9008260608353997 0.4654036478537409 0.2064771332281155
0.5644176059163296 0.3087333817774225 0.6505856339559448 0.5151040068807616 0.8431800914407652 0.1317404149332022 0.251006777252771 0.5975314342455021 0.6252147812669753 0.4125940853790218 0.9005921743687358 0.8102750250424482 0.5408498828153867 0.4050293603878681 0.3971781442327371 0.1139888473931161 0.9372449468869547 0.2345355136768663 0.1528168276661543 0.5100158064555218 0.4550445354605238 0.07402697049277207 0.5755728724790967 0.6985352813761585 0.4905487346816844 0.07289365228724298 0.1796639885388505 0.1159354593520853 0.5834625741376914 0.08508780297389018
0.3840548740663904 0.1471563954411074 0.4114862358555937 0.6252749588601846 0.3595396617024561 0.8959843477482992 0.4174803476249062 0.933655236309334 0.8204568328933642 0.1166424875580141 0.1039656215977748 0.1328101383845905 0.6384683675245519 0.6845921351882761 0.790010083814763 0.5423258639370772 0.6753578692002615 0.6867516712595328 0.3382298681394844 0.6505163127267886 0.4040960185300494 0.6401644971550445 0.9346202183348619 0.4299706922714241 0.5061675452156382 0.3320648020129806 0.5787205369807141 0.8634203032304242 0.2836493560105574 0.83439032219953
0.5194772047229053 0.2260762600567963 0.4194472284690277 0.1669946738486131 0.9123945247299408 0.0579471474662161 0.6040034328780133 0.1039516679424443 0.3134780709344828 0.1429416599114329 0.4995104875439256 0.6360977745823923 0.8292554710198417 0.4500129348811263 0.7694491171666842 0.5953378136788511 0.9722643330460055 0.1197157953174368 0.8163176825978249 0.8351562049127252 0.7915717827274511 0.4548248726627996 0.5272094061190504 0.98538461742128 0.944635813433744 0.7630017536657997 0.4602613340588871 0.5402355602833143 0.8045603312460032 0.2768695895548876
0.2565331178037924 0.213861345395875 0.5512061607760821 0.951395602838791 0.2377366944896655 0.8015993547597385 0.03041001828202705 0.5062200113876759 0.2840253587052725 0.2827217298726605 0.3919738907254965 0.5354573610136704 0.7728853634255273 0.9616582544972533 0.1503856378108287 0.3947901414439905 0.162740260175215 0.8366421548115258 0.08480241664150034 0.8562857216543666 0.7408451571254663 0.8583365084057961 0.8899202098221197 0.1507766460348161 0.556686044291935 0.3025176099964864 0.2712231961231227 0.01643437559277483 0.515180771178199 0.01904939961756835
0.8982285778096194 0.2669816914342679 0.4933734055496374 0.6364175239710728 0.001499756841966238 0.1132389460482083 0.4665414298958832 0.6232778015416 0.819671062347814 0.4148056144153559 0.9268541348147243 0.5973832457074379 0.001830797119396821 0.6800379256025162 0.2127736450379927 0.01525583223166094 0.7357482316354939 0.5519103823134891 0.7836210892704623 0.0881690729527439 0.3556996834024179 0.2997016387616143 0.5690029977179771 0.5101532052376175 0.7821262500216196 0.1870579083080708 0.5764955065612383 0.6443774083467568 0.4598679872862814 0.5579772299699466
0.9743260633386297 0.7516724175522118 0.3809863610008279 0.4340162854684582 0.7128314840965011 0.09371209374096712 0.6378082226396038 0.114358495877141 0.1018479878990138 0.6666687791670224 0.1670998775369686 0.764718468999262 0.7505904110774281 0.312020271678708 0.5708645996220422 0.6451406450065615 0.8114646093675147 0.2014663196803215 0.6762427163892354 0.8228905834822886 0.4143856788852301 0.4936968050183258 0.5142493960889272 0.9393286277176713 0.05165076136192959 0.571552824094102 0.4897600923469176 0.343828100189723 0.669916719851435 0.7694400106617776
0.5400595769588181 0.0416380471168103 0.2350808651400905 0.02043975133049991 0.3277782923589608 0.4680560778756401 0.7845691130895557 0.5322729558284961 0.4774265006789925 0.6979497206785618 0.01741718530221414 0.6949907649340304 0.3119595867952945 0.5597909594664436 0.6068066454095338 0.1821426571500366 0.2502725902591647 0.5788180585538116 0.2626226717460972 0.2394170493667156 0.3590313502569825 0.9044109982517952 0.8692103055155421 0.5140357785375853 0.05174768110702721 0.8003379069103024 0.1811891879194154 0.6687412544085102 0.8353717147661669 0.9647965567706357
0.1268459086882018 0.523311321703079 0.850611044662294 0.537609254036449 0.7300464760863334 0.785459646223292 0.8365955447696011 0.6665324271498678 0.8977391897292477 0.6477912340100236 0.9446373903547087 0.6292983819035761 0.8724286238902514 0.5956553604281646 0.3443489842906311 0.8134574863103849 0.4323810279877621 0.1265456604379588 0.9685687326655372 0.8525635238982158 0.5612594235880608 0.6706122975626793 0.9977242219091645 0.1613087202858273 0.5345399601043379 0.3909787078216136 0.5411475699980743 0.1033778532751273 0.440742258109414 0.4614641374475624
0.5958916441909958 0.6623751810848598 0.5901493735310075 0.7293827600961478 0.5809026238628769 0.443103108613214 0.4967884445398908 0.4300888170299059 0.2100738531048549 0.2268011161554399 0.4573886760903693 0.4335527126328119 0.7792837590685543 0.4208583762875786 0.6733683325343512 0.1660386839279013 0.8240589843929864 0.6854067761401983 0.7890523985934054 0.3594844876243651 0.6625490004394449 0.2170904638719006 0.221005787567951 0.2424567724176688 0.2645883170240357 0.4084119555984481 0.8286954482179013 0.9474195541927019 0.6324579967325411 0.1347391364802225
0.4199934526833755 0.9361853889098445 0.3205442753283897 0.6192809860477866 0.935133647276181 0.4606823360458484 0.5003990541168443 0.9186937097536678 0.9298235710096753 0.9044868733895719 0.513634530677844 0.6398112505952036 0.5890061758781516 0.1584948199278213 0.6234490043814691 0.3191443228782305 0.1307355006001497 0.2150030045690442 0.3136602971825204 0.9514518007767209 0.9907671616984056 0.8668863637915473 0.4618609790074506 0.465617252578218 0.7647285069816646 0.09840807711625799 0.9940373696538016 0.6922148832180902 0.2992856910387669 0.9088481925305185
0.5525788467617463 0.08518997745971579 0.1082457432088542 0.03166485526440965 0.2161947362230433 0.05141394497181617 0.5102724652617997 0.08294038882183197 0.4431222830216547 0.2362007407421538 0.5597206976291003 0.438967791441904 0.8375404627600262 0.336544754529903 0.2302316469211757 0.9401158333455935 0.4663636964010778 0.02815775923245789 0.07943638382464979 0.5555717675653012 0.2107714023767842 0.1482356152536637 0.1955323751366445 0.7447489495590164 0.94901396087113 0.1293779679526937 0.8797802474098482 0.7119198228127357 0.5568433174860075 0.06701863851775203
0.7877411169496611 0.8122801542934124 0.7545818666792485 0.5504895616174639 0.6316047932368029 0.436662894082981 0.3078470089093652 0.2077112692620264 0.7707608894156975 0.9347758176814333 0.6215157139377017 0.534247428646956 0.8832704670053452 0.04480297296181657 0.3026755409366108 0.3824711110627528 0.03109949068634166 0.5199329546185186 0.9405764149357706 0.797245019387289 0.5350943616885587 0.6765410399118151 0.7852348191791286 0.261093302026839 0.2756636014110555 0.6052237867144624 0.6741811157852274 0.003613473467713457 0.8557009789832759 0.1449120464738484
0.5123521734078346 0.5621803887080782 0.007191149392087981 0.4288505379237205 0.5337427664694584 0.6907067003771811 0.9031738844669089 0.06856112649931412 0.2830987146005076 0.527932312951505 0.2902349646868813 0.4201312865569291 0.982052953257923 0.05693336079497602 0.9289132122047991 0.667978213958503 0.4985805462667326 0.4646970867681994 0.5589344708399187 0.2915871572343127 0.1718004807239468 0.6197406557487335 0.988477295805034 0.5162206645247791 0.6710083500244129 0.5195325796765725 0.2000308608912083 0.5786958675286965 0.9578795599756601 0.6924241539152177
0.0273369390689997 0.3631188073271675 0.6338853526150154 0.5670731079284508 0.1213337110116429 0.9364732832196151 0.3938391332426731 0.7292627220134197 0.7856872553743665 0.2129927218610888 0.6626243426225693 0.5233670996589541 0.1782972301922091 0.7184408581641232 0.5405765104673484 0.2140937898944304 0.4180618114972299 0.6807615186891385 0.993761523701813 0.5484378308305802 0.7939200369776612 0.330578172353899 0.5115610387290143 0.835025000366442 0.9704579902597702 0.1784720060553944 0.8513075884032492 0.9883969710026502 0.4504620159214028 0.307960143940304
0.9124596045982729 0.2198572301990045 0.9882637076580929 0.4015416103070082 0.09223362770207177 0.1367748768442659 0.4770723279484665 0.06094777385889549 0.251885434908355 0.7950022597540991 0.7853319258563585 0.8108198336998863 0.04626281155818679 0.7664489999746931 0.8068465468383037 0.01604967730406393 0.3913279343577331 0.8655770717294297 0.9584746349497779 0.9195919413171776 0.5469879342928875 0.3099212728830081 0.5892649961079146 0.595990487876512 0.664551851390028 0.590815024658507 0.8680554487074396 0.3739778324297737 0.2440165353254939 0.02048657243933949
0.2326886091818429 0.1616016491447276 0.2381603960616206 0.8809631663852348 0.7315994323831607 0.2433890815231226 0.7930542720070146 0.5441208531845826 0.4064862444749718 0.2058022629341268 0.310731880275837 0.07924651802966831 0.2336235092859686 0.6657513962917473 0.3510201540057712 0.8197201954510278 0.6611549008077319 0.6243511027441567 0.420277839786501 0.6450022828645198 0.8748306547397094 0.3112726535383379 0.3427520272310403 0.848679156518333 0.5298941128454961 0.9236880872072707 0.1875529477343901 0.2148732613237957 0.8624587457320549 0.09949038095416929
0.4716623752905192 0.8394035592751208 0.6937366035772592 0.462241484501935 0.165198494150311 0.5508158918373094 0.9879786688777412 0.8051575446656331 0.05492883405725846 0.7109283761946852 0.9766162745680134 0.1933739235540897 0.9564077063215296 0.2333455472731552 0.8193978224592456 0.1494186841913296 0.5141047381371626 0.3640146831342694 0.6706875269496453 0.1791170903017083 0.5797483408523066 0.002423687653833717 0.4256542352323046 0.51579320900155 0.8377965998172092 0.7576376637788953 0.09189163910542086 0.6250336673744067 0.6600028862021396 0.7340287360330257
0.5548600346953475 0.1073555099006249 0.6403477806472073 0.6705308529900654 0.250106991551986 0.9482752601153205 0.4526491150709225 0.8667156388829108 0.6530810926207812 0.616535109329149 0.5494008797971354 0.6475674602171423 0.8443352500831156 0.7768788234369576 0.6726274664443596 0.03184533367198139 0.00869477233051752 0.3585376449938042 0.03063382119780644 0.5178474532388242 0.003553900803520471 0.4807303994425632 0.3776086124426631 0.9574640379521862 0.0558535499925743 0.06519097325360512 0.8492665472444203 0.7952578782339053 0.9358461521716702 0.07823664859620538
0.6200997744812532 0.5144048737784671 0.3215740448649291 0.6108114505932886 0.9180777884851582 0.0625655064824111 0.6597261401838326 0.2851715064286259 0.4054476914775906 0.8496945344599989 0.1217295053779733 0.8429710736013803 0.4042427443633172 0.9838874787321004 0.9180156615052889 0.4076743827384076 0.2979203080915669 0.2209463831643323 0.2177359396194973 0.7687380642466022 0.7554424818629714 0.9782532313711055 0.08330977188722744 0.2201833803550045 0.9837109359322731 0.5463743788511821 0.5536704155665585 0.3487709952977793 0.7037864359453778 0.4997637813382626
0.4694932611295656 0.5497728445803042 0.02518020147259525 0.5312606393717546 0.1329645608337353 0.4589290942217623 0.08227120239869401 0.888961649120884 0.3784256047522496 0.4303547104217613 0.7420611816254444 0.1557745193834075 0.5750236919214267 0.5110477507325528 0.3683035776747728 0.6833355164060049 0.7944862027912328 0.4676844931938957 0.6273511057972959 0.9125391168190023 0.4569718623393947 0.1350199471544786 0.5432330943695144 0.4300280555930357 0.7683130799940705 0.7976746108343042 0.1718459718715289 0.4379389363206019 0.2668209948339539 0.9546892246039254
0.936872133873722 0.4343487519814965 0.4310106878162174 0.7464771504966384 0.5959759495755602 0.2590709865943224 0.4831700652315026 0.8901083766800943 0.6815540918195304 0.5631265282888835 0.8767539244259733 0.2762763826645223 0.9968474753997546 0.1998398333230859 0.8397935279170212 0.7423419607916683 0.8640539174051521 0.5849175744816693 0.2323812638769415 0.4835199313147117 0.8623752135825575 0.7978045046781688 0.1735105368522732 0.992209928883655 0.03041224118736663 0.3926484632796582 0.7544013153277939 0.9737396828979249 0.1421266421340395 0.9240405486532299
0.2190239545531008 0.5526385468142296 0.4328074697543632 0.8080551045114243 0.1385695809120613 0.1908699211658358 0.5675125045623979 0.2099516833821469 0.8799926485544707 0.5783530045146132 0.9117551049748555 0.7643415823606483 0.4749431391135894 0.6924082984349915 0.05980220125798363 0.6312585312563551 0.9840472643835402 0.1193844802298641 0.4515666739520751 0.01853394470037883 0.6881278584235981 0.01942263144467959 0.4552722202285313 0.2191504101656825 0.8072154960969384 0.6456374067585068 0.666268828894062 0.5498911062580487 0.2504464030747056 0.8156910242501731
0.8801199554491272 0.4383170989964358 0.5863298150556587 0.6243004243053664 0.7276055597377094 0.5909037491885929 0.8065975765748519 0.8240880789627544 0.5565503654521331 0.8829538041900344 0.2029386420474661 0.413615433707173 0.6301098493481434 0.1025726971721197 0.7186436207851746 0.4796833377740578 0.3789938371078758 0.4518467073339311 0.3675861553095398 0.239538043891119 0.9158724257387112 0.7993622949107074 0.3339400213874605 0.1690516715894262 0.1166262261402135 0.795332848076821 0.7020282284835249 0.07523265514118871 0.1165939896662541 0.9138040336972366
0.8697713939138086 0.2919524444375033 0.1019999694585444 0.8088913815385153 0.02617366420022915 0.6363476959221258 0.1600870147913598 0.6916244287005272 0.1680196961559125 0.3490487272973934 0.1220869163186149 0.287087031015409 0.1290973626475835 0.4633861711911664 0.6494077303326019 0.3945105686623814 0.9529585014592254 0.7548653907417532 0.5443753307388431 0.5635228919386142 0.3206039533081433 0.512519766949796 0.7578116971914729 0.001809625475787002 0.4805918973756174 0.9041565410343608 0.8495002140074858 0.2209954345516413 0.7362364420776445 0.584873636653729
0.5255361143234935 0.661444512850285 0.6320676125180189 0.07141739781238354 0.4168422356997632 0.1992972208148333 0.7005834407967317 0.2733103321694758 0.4364194344075276 0.8216256472112755 0.7830629874015154 0.8541601498282541 0.4790538451781585 0.9264947399997299 0.03155468805746553 0.9382832463440546 0.3486287925818631 0.8128230766925369 0.9483210969217813 0.8918140716820837 0.6980191173734704 0.6701831394602892 0.9735779727730127 0.4651087350486763 0.1040170616876152 0.02414741697437306 0.8813002042746541 0.02619101957629322 0.9508279892979901 0.5699176423931861
0.6575679317062869 0.9091704210434223 0.9019522825060607 0.3908550313778476 0.6125394717413318 0.5218353517364804 0.81704122134026 0.05618281291851934 0.6269754476310478 0.429738375018603 0.860930796881652 0.6878665280273724 0.2610246054831911 0.134238750930384 0.541341679477201 0.9818994020158649 0.3499072553652821 0.9954117488991338 0.5180752239450738 0.1903372888099707 0.03061565225198681 0.3030230674708406 0.03507816464975655 0.5900511249845765 0.70162053599018 0.6699878619430502 0.3562098421776518 0.1116447284907783 0.6413201908616455 0.06319731628406633
0.644363201139949 0.8352888821218574 0.05715904138137418 0.3558696938580604 0.6187194242935997 0.638600787950913 0.1979387428116397 0.6233628520982011 0.5575406376547483 0.8857177637341683 0.6970254470180037 0.3642631004363207 0.2253475630639756 0.6109091367243324 0.2555653737063374 0.07581330626384686 0.8227021042786465 0.2279522987325014 0.3795528208465642 0.8464873809428486 0.1031506508734766 0.9693897831387973 0.522823738989747 0.673336502314276 0.7315304306693198 0.9809788050098012 0.5527569774050577 0.6997243444153014 0.6826863213026338 0.6302331411833633
0.7993449617230864 0.3456544994975845 0.4818918322431548 0.07812253909103151 0.9101058383294635 0.5592257408097784 0.5249861670705551 0.2669518898253131 0.8999928855786703 0.01391356817782807 0.09700113610033589 0.06007492497371159 0.2409223425639929 0.4968492094618961 0.4635240474112381 0.2705462091027109 0.5551091868334684 0.2273351465513268 0.3656962967818663 0.1699631176569165 0.6642725791702929 0.08166718150004504 0.3432886894878433 0.5310253177436273 0.5495300822173746 0.367654358738842 0.6437520397113392 0.1644480799726533 0.7242971650234492 0.9252496558973464
0.9898259376048114 0.8784825575892745 0.2609188616490782 0.03809333265392023 0.974025765044137 0.5571198921236816 0.5397099791937598 0.1464611330311508 0.9124921775393321 0.9576095883373343 0.859629895072581 0.6927604650610965 0.3859013486436761 0.926727881991679 0.8544663982403107 0.8378862403057681 0.584056893061529 0.06997746764914725 0.02565477571423214 0.2256021196989809 0.09230232781551495 0.7451053927776636 0.8510554453727723 0.540469999664386 0.6112711637131678 0.4731375845323853 0.9351886775377882 0.612812702378953 0.6203611222951351 0.8580066033345092
0.3837375530624363 0.0641095130546635 0.7401471971998388 0.8441892804830194 0.5202334774668042 0.4676445332287774 0.09862411611915201 0.3132581451731512 0.1873861717891192 0.747424940356067 0.1603664182347979 0.6846308202408904 0.4406710248345073 0.004251298385437807 0.7023379225787175 0.792892482436361 0.3384893490378096 0.4773360161128124 0.04871675070882919 0.2265706790182127 0.6962569275688464 0.1411373254829754 0.2305909756223998 0.6947876567526882 0.06836549912688317 0.7293324628217346 0.6274579358763386 0.652066072785955 0.3214668960695832 0.5384429930920315
0.07878261316952451 0.2845162056894225 0.202866019436683 0.5113480699261359 0.652209250046824 0.6150867700409683 0.1336370625985758 0.1801553460178945 0.4972567146192963 0.02004896620912067 0.7361379670402067 0.5924243918867071 0.1588332770473385 0.9173117720217062 0.5437259611308904 0.9977626724769947 0.04232433866563134 0.8129464775291613 0.0773806866977319 0.9402469590356723 0.3614360122273931 0.6666122685250695 0.7146068241303697 0.7130988373497396 0.6939515279720185 0.011649682113684 0.2204756242966563 0.7972718722454357 0.7869702718927071 0.8016620581186015
0.007828594123784449 0.04134612651688208 0.07382610621756747 0.8737476483459298 0.477439029937707 0.7317232080176701 0.2183167529835008 0.6698300014255412 0.4440271635401083 0.9886401938971813 0.2862482592076524 0.1084934204252966 0.5469011135814948 0.6811714997981392 0.1347202674832327 0.5392440436430704 0.7443910733655555 0.1118434347286437 0.7856712631309465 0.5441586104208547 0.0105245355922341 0.5890978945377798 0.80467022934278 0.9909430662723419 0.9913096190454692 0.4139504016148311 0.03733500479225926 0.9704121316763321 0.2205396837183033 0.9550115730926192
0.9653728042585705 0.3283366990203781 0.7627569721834443 0.6319218089916416 0.8464307517046127 0.9543989534039193 0.2058041424630302 0.4093444743696431 0.728557056721844 0.5899189912412111 0.9411959683343067 0.4468873835700453 0.6175837821169542 0.08248823390805216 0.2304129991652117 0.1219866915910687 0.7666893734121517 0.01926845600995608 0.9409982541036847 0.8358895422294965 0.6790094248468797 0.028650140716036 0.2578977482321844 0.1362819343677966 0.7106987396608322 0.06946591418465631 0.8898881189992887 0.5543699850324568 0.103389072112256 0.460525547942892
0.1419850855159569 0.4231437418338397 0.7138731588543651 0.6962936074568703 0.3481492258992462 0.3487592853487383 0.07612456975028614 0.08751267646507155 0.04988106726831343 0.07447615796739016 0.3850894153930947 0.8163713822345596 0.3411770998621311 0.506118205056948 0.6234871736928094 0.5852884164453064 0.1338751283066713 0.6194141656214694 0.5223563985605799 0.7514781313637631 0.6756780853221722 0.4789578627008109 0.9561340627496338 0.2609165086270981 0.710647265532105 0.2016419179782444 0.66361805301098 0.2495157256870155 0.2062474293178884 0.3701715434242216
0.5088566827453554 0.6809256525625847 0.3095952620344884 0.3823367038794032 0.7609284349805077 0.3300307564235713 0.0637994047144127 0.04610445746448422 0.1349253666678564 0.4695157497312593 0.3841041008667575 0.6751984472643119 0.09539458890796282 0.1618048750482837 0.9691439205911079 0.4244850325208711 0.9160530450268672 0.2343457171384546 0.9825474442517093 0.126488257949488 0.7799228786154758 0.9806316720286541 0.4870262674767147 0.4898856079265431 0.1751459503326042 0.6089411381905278 0.2428820406598121 0.7167971580913962 0.4740663572380623 0.2323881569783954
0.460679902359316 0.02460732053382209 0.09713128634022161 0.101454845358938 0.3892212287643657 0.7159658738810409 0.05288207279200652 0.01248794637589945 0.147469963279117 0.9366752836417755 0.8657350472080249 0.4025197248486858 0.161294029878869 0.3548242954834414 0.9348325927594068 0.6435484366693806 0.4710684144781159 0.4023677648340115 0.8965539369262759 0.9734727729483547 0.7786754026144235 0.8333433192606572 0.3070893413654556 0.9395175787171641 0.4526986967074954 0.179305693073093 0.5963022595959289 0.6841033862184466 0.4373435754673433 0.3733447613702735
0.7043148228719102 0.259741092802106 0.6863474331009211 0.5749206674243172 0.3350071019488179 0.6766903874949955 0.04289580977601049 0.5488253096232636 0.5955994245054923 0.287219675853879 0.3562816970466401 0.8630184990576621 0.6193709101043715 0.6399418677732041 0.1046109960016828 0.2379177598505045 0.7192806119747454 0.6994697927526515 0.446621874136457 0.03925227709235568 0.05039634002116422 0.08850355949087774 0.8643264667477646 0.1360949670607624 0.6582617347495177 0.5769661528776571 0.7265955449517022 0.5825688573622932 0.1794178962119479 0.7340835951719715
0.5954440134301016 0.5461849318795767 0.7271232606822634 0.3139469259111524 0.07060750139538929 0.08821398358808574 0.3277273672779187 0.2316824217377234 0.7482171739884509 0.6076388685630708 0.09543133749356103 0.7198533417555577 0.9160978147033636 0.8243801957689545 0.6733090542921819 0.7766406579132118 0.1501241198694738 0.06551257744072581 0.7479799802018421 0.9847820247554123 0.2402431001046735 0.5619359552062745 0.08082577630264576 0.561186644825019 0.4504363851736718 0.2405522605698046 0.5653790514321393 0.6539934828811698 0.9116711893322315 0.7826438676318219
0.9768283308643181 0.4427183021525195 0.1410214376289998 0.40996822363819 0.7922972557140712 0.2110365261641457 0.1773813134597184 0.6451021613642897 0.9470368130329879 0.4092633156215153 0.6968718792714689 0.4039730452366974 0.3498162157028164 0.1329689017254501 0.0199125929718269 0.1196706290304463 0.4442405943678933 0.7297847499010849 0.05369025719325249 0.2216677870809467 0.03106449974057857 0.8333244024612799 0.381875717904575 0.2845792169283408 0.7836716051674921 0.278903576265385 0.2808174501871805 0.9350013512734265 0.1642148959791723 0.03791006576067213
0.9560425517714191 0.3061348449328148 0.4140759164494987 0.7967922364005232 0.3561845244010869 0.1048579124756016 0.7889007685284247 0.1296156025968241 0.1980399314147868 0.1397072537443711 0.2216597197007567 0.2353469395157457 0.72640396397953 0.09524400955459611 0.6682438116944487 0.9109321907310892 0.629997950828498 0.3368844831404286 0.8394502548814503 0.8985636295911416 0.4934584864630279 0.5634825052060984 0.580663219579194 0.1327572441426779 0.3730606748042563 0.8116141648408736 0.519604609978901 0.9395846864732936 0.6158186412937624 0.7794547743824966
0.2480288696515461 0.5593076413727026 0.8106393802414588 0.1527110100107996 0.5401590445717128 0.6103012929081465 0.1870568101892511 0.6368905608918393 0.06757480290448681 0.7795396433636577 0.3259736967224712 0.4827842378284704 0.3823106533033261 0.3269776609737236 0.9876796830140505 0.8789978774384485 0.3022936583741868 0.1606470545109971 0.5293139990010789 0.1380595046437149 0.6497904760756085 0.2329538502249826 0.09655660210156702 0.02199255006820866 0.8590631623683239 0.1427099364011284 0.4029289919456651 0.09356443645283685 0.1178936508053683 0.3748168696300402
0.165386216534143 0.7189522593050742 0.1258513622955493 0.7388336931969588 0.8413842839456422 0.08268066826828191 0.04007809298622678 0.4935328755428749 0.6007584500142 0.6839993611127025 0.4782747396464658 0.5431589664076517 0.5496102012446531 0.7137820419519219 0.1561608624474431 0.02174242152623207 0.5080527881327768 0.9536878434570218 0.02515341626862244 0.6128016376645978 0.4938814564466879 0.900196040343476 0.02360713700145323 0.6595058560338867 0.6562208231293264 0.8837527851518415 0.5364219148615179 0.6906471955594633 0.4126666513589499 0.826590835503785
0.6850120233713873 0.1080130254250751 0.1398948644393284 0.1580719374952485 0.1205393216973902 0.2302775811502206 0.4233623849528649 0.6707615072940807 0.3366213132855601 0.5197543991279365 0.8211203414982776 0.8845919403299062 0.7044937263053629 0.834490519597363 0.309075128010103 0.7906170879005867 0.9166627079020627 0.03840550855532288 0.4456287277645875 0.2399291687826988 0.494015440173347 0.6174758078601426 0.2090481874381742 0.8744273357688803 0.2558916410712677 0.7136091407943622 0.8522299983286491 0.9324114623567382 0.9557292675096427 0.6802008069917949
0.6285196915101531 0.595965643122396 0.4851211567892151 0.3604319892837857 0.02076531811716642 0.7486724557904725 0.3936752463668433 0.2793384495809391 0.7775310617128283 0.6602659093784123 0.9097966440293617 0.1276146344975101 0.3823585486099014 0.5773849306934928 0.3544976255952339 0.3480483071420533 0.4840886946310745 0.07143843875251465 0.03868569105878628 0.8406096444662683 0.007368889641819032 0.7037578038522245 0.4455631029788747 0.9695095709343492 0.8099218931918798 0.3996118046535396 0.3938296789475679 0.1285941606772126 0.3645914673898732 0.2041811572120373
0.3160716078460857 0.5623157261270272 0.8619117905528751 0.09820171326161009 0.8300568207173695 0.9206667337616684 0.2236280123511818 0.2008475846458122 0.7684351810912601 0.02052819987946997 0.4899435443776311 0.02237545602442848 0.807297937164412 0.02436128675662652 0.1605539103309216 0.2461314232352623 0.9971177980982139 0.4207492471254179 0.07226278343939563 0.2502713574756721 0.4115690367293054 0.4202599137001294 0.1221718443108115 0.009503786013218551 0.8154554134577853 0.2419551377894605 0.08342444564752116 0.3902233159137365 0.4325392717168515 0.524095810986686
0.7603137129611016 0.7881383365189991 0.4693806757520032 0.8847671511951445 0.07914311756275005 0.355680885298332 0.3598773787399652 0.7109082304726508 0.8454439769282832 0.7232230041126065 0.1108411288254285 0.599352281529311 0.5096222589724694 0.6053833584678505 0.01216844526914918 0.2884020301437632 0.05185633584571858 0.3858713434499624 0.7590864339622859 0.2760017863869576 0.614114351239476 0.6274334597688023 0.2516310035592723 0.4750417342503918 0.1434954731419972 0.07001816506375413 0.7929653807110905 0.1794742258459452 0.1262072691181266 0.9671151366144607
0.05564288209156465 0.6819472188631948 0.3749497298188268 0.1734873791962362 0.2728616032467122 0.7316958923826299 0.8554743895059812 0.2688306972182117 0.3471446538709696 0.4095519896996612 0.8274460944074837 0.7499212514067775 0.2094208762640666 0.5428545332980798 0.7667393012277475 0.4787417094665899 0.555499652039654 0.2125139219016019 0.659335952248324 0.07207678443965337 0.361733243677812 0.4004029795367828 0.6087794464647471 0.9486697305005499 0.2191222392982266 0.544157260621743 0.8022404409713815 0.6029560062561659 0.7388283437440198 0.1164537462973904
0.8357872612336926 0.311299075805354 0.4371102976345883 0.08487990824364733 0.6871785234864026 0.8473074157752429 0.4836886334818753 0.1013517333461487 0.1029580399614222 0.1156277053282282 0.4949111458607981 0.6220249829909964 0.03326181742095513 0.0625834756203224 0.9865491766078915 0.2911037491258799 0.4767316399845332 0.6306343196210049 0.7148990198177302 0.1094462975741625 0.1096545727482853 0.912062540307169 0.3240914736067559 0.7238607870503495 0.7096210725823635 0.4688088316296858 0.09131085349838863 0.8898322658922575 0.8345187807836333 0.4316728789409242
0.455898173273485 0.5459017528131704 0.3784951792518373 0.5046797505404619 0.4726742346253501 0.2858682626866563 0.8724864294518697 0.04716022823406008 0.3643106572746351 0.7740354144986455 0.4855138815635401 0.7862791636413168 0.4826065203740441 0.9894641961698872 0.8840429210924258 0.007731985977395106 0.4750507407472878 0.8574138452449205 0.3435257140225866 0.7289931289505442 0.4183163082574838 0.09576350593522287 0.3152558647640553 0.3130166188155098 0.6545504443576869 0.9268714390031203 0.7036904295130616 0.3230340480504635 0.6831195823283815 0.08410233155365288
0.3755012091756622 0.1900587165281379 0.6930489743944684 0.6621056263744552 0.3530724215644341 0.180602741470295 0.1566606765350916 0.2369895733926825 0.3284593735553866 0.8695956745574754 0.1219139462582417 0.1681428825865384 0.3704551056534927 0.6043460182479858 0.05581499887029218 0.2452260965607588 0.8339714308263029 0.6628835585335622 0.3514306698784256 0.1142123144900015 0.3249036521735016 0.2445160423675744 0.7105651277084096 0.3005465490991516 0.6772358567926197 0.4126560332702428 0.3499383817544315 0.7858225558341057 0.1854035868116869 0.4568228976933016
0.5835113629348945 0.3212006007880921 0.7062481038773255 0.9178251386774966 0.07307060576464219 0.1814272846352472 0.5091121358451357 0.7998807101697541 0.6309576095419639 0.0196906978495025 0.3299812717393064 0.6538280439054516 0.6871375856030679 0.4822489169473114 0.05373469904133055 0.6277875387183062 0.5040301361383293 0.7254132949558844 0.3904942046074819 0.8357254080416042 0.3075022302418952 0.8637868182383974 0.01448069236444693 0.7627428438867571 0.8273675015888077 0.6808970437905173 0.9027341414889783 0.2017341065466164 0.3519491741154915 0.2291405024921577
0.8449183428257283 0.7464101355698433 0.8690528324693637 0.3476228989424649 0.1539507630596345 0.9682827080513549 0.448923599010666 0.729902403809188 0.6541669674437178 0.1428468323832442 0.8441776431636272 0.9784632977448399 0.9662485659434187 0.3364040048019067 0.9259489166930187 0.1332445086487669 0.9397224452089148 0.04410031744678888 0.409077712392566 0.8430068051996625 0.726230737945851 0.7209270817579762 0.2773453131809864 0.4212138789801947 0.5895499336960458 0.3891376089756354 0.5059752324548085 0.5403494836606967 0.8242700051768828 0.7249779210258287
0.6604882621268274 0.03588392585501765 0.1553852113261577 0.8865268357389526 0.7657551104992979 0.180384418020527 0.06515601275475791 0.162731698833445 0.8374055917741954 0.9731065020780543 0.7551049356020686 0.7846045860907594 0.02938437741241562 0.8746381814224912 0.6811495656854774 0.3490466441091705 0.4995807392861474 0.9500575997279533 0.05408771908027854 0.1916997335541973 0.1501508407869691 0.5382469097718379 0.2356262574795602 0.07673398685154298 0.5149992460373898 0.8362544576217305 0.6819466328707069 0.03672368387331426 0.04527003615875136 0.5380851449102961
0.1414168787013697 0.7072326117206413 0.2474455801421575 0.4399603545497838 0.6202904995542293 0.9727373972209205 0.197005876106715 0.911839096499289 0.3507750861363004 0.1619241310183724 0.4208635467910633 0.8414789882843856 0.04378617464571544 0.1369712900303615 0.5899399808101583 0.4085801200317656 0.4782781075503192 0.8220539158700116 0.1672715652196399 0.3220224059628173 0.2055091044316759 0.09932288695216351 0.5243551747538503 0.2125722501845904 0.9043767747651714 0.04603070076894777 0.8972744695046295 0.5877346993604095 0.8615968137982195 0.02917043090502025
0.3330106666288861 0.5011101499409691 0.2171118072046235 0.4225964644727411 0.02953268530380104 0.5871842502249252 0.929733343208572 0.07580839663584016 0.8418232436654757 0.7477799933095586 0.2299861047528222 0.5181177002588992 0.3137584301540112 0.6157862239911974 0.2131729909903574 0.4358884747352703 0.7890752021688381 0.4664677035833711 0.6735549206971071 0.8848364522671772 0.9381384486491637 0.9847376482413631 0.8835569170056469 0.2435801215351822 0.4083047293371109 0.3748057990107529 0.1522287082119994 0.07045586354997146 0.2957435395399187 0.8599617396132155
0.03898341653440984 0.2154657904632398 0.3465477782199275 0.6481599259324842 0.5631664280387334 0.7961829526610231 0.6869637028196486 0.8895035660916912 0.4869019728966567 0.5359200372960634 0.8376461726319256 0.005693175929407879 0.24257130465405 0.2215069739791887 0.5615462949296117 0.7176123534227967 0.2524950290975414 0.5060209531939502 0.7392700960928211 0.7223022490183862 0.4683123059942419 0.7061935600296172 0.5590665581575811 0.07841079909978321 0.9528036194228799 0.9756541957047803 0.1620139569897087 0.4178269280036909 0.6195907024184152 0.5681201221155954
0.3747318873911104 0.9035546846721043 0.6771802628405753 0.1126292971229915 0.6695634195554502 0.2179907626050135 0.08609465676401007 0.3599322159178177 0.04960728773755096 0.146616371834832 0.4530661843908095 0.9832023817283845 0.8418674088623193 0.01320495822340773 0.8688944445541071 0.2834146578809708 0.1976378062138134 0.3096328566269947 0.5292339765382337 0.4826852516650004 0.6298717945275636 0.16677112960342 0.3742958362841832 0.5824876874559756 0.8107816224889045 0.3684455733237365 0.8393822753096247 0.4168091872570416 0.9424880961581478 0.2963627335833134
0.3686025562709817 0.6527300715843841 0.5834160385981424 0.3541697657648413 0.4843053704543141 0.6643212704498314 0.05633972605199344 0.606402372274341 0.7467827768511319 0.7939704655939427 0.2137842145184337 0.6411050346276371 0.73113473618009 0.09506198919404907 0.07007292378602115 0.8859549744127954 0.3613245337382918 0.7034321595546701 0.5601478615240139 0.3377464162473343 0.3456527646232399 0.9054626405838365 0.4534831424985192 0.4825298798973606 0.9791466305767479 0.4116890436530695 0.3694466801668636 0.07996308902129312 0.3877823836065574 0.1779314608147601
0.1313417984892825 0.3676736253865817 0.1588100267826126 0.3075634785705684 0.6879789143747679 0.8384400412801243 0.3048224926713221 0.3530977080008285 0.7306413508854707 0.777832699712274 0.177031054599608 0.4017564302070327 0.002941443416244027 0.4005970882078483 0.8932024972000213 0.05746338391679073 0.3896295434262342 0.2653439708311554 0.03677662541521298 0.4005035629732386 0.2378086609507857 0.8309695544439432 0.6436253564810349 0.4765686164532026 0.7088066699297436 0.09938361470626056 0.7569782329069096 0.2985921155557305 0.5027737008297499 0.0941776642754053
0.8145554388176344 0.5104667890664947 0.441970905465081 0.1348915196267602 0.6348756230014909 0.3523098610118187 0.6827088655563217 0.7624570954963494 0.006747811288642214 0.2590595538120667 0.6779141628611713 0.3360998706572915 0.7501253790327278 0.5569782685894814 0.8582402747644711 0.5705819915785114 0.889399228904777 0.2274785747963107 0.7939798999807505 0.03394661669714094 0.07726726570806397 0.3959024952331395 0.1857667012304058 0.9441933496915841 0.7796834885981287 0.7436655770494551 0.4919978023935038 0.4900485675804765 0.581110665635782 0.5966263676142707
0.8980263719305052 0.1208346840538369 0.5096141154371496 0.995522026375819 0.4814295165092777 0.8378127539029595 0.6036554518101519 0.6643749440180993 0.2724613921607029 0.8309332483397108 0.2444662928018823 0.673362439399853 0.0881300683121029 0.01885204625539461 0.472346212675716 0.9389951304571027 0.3255748194398318 0.3221530187011287 0.05203072379046703 0.6752856064960998 0.7217406611930467 0.9037177504667223 0.437148611217318 0.1095166621373329 0.03760705799480046 0.8807689064851337 0.6522556436427864 0.9154967669436137 0.8805969019319019 0.4702405995286983
0.6703403999021124 0.7450658910097592 0.4222121533273957 0.1539179656518355 0.2840826151687623 0.5484771361207114 0.2557358635934643 0.8917347966065253 0.5807503638471095 0.7186736102672562 0.8620310568918353 0.8965628205436336 0.9576092434277528 0.6275083500997111 0.9989805744142508 0.7905073781751291 0.2708241193919082 0.9905505295768336 0.8015056135066106 0.2531148334129515 0.03189726265907711 0.9528097951734324 0.5568320071308228 0.5527099229795157 0.04737782423604231 0.639038320593837 0.5001036718146855 0.8042949550842394 0.06954971714028391 0.5629309840326007
0.4086801303992527 0.5517686985632602 0.3584634471275456 0.9993753698405826 0.4503238457160844 0.3458237090183139 0.1897256131042645 0.9235276756424271 0.1042940996095277 0.440343746623061 0.6862005464196375 0.1424055512916141 0.9314961744737111 0.05887489559126224 0.218099617928129 0.07719528715989377 0.4115118839575838 0.5972585662204533 0.7311417774312341 0.8784332722863271 0.3532484157958723 0.7024627373642141 0.04861637470141 0.8192618444258217 0.318275640959985 0.2216423456072856 0.3610364313212683 0.1140699271884074 0.2937050953441923 0.008789049776366187
0.2532636959475996 0.8377127812761681 0.8077560272422332 0.3825676584249812 0.4306797142019254 0.1825874136360374 0.3168741351292297 0.4173684607589727 0.06646837015587692 0.33788740600703 0.495671286930219 0.00672132585448737 0.4380751983160953 0.2186890922976723 0.2133989385152022 0.2492389450342084 0.1283257284512054 0.9448132888699331 0.1690747243580153 0.5676125416968016 0.1715073987259126 0.2609179589611894 0.6767750546075074 0.5032656879698034 0.1572878822855376 0.08250672847808127 0.8818939133200542 0.2418912053955492 0.9589735754766688 0.8923640994554995
0.159977628609995 0.5037055116891535 0.1189203710212059 0.1108380794801053 0.6962957733286852 0.2715505031342588 0.9663881815720884 0.8392459305746847 0.09252022575703833 0.3905573574892481 0.1242173380586691 0.5553922387070904 0.1621050164270299 0.8317669767927168 0.2576948468724901 0.5105665571420696 0.7824537971484655 0.5383388597435959 0.5288234198896707 0.8548400905249838 0.2451004133447428 0.1270999813600467 0.56024472103665 0.1283799123934353 0.3311574390237316 0.3264398282047463 0.9480445054954346 0.3759142923935854 0.469110536722022 0.9473422534593605
0.8283803856495413 0.6719999358418269 0.2673112865191531 0.1332648952999274 0.333962695574097 0.1598201013154377 0.9604000222201438 0.2009376927260222 0.3106669851239605 0.661420006676521 0.4376225706278437 0.5898318430033173 0.8488461017863261 0.5881481084248034 0.4969780995590708 0.8355776417520839 0.7979658157276306 0.9811606750954788 0.9486060576850631 0.9171890350221732 0.4948250535347479 0.7371524448761455 0.6005214714098324 0.7379993670736007 0.3757608283981443 0.911106703448826 0.8723085941787251 0.7046657007106342 0.2612287103622093 0.5010693963443037
0.2177057516705481 0.1025200445532273 0.5779610822907045 0.4795959272132828 0.2474917946000842 0.4466760118333649 0.1383931683076419 0.5228023794872931 0.970371778852875 0.8237821973880791 0.004439625330994401 0.09161950935355356 0.02557568915424102 0.3084270190038607 0.9806429699380695 0.46040376172464 0.4097452772522836 0.4082189263861117 0.824814350421039 0.5817050056343986 0.119351828467704 0.4447333538229323 0.1464045126625371 0.6660727396892185 0.1223693058758564 0.08668900756366638 0.7033608216853323 0.4112583902571944 0.9961107880647215 0.5340491551040918
0.7790145721471499 0.868629190695828 0.7987473925093698 0.2140868653100219 0.6803675535478931 0.004624448427816619 0.7957986781502291 0.2158326108617924 0.9867228504380623 0.9441460659291635 0.5851162321160862 0.1604676862120343 0.7034017159725474 0.4174537555304447 0.466768929719462 0.3049683327682194 0.8691654148812218 0.469420026121725 0.8061574402122672 0.8067993241142317 0.5570264092155863 0.3861275527452651 0.687066389600491 0.6809033750669338 0.1819427550297303 0.7641510651436207 0.1651765481890758 0.3241073566599195 0.8702108741303635 0.5716680602611063
0.2565991937096741 0.9239244015957785 0.6605774305770452 0.5545105334591109 0.9933203936983181 0.8455533306911103 0.6771928044335692 0.08173052790881663 0.3644457691193506 0.5021683769010479 0.6176555118881342 0.6398780930000528 0.7251148460271837 0.9102388712130025 0.5682770873062286 0.9802689320357888 0.1131980346630812 0.4656789486515805 0.1016726219466191 0.7424499740345822 0.8068256185891004 0.5231568940604258 0.4325312128901873 0.06699493927810019 0.5646128269209879 0.2548277422771613 0.08233186958891925 0.7337093319855168 0.7434429422078918 0.3710800890761905
0.1844745338448397 0.5128894563732117 0.09345637266698592 0.7784418602731844 0.4759543002422535 0.9609630738727468 0.1090204380871443 0.6979595948386937 0.8035615921901026 0.7268736210115069 0.4614543622631272 0.5461100213888964 0.6151886777346768 0.05910543647555644 0.9956730590592925 0.2549076176584305 0.6434073879449621 0.1264331033875484 0.1678632379873815 0.4911048675584204 0.2885007329689185 0.5042401584413864 0.1021813781772848 0.4192949618321594 0.2686015666840221 0.5819022389817626 0.1717055138464814 0.9623217324298701 0.5442115189990564 0.7019522740633034
0.9323662313278702 0.3453677676579663 0.5157167446391552 0.7865913561646157 0.06941008089010436 0.753221369834488 0.1174794207260144 0.389130054605248 0.6969928688832002 0.05987182598378626 0.6649828589717094 0.9719143555999927 0.2494202307875402 0.2591374305998295 0.08723097219298093 0.09302476421074624 0.3144053388423121 0.8325310853695848 0.5124197546589149 0.3856403931665163 0.1825042980544082 0.9760176558205943 0.7414379149281771 0.3401636747857659 0.9223342804779689 0.5863308787806376 0.2651975318822617 0.4815664011060224 0.4343859426365561 0.3025007823991794
0.6567620666541722 0.7921939587389313 0.3532640159695155 0.4378739839332991 0.9630360582955816 0.2595129632054681 0.7192604283815236 0.8511379193838325 0.7418328042901784 0.2165530912123772 0.4353075073214573 0.608759797394744 0.5915565933183778 0.9518856057650452 0.3584033285506282 0.5317933181903586 0.3983774211027443 0.6147293072405543 0.4648461199550207 0.9554864986206079 0.7084870338013139 0.4988484606682217 0.4929084277682805 0.2484966415223204 0.2153863276937605 0.3838597205205477 0.2694167566312076 0.2983051819729555 0.2149748574333623 0.4307154038447507
0.2373489284617889 0.4290482341195949 0.7382285828764625 0.1903123054908351 0.9804792829836561 0.250940021249304 0.09192769671358347 0.6622039424785926 0.1241356766709644 0.4585444096483741 0.5549107031990013 0.9122179514650498 0.8407809106183828 0.4764738355350019 0.8805998271250738 0.8135310954588996 0.1946386342410947 0.6724490361913473 0.7192272653123136 0.6525726553314586 0.405657295757971 0.04361041688815503 0.3789931861185752 0.03316121080484036 0.2442035470609406 0.8427837263212793 0.4747146999244047 0.1955410652632054 0.9334388189637384 0.1758439344917413
0.7101895974538096 0.2521581489374889 0.1257550140916804 0.4235211951983049 0.3068746146222618 0.5562350151288734 0.005695578430370163 0.4018740953311759 0.324373923824995 0.2088778171665733 0.7646967941447512 0.2157273538497745 0.3672286392382663 0.06146181442707821 0.7990737151375186 0.8577631816297846 0.9790031222775691 0.9506432736768781 0.4870895951803548 0.2963140892893785 0.6941653757710747 0.7246059494085308 0.8683550895852631 0.2063219405398865 0.3989536713107381 0.7888433093672564 0.2226871342553483 0.4821809585943034 0.7809654926276519 0.6046597639382637
0.199041178296709 0.4923401541657096 0.9802745280255777 0.1919163620142469 0.242707546624815 0.4154549754341736 0.7950431422152167 0.8599230910402689 0.7687849246653861 0.4226580181458364 0.2625932086069699 0.5911089326577503 0.5563266562813804 0.3230187770082262 0.2448040327607256 0.6291705249666358 0.3614400673690088 0.4465610184928116 0.4236892234101953 0.604982171692136 0.06711667310429736 0.4647836379751494 0.9363177460611078 0.1480839881721103 0.8815893451355556 0.1985910258671629 0.4828283757794776 0.4909673417497643 0.2348001879714232 0.5965834477429593
0.8370592236820417 0.2427712838068652 0.5057257442021463 0.4683946824465274 0.8049019283554274 0.4854657503118274 0.04799403465070329 0.2989082995115659 0.7216338363075308 0.5407625471028793 0.7130121528403818 0.8904251518717753 0.0369476472771485 0.1615742892272659 0.2061822335544932 0.5481921963191726 0.68749731353474 0.3423316982621604 0.8698021145244875 0.8791976993295089 0.1901218282954321 0.5318263115918229 0.9895321764873498 0.05757257292416207 0.08343080475512021 0.417629311050504 0.8546124779088331 0.3985890159199863 0.009948867095977199 0.645542201398438
0.2938034561483874 0.1499304577423073 0.1077851746233571 0.8688983198425579 0.003265245525608584 0.5185864895231164 0.5508208751507783 0.1159499092801618 0.2000410947209371 0.862222213144716 0.1169721475184953 0.8247036407286775 0.1930893179141456 0.9955458437670998 0.4714116776962898 0.5472709628357165 0.08227389229004067 0.05129326017427549 0.2074244808868639 0.1607889129758027 0.4510641529116 0.6299480230938557 0.7263294207538828 0.4560489052682148 0.3769303255286695 0.06441455558999432 0.5383369738276937 0.4510366633614297 0.4023575808506173 0.0738371214671103
0.1938152777317774 0.6084318435625956 0.9150842044818704 0.6315193751584096 0.5776757092668451 0.3423801048675071 0.1354720935442836 0.508387052071505 0.646264386510034 0.9675160512217241 0.7619527551460046 0.1829983846655155 0.239661038667916 0.9570051593071168 0.7579994325513983 0.1929202498652035 0.7019515256116091 0.8334745764952222 0.4362504921837924 0.009476728336672902 0.6681102630115944 0.06973537318191225 0.2378028335173553 0.09703096659416077 0.8704678489581614 0.8340376858241484 0.2351607944579533 0.7543831454273469 0.5083634914837105 0.4211551238396473
0.2187204587097241 0.2216577094484289 0.09080224189977038 0.2488172644444101 0.5896510407183438 0.8822147521600333 0.1550479070804818 0.2618792204159223 0.6335788899144427 0.1011961778485243 0.5153436626309549 0.4468538398922461 0.0504344253698894 0.7657758892176267 0.09519516474853629 0.3383704114172638 0.5789653809689242 0.8508533185750283 0.2608540595703396 0.8102817876920854 0.4366646847601863 0.8276176096892019 0.9215921398800737 0.4382043688545026 0.2620572722006674 0.4614412714413426 0.09481196613008325 0.6587777496016949 0.6323467659345259 0.4967998762881111
0.4701555832099316 0.1285065573801035 0.3343884535856971 0.2685962566177856 0.5358096824399532 0.419807935291822 0.8360325144622136 0.7012078961280072 0.4958984257890332 0.5995208688771461 0.3967172335932181 0.2174500608079628 0.7422382387079779 0.9226379620076153 0.2612865849662258 0.6322917161742105 0.7095784105620381 0.7370804274734573 0.2702196513908227 0.1023436606806958 0.7185556977205204 0.4431945320954932 0.6827042322361274 0.05842915844901253 0.6542826683517684 0.2883776270803003 0.87784612312382 0.1652997732377859 0.4455693994111279 0.9691536248704717
0.08612807479938256 0.4004636287679887 0.285458605613679 0.08267884225462441 0.7097729031872499 0.5624406546832501 0.9880425819623193 0.2276091858736626 0.1046622980307265 0.4699070009099205 0.7252611363548896 0.2031183165200733 0.1934499563193176 0.01644952216053475 0.6133762322104728 0.5866704043875799 0.4601439312376284 0.7062021114324124 0.05931474172104623 0.664980667707614 0.1885126300027656 0.1341847189020959 0.8948720969657141 0.6885777887392898 0.634781343776063 0.06243118298266215 0.1003704428473184 0.4181439450882449 0.7761757630254699 0.009260792599712353
0.4647392329960919 0.2002247889001492 0.8935831835634025 0.5982848178353359 0.6875538059548866 0.8075743630505015 0.587895929137139 0.847426552438305 0.470456906155766 0.1743742544301099 0.6415486866239462 0.9764457443256467 0.3502420541887973 0.8027078235403018 0.6772735200470011 0.5204649305412268 0.1444337816866232 0.8388341897342522 0.4261749551545053 0.7829488655110971 0.5916311670413844 0.2505399028495292 0.1735608501944835 0.7380434153390356 0.1121160776643987 0.2176245981086389 0.8653057523789415 0.9046026812360445 0.09351274709809176 0.01455531958774392
0.3040381218212261 0.12828783997698 0.2570426067311659 0.502333105638994 0.5614116009801927 0.9805662133474197 0.4295753227898882 0.6793056674854859 0.8894128873162288 0.1518907619545761 0.09316967577162494 0.2967479654499071 0.1296770340411771 0.161024821901793 0.3435796459222342 0.3113356913041561 0.7623540929688339 0.9489169636138999 0.5807172115041802 0.9834718161022173 0.9518297300140469 0.2576442080537198 0.3013533728312043 0.8418942568979288 0.5848888438376766 0.1750504866909475 0.05212529321481296 0.5451377952541675 0.1479479594246192 0.7724330893621765
0.6036394882959618 0.2544955001404842 0.00971042667849531 0.2927170750657005 0.6138350318491007 0.193084920576392 0.2910826897189972 0.9826427980672796 0.7796915275949212 0.2304756814040383 0.2734779327822355 0.6858331281445118 0.9729903558283189 0.3678219344504361 0.02373970849643281 0.8114194768670469 0.4596250213824356 0.5827064341396158 0.5514613501568549 0.6310200146846088 0.7211452759996735 0.3732633735665098 0.8627572746214635 0.04493506620366905 0.6326846161404825 0.3294286259850273 0.537203662010405 0.2512244763730329 0.3001550095965593 0.6849177933331294
0.3086669850247702 0.485572093391568 0.7235124207488516 0.9393425480079048 0.1887217564324973 0.5299696356006303 0.7416324099203885 0.5344742234982433 0.7852567837369651 0.7451722940792243 0.7686177661078851 0.7715512636809257 0.8841416018493845 0.4543629996407662 0.4597332095530154 0.1467648086057687 0.235640010482224 0.2696902296866162 0.7374674844405326 0.1570199417518702 0.7231511339980125 0.5959401598854732 0.930296549200289 0.7252757813692942 0.6988769650155452 0.07596266703708821 0.5065128478395181 0.7629625753270766 0.2918082136787866 0.4985757767114166
0.3017664138542656 0.4501985285658647 0.2437670166598316 0.5656965504954423 0.9496325674539587 0.2178977570144441 0.4385016473530658 0.7689410151747503 0.1409321505966535 0.9131037583952504 0.3941602561694155 0.3252482413057569 0.5767290705796181 0.2480702656848114 0.8119226749467645 0.8829054331575175 0.8344120035606956 0.3512372954675949 0.1460438575793022 0.6048073860080235 0.9963033501283456 0.8036713715357816 0.7415439359783439 0.3866619198088327 0.4061716036148804 0.2946457267244722 0.299237165907508 0.6530671228811312 0.04261712013320562 0.6010334038485287
0.455008512917274 0.3840233977579481 0.7210407639397239 0.09084278978433535 0.2489390471164598 0.1605896822035358 0.6725214855355899 0.1978943801606167 0.4741905075759688 0.9524791341400045 0.7905925876462667 0.667898400488555 0.8565373948165286 0.2889738368365354 0.7780183154105149 0.01906830491122968 0.8735325273474475 0.2477187527079325 0.1230780517890767 0.1263504699647747 0.587805744380721 0.8918912218619655 0.09247225185090102 0.4834859078247933 0.8853170454685281 0.9571577633498716 0.9907733805475168 0.3619180806554202 0.585318512218753 0.3849268258539609
0.1358676828124278 0.7615244760627026 0.2208590371293825 0.6967967714058799 0.8094607492462642 0.2725610003631999 0.5084999239087201 0.4222930522257002 0.05466438062411605 0.7416063258422393 0.8087170955700695 0.5381318023034241 0.7593324793451239 0.0410853843612663 0.1822604090258093 0.5670984747961159 0.6212051208794244 0.7820188765394223 0.6014899356742027 0.5602679703534711 0.6696219088367484 0.1853919414069068 0.1481317641648029 0.2333977851051491 0.8866066047703342 0.626840856603752 0.6571730573920647 0.3063987452015421 0.2590492442320327 0.5970854712152235
0.2149257850940469 0.9354903130192457 0.8036757349948541 0.07764744268881363 0.1748703938272476 0.4871678287200538 0.2693373472889367 0.2902000637402178 0.9613688629740385 0.3420574059042657 0.8358960385877582 0.3445927725865443 0.7214472826829712 0.1839924772579591 0.6859522908215363 0.5742532613159245 0.7278777629239127 0.4368944702095553 0.9488619206015387 0.98993373676698 0.3784051868600159 0.7558642889744805 0.9339262744974002 0.8126646667583345 0.449650087738774 0.001967313315809349 0.946767974837847 0.3493916615771679 0.03703511173753948 0.244434854879059
0.9629413623732076 0.4637705356256789 0.1242115676178669 0.6674811374287861 0.01387696297965213 0.7989188305966479 0.5349330029497574 0.8502087217194733 0.2292002820712543 0.0901338049271303 0.6927961514517303 0.8149915768502317 0.6315433287533713 0.7728260851890291 0.6311070805966217 0.8906599714636352 0.9927595709542888 0.1737694348648273 0.5493890821410513 0.1199942286490805 0.7671463204539772 0.2281077713866039 0.1109207235920807 0.9688212939823716 0.447528790240225 0.8299427778664995 0.02597734262616025 0.09051086822186694 0.8152257780664033 0.9093636891824191
0.06824056478908413 0.6502748603356173 0.5533159529201206 0.206538819141209 0.4247965974307439 0.4726035268240137 0.01148409569476161 0.5449448281591872 0.7824014326143914 0.914464174575458 0.04604306700673422 0.7917762385516411 0.4393889450987575 0.7046197857242306 0.6093831788149814 0.9141598048609619 0.6795394415046571 0.2045781478867533 0.9896940562241727 0.8083601315760913 0.05115003662590789 0.9902462356876611 0.08437382953831885 0.4159745619435508 0.8880493772812115 0.7621130650948048 0.6730471756972256 0.5336908954122388 0.3469762708428706 0.8999442022772963
0.8189570634610228 0.9458922635696894 0.3995578348258096 0.2336218654472415 0.7232198067153376 0.6890987289879855 0.543365274913635 0.5371066489210002 0.8096903038056384 0.7995845221791255 0.8477747263258465 0.1903622727088601 0.2002739229399785 0.773663414276347 0.5655340619345856 0.2689029565790664 0.4793551966839251 0.6746587928200555 0.6842307262238536 0.8213913121406857 0.3646636848118873 0.6727495296235081 0.5530764555199884 0.4064152437324663 0.3979589731947286 0.6128797977617296 0.06134945088335042 0.7644997617937807 0.2336473779274335 0.1659385124820262
0.4234842630667297 0.4684478987677484 0.2744365956049671 0.3101308377127476 0.6731481787256589 0.03005397013247701 0.655184249474997 0.5214536462012882 0.478708157475946 0.7204895015650155 0.688251891281889 0.06481083799028386 0.8002359456340766 0.03917515807854621 0.02701273780197477 0.5258653841798908 0.7347989996237315 0.5055747811386389 0.2936680762933755 0.1861811043872891 0.6627426687612997 0.9421266358403753 0.1587783561341709 0.2758646095552029 0.9910930677027755 0.8337390630500543 0.7501563205148166 0.04207320263448522 0.0270170824340884 0.4872102380488591
0.03219608726188705 0.1015254478696235 0.5632940393406215 0.4278034104909484 0.7908682867195632 0.2739896445969147 0.2724496210589777 0.405821488854621 0.6732308218724425 0.9814980613018539 0.3974830973049021 0.7445742682866651 0.8567249603357828 0.6750061798918581 0.7794861620841138 0.8119228688692407 0.5969252591085985 0.4389950969817317 0.168750264972941 0.7813925583217782 0.1940918343257912 0.9987207667929154 0.5426037271223358 0.009366485277571113 0.4187988971872137 0.2410519203967016 0.05313777242793827 0.7161334070788281 0.3164915337283034 0.8210691129874741
0.7644207494362866 0.06567151096429835 0.7127230748218276 0.1949689334804052 0.7765573064016319 0.2504298984191662 0.4037457252729433 0.8832952838998617 0.6569778679085931 0.08150098070323053 0.1345059587337454 0.007681959089871016 0.9821905856342045 0.04767407729516837 0.1053781366975484 0.457465426431872 0.05440050922386219 0.2890859947673308 0.6779740386816624 0.04862906484908902 0.4579721340793985 0.5727580580619324 0.1992666853255094 0.1861685420831847 0.1026876509721542 0.06880025845159909 0.1689848976062642 0.06081653646666318 0.5516786184506224 0.8079054191699231
0.8043415962072668 0.6311817287255432 0.5417459488653146 0.4671352204534982 0.9601370947361009 0.2898956361403104 0.3664340717456216 0.575341432017928 0.512580485186113 0.6742373014989841 0.7746724919091109 0.1824402865371958 0.6288971496367131 0.6940246589444559 0.2723080216311868 0.9280779954528938 0.3452503542846171 0.6380805327581376 0.9257964278695026 0.9806307633662817 0.2487282004557176 0.9419525057234378 0.9090785333412182 0.2509764193148313 0.1010524919076514 0.362357198800731 0.9236275757465433 0.8452692614250463 0.258119992715398 0.2756188963543799
0.2982777211614795 0.08141737500067137 0.1683342165828203 0.6144372106154146 0.4923966535772758 0.4119060139570879 0.5157041915065443 0.887364000181752 0.9550987818063348 0.2556767652801495 0.2336652086678073 0.0701539751326874 0.2596997126641295 0.1742129035582701 0.02756245745521613 0.1744691437786317 0.7804557716074535 0.9202642080116379 0.7215876508900573 0.2984188996161218 0.6314564627738766 0.7701848526879157 0.4425027504725005 0.6194456872719706 0.5737484998570991 0.9027420105633187 0.7523908860853946 0.2649544218091133 0.2293654397353529 0.6936024674943706
0.2330123596963029 0.6219262095820628 0.2549367015507407 0.9204192768536289 0.3025563113418203 0.8485429589998222 0.2297087364191112 0.57209743798242 0.1889022362105681 0.4200080195782313 0.37623972998987 0.03903697529684214 0.1279500731677693 0.75376087314491 0.4126115462216742 0.8040864191073807 0.6698988806544866 0.3828209743824552 0.4948318268979162 0.9505554505656381 0.9479463625887667 0.4849832007138813 0.7124339821175789 0.7498300731535327 0.5105982847834769 0.4470125202325396 0.7690214059719497 0.4156271546358425 0.500088617073698 0.08747954011182857
0.9043357962233185 0.4547277967255017 0.5990551834769936 0.07055585824293986 0.5294403136695129 0.2213120394280462 0.385189650643749 0.5599977350355981 0.8150331153228219 0.2628420185554701 0.7278153978467433 0.492043114351589 0.3042448615432296 0.2904078780718842 0.2411022178826446 0.07316338054530103 0.5811190209878783 0.6249392961692167 0.2352418986756802 0.5642945628393888 0.8725979329935184 0.8076584185794055 0.4073488229499982 0.4962244953483376 0.7063889295244654 0.5779214642555365 0.7546890685453815 0.9501584163608203 0.1770233988721683 0.789258502399253
0.3349662753889927 0.5637835852217428 0.2068899509250962 0.7409716337402438 0.9800028388560652 0.8333307692794827 0.6205109363744563 0.4921071936566136 0.5235763473183296 0.9315337702137311 0.1583471452073499 0.5905090859283317 0.6380059528777561 0.9079241528707092 0.2693978329024879 0.7107501510012979 0.350325434079745 0.3643857314703958 0.08140526292976091 0.3283043400974012 0.3244298705190642 0.02958067808826526 0.5495673159075658 0.7067439625466683 0.4985008191004462 0.5273044597336841 0.1058145461785607 0.6847442772064923 0.471142697411741 0.2292696503686042
0.8557215102451601 0.5651926609682162 0.9991625408431304 0.07709704551480401 0.5150016932702618 0.3039555640594447 0.8616098716438995 0.1617750115884 0.001384281587692548 0.4429868091498789 0.6771568685544758 0.9679079963954043 0.6201117778423283 0.1903542702177745 0.3621721999806534 0.7800567407554347 0.3297436225867404 0.1642420966337529 0.2850703032554817 0.04034047653298456 0.755118594653949 0.2852869453892221 0.7644963096594055 0.8425702926744911 0.4550179379797138 0.8583889510621066 0.9914306733010407 0.9417515806531724 0.9792737570216682 0.9506547071554332
0.9638866409367464 0.6979354195954273 0.1561838145806352 0.6467589734125846 0.9907259703511131 0.2442899411408878 0.6817635974239146 0.1292618322145835 0.9981836169938683 0.4198577231919215 0.3506801629229751 0.2065906966383412 0.8501576004332999 0.6124041082629853 0.575336034796073 0.248047605831704 0.13350738896356 0.06496654366067667 0.6072527151400788 0.7295936715943852 0.4248997207130327 0.09899966451795239 0.08927555803243636 0.5295195773844589 0.3359708022670419 0.661396633894503 0.9538964624569153 0.04898928590483442 0.1212497545696596 0.6082317093643891
0.2961946591496921 0.7187425015853997 0.4848143918888271 0.9541617881875218 0.3587773280556739 0.7251227127442617 0.5929658125823627 0.701727042711572 0.2860864437897501 0.5503644739873388 0.007206774174331798 0.9508888219413409 0.4382354525809483 0.356145070741908 0.1019391440558558 0.2373802406063759 0.2970864882716432 0.4785631881487937 0.415016642130686 0.05618416197682152 0.5889366683624183 0.06700477943116645 0.2788303602099078 0.9313492350389295 0.7016536117266305 0.6836941433741665 0.3562282444561433 0.5959371147899253 0.8207104226005428 0.7790125449744021
0.7509153988160963 0.5315392908815987 0.7451908113280666 0.2177193513722033 0.518552245398439 0.812646661747407 0.2769404714326683 0.5036755504996226 0.6523879842914615 0.08123957669936732 0.1455253957876397 0.593480555380867 0.4139260821616682 0.1311452338971171 0.8087719168294545 0.7156380095763445 0.9758302921563847 0.04003372878988454 0.8030919592823837 0.491553595070345 0.1947769174942044 0.1421333192207144 0.1989324470420872 0.007355305627586795 0.1210221851026353 0.6905383745790646 0.2921970111778619 0.4925688045318726 0.8809454250489802 0.5237969415558993
0.7060140230629557 0.1510531677761555 0.4364404662440046 0.8908631623257041 0.1597696101115844 0.1186560328979106 0.8222070987863385 0.05807314005137687 0.23224605704253 0.5949559143962475 0.7114586987878216 0.4329554809451079 0.47992075496592 0.08692909911718516 0.6100374690453988 0.2803202036628781 0.9189161586450956 0.2382181169460988 0.7506541517885658 0.7051449895312881 0.1227819599755713 0.2087274172991238 0.1971707663412789 0.784330405863519 0.5511512369183299 0.507985226309667 0.7425761454090253 0.8774879579884055 0.07004562737187559 0.376322335085403
0.3417744786936863 0.8442799556634042 0.7688518604842813 0.5324973793248644 0.08954793827714935 0.9251080304867518 0.5579433433470139 0.02390938279829857 0.6460630666862709 0.2737092414055292 0.453676469345489 0.895617034720224 0.2040430578088127 0.1136383469997538 0.6181689340512989 0.6754874143227646 0.9888510366986887 0.3215689209577443 0.907225354077795 0.5904710865997002 0.07683669238786328 0.9305881393615434 0.5424636573316799 0.473861168610098 0.5444760759098837 0.5273389115804518 0.6614785380188455 0.6444484651520535 0.1729330999041747 0.5075374249163943
0.1781871013640524 0.4656641767103372 0.09560503090047168 0.9089335319138442 0.843015173390295 0.2046605922415511 0.2220081368616732 0.5648086168887457 0.04127607244058518 0.9791594494966968 0.3444126729149846 0.2962436612878674 0.9279442077170642 0.2444579280241935 0.4051855765360197 0.1838011489229929 0.08601690984895394 0.91325477717196 0.2773103644299395 0.7783033664455884 0.1621550717600961 0.6657650086040313 0.2743609983874161 0.7252543724324521 0.05723427422010496 0.6621188950507615 0.05609675070638753 0.6575212329501099 0.3497109394439929 0.7358146288304643
0.4179085096479677 0.5554365342178403 0.1896583546041974 0.2776745663874293 0.4860913194906004 0.04653044012248198 0.8489332751584378 0.4386145184808767 0.190299222713701 0.1495960731842333 0.1262375416196455 0.4822108534341149 0.9944193869185282 0.8356487493327993 0.8799328552839777 0.5132625332549413 0.01310510759639238 0.7892428138864009 0.9144460793657193 0.06316219321720928 0.1749917059656088 0.5095553894634931 0.4308765786773789 0.958876325967468 0.984610597556099 0.1543310252551912 0.3531047497496028 0.5768565973846252 0.422226306186494 0.5078993253432342
0.877020301564005 0.06046386063226339 0.9153546325118407 0.3125585253901266 0.7291372224901156 0.2751104062677757 0.729862527978436 0.7843552046306688 0.5672054952671408 0.1109682741944037 0.1246996109519244 0.8557079069514616 0.9338839448867431 0.6486542786130223 0.1849740478089433 0.7223253004316236 0.224046448619755 0.7527454646083972 0.9986269028304342 0.9213079396406171 0.5272669259151648 0.6226449255263621 0.3154174952415909 0.8805357360998711 0.860289938625907 0.06056455821417117 0.5496412494886189 0.380565469890537 0.5568432569259799 0.1821727424808909
0.7921895099029174 0.1178937623118745 0.2030311725249675 0.02394983212577018 0.05849820814151807 0.1191778907461765 0.4513644800658214 0.8956861168039287 0.1037690910388511 0.9973867035729693 0.9224184700162683 0.1259703495868404 0.5616077025521303 0.5787214664198835 0.7814864322682716 0.09937727488661718 0.08905922896176055 0.9447107577747725 0.4254799400686821 0.8191586379519746 0.7829904485192782 0.8379004051984075 0.139751697312994 0.09173177659809428 0.4428518574582456 0.8081032535021921 0.1403130914485837 0.1797454470288196 0.1605977358283249 0.2306204145982091
0.3280449037711186 0.06777972590647896 0.3865241471052798 0.2804838782913722 0.1531843535178 0.3132740510381177 0.499258710702754 0.6709108607079718 0.2915763290859028 0.4868303881979054 0.6940602657468494 0.9423175802604304 0.1133128464553457 0.377052136063788 0.8666726030668858 0.7679291021284133 0.825941587639117 0.03690396775678983 0.8040569829375551 0.09526349893223385 0.3527084149973373 0.2330249870398936 0.9843796880759197 0.4823421540755959 0.2803283165348393 0.4207733809821692 0.1390058997143516 0.7812129118748727 0.8210544848893977 0.005969889460240796
0.3586095234933075 0.9279321127024249 0.5585877438073292 0.1702942856001846 0.3976864994578738 0.630711383788382 0.7635023104633797 0.9854800691411797 0.9776859619141893 0.4441372042794732 0.9179800517035079 0.7237602275423702 0.154939104729143 0.569318606228353 0.5295548677939595 0.9395420369086108 0.6926232341110075 0.539422595624084 0.918723546688146 0.08091638771040865 0.3094226416214539 0.366358295354875 0.01174701901201269 0.545157942159207 0.3855750003548766 0.465144094471811 0.05261418201959189 0.9805491326976041 0.8753724038321233 0.3126167481203316
0.08176932129605041 0.106600834632225 0.1112782652313201 0.3141636479422297 0.7467208530821723 0.8678226091952227 0.4503804634778436 0.7354007280318072 0.1954116866022335 0.1939049406404343 0.3674433660091265 0.3492413482256529 0.3020790485218515 0.5497604473753912 0.01269521148718133 0.3592308608189451 0.6849925200740724 0.2075415739004295 0.1808377064441222 0.2941156028571411 0.005608503491452255 0.3447845824578024 0.8284045098455568 0.02228925673658733 0.03031914393565438 0.3743558207112582 0.06536027229118624 0.8530473143058388 0.3635515033677824 0.7086871289910007
0.3425078540721634 0.2854136624325569 0.005491392650424753 0.2700337385804005 0.5582070422192555 0.3952110465065279 0.8451511992022689 0.2535631382572048 0.9201892575008702 0.1449582009342535 0.4839156431471534 0.2019859895499512 0.1121819256223269 0.0789357521370373 0.09796129184020685 0.4434238655065861 0.4939365040813365 0.2944508870118618 0.7103316823305711 0.02150036500545305 0.3095916877212969 0.8427835002023701 0.5474583456480139 0.05516994322759572 0.5101657995130386 0.2942545461244245 0.1663273220827733 0.6792836282750995 0.1968169165778099 0.3958926221983889
0.7277649293272815 0.8099351346961593 0.6014848135526263 0.1308087449084128 0.01089047915329588 0.2925728154019164 0.4838845744659969 0.07567084455650541 0.08349122130377318 0.9794943362180148 0.6242709588297991 0.8229083218797155 0.7810099548120587 0.5102381588143717 0.6069621401224745 0.282451250437972 0.9359960378062672 0.61686906153258 0.4068492847424222 0.05017834064515325 0.104844958853648 0.4439393372024134 0.02376267363376794 0.2885709730633318 0.2148954631697764 0.2215106617491418 0.1926838192709407 0.8391529090005351 0.4660440737279906 0.5431391121652812
0.5808173691731753 0.09434605740250135 0.06401098697686969 0.9868101884227768 0.2838314123343562 0.1419013858747916 0.01877907193976969 0.8707077463601706 0.1737453310223496 0.1715352625521538 0.3726958854544232 0.1825085253748949 0.441009552322525 0.5786757450604392 0.8361595422444189 0.5882947988921537 0.9240320477286272 0.4812839879466135 0.6218432672893202 0.441706605152818 0.912510498318116 0.7104078442670122 0.6027967097320923 0.8433887796852959 0.9064960425635621 0.5779856472757112 0.2075954602010859 0.3330899339119151 0.9200112467490208 0.4911575978336901
0.8451511738751311 0.4915761064540861 0.04824868028767859 0.5884226582816309 0.9798882956006315 0.151465447352684 0.6269225257545172 0.6444148218258262 0.1062262416942298 0.2989760256980455 0.3895372720340823 0.9543625728003577 0.5767542800057013 0.08735841072127859 0.1071597341254878 0.9536827057047068 0.8053441922966844 0.4283016750780408 0.6724915321424771 0.2119288627794349 0.5201645641466101 0.9755410110714623 0.830424555479948 0.215979284796715 0.4484235170468085 0.5726814884474128 0.570801411824487 0.9305256042503485 0.2550960774499178 0.6563394817595641
0.7812471519145898 0.1159717496859779 0.5263891915654333 0.4123436109396842 0.502292423265572 0.06531505635432988 0.2695361155555099 0.2500020396628277 0.6686776604917568 0.05007423784860787 0.9731346137095093 0.3756874440831661 0.8718698856498369 0.6942923299437064 0.02957906035921742 0.08727065309606064 0.09496323742692758 0.5642263958852483 0.5660423603406095 0.3106080352809569 0.1131936234056931 0.768605691314621 0.1381988792844107 0.5850318859451635 0.5086775098412045 0.5101229614642662 0.359337364400404 0.05547883554213529 0.3361943641417032 0.9498519025622532
0.9483327380948855 0.4293190655897303 0.7420486554239929 0.5576153806095775 0.9140036467271931 0.7364104081381736 0.3939309196454687 0.0605353869774069 0.8106128912605139 0.3164207823186913 0.4942050978514965 0.5415293215016924 0.5175287968566142 0.146192191907478 0.3593449801771152 0.3613092105702073 0.2157951177017031 0.03684928154975653 0.9241778435101587 0.354317760040331 0.1957986418882687 0.8640916810566112 0.4980534554078851 0.8199251053995911 0.7633197486269943 0.1167247442302712 0.5160786595311099 0.3342407012668344 0.6859435270781764 0.7872176199142137
0.2847096804718943 0.4200062302852409 0.8823536895538509 0.7640040994803907 0.2849022847259136 0.7238823423613603 0.02714025634361594 0.5632951347717794 0.04107730144010957 0.1260812080386393 0.8205985733434297 0.6816075479196402 0.4388315025393856 0.3957096834347096 0.8757955659283844 0.2387672303855095 0.3939837492019396 0.143478232488885 0.6724265501299957 0.1756094330041246 0.9997537973236718 0.9644322802082298 0.06775361243432143 0.0708490047257917 0.2470906151939198 0.3112510467891997 0.797937444692168 0.7528639633836286 0.1789048875002709 0.7405214807719801
0.3768315912440047 0.3153405793603818 0.2001097581092646 0.5568491787129367 0.5079574278865686 0.9045181484161775 0.1644481228798167 0.02608274398554367 0.139205448408702 0.03635493348569951 0.5686732239993332 0.7715784618068352 0.9871764407491251 0.847246715018474 0.1695762851209881 0.9779590845454886 0.5785072547333945 0.8102390774735622 0.01141924331509614 0.1979567299836403 0.9250389877920517 0.2425604584642337 0.5395694109412827 0.7260346308817618 0.1009110553470701 0.5727313973159726 0.2126701089594336 0.3581462876672434 0.4438211511962529 0.7493553986905608
0.9139640935356537 0.969545605313148 0.3816303302798364 0.2517970637902454 0.271016369832127 0.7645644862855554 0.8425770753191908 0.1647448284006237 0.02994089881584849 0.8473804878772252 0.1597059673637947 0.9452419464214944 0.967511868618952 0.5781864772220096 0.4860350857116491 0.3539284210315661 0.659399052201469 0.3843599416375713 0.4348957621070537 0.613299447773363 0.03463487401164533 0.2188043925991958 0.02019194054218199 0.7631334738624325 0.3898676384724342 0.4226696928742494 0.5496834731735145 0.3884593827112387 0.81063299844686 0.435904557136905
0.5801565073397209 0.9711712427999621 0.9920994883508902 0.2028733754860064 0.4445201861494695 0.4747488273944709 0.297638568650355 0.2835045807522369 0.839621197823426 0.962094054938579 0.2106894703009448 0.8917337709331968 0.3919761997496889 0.6514257559328669 0.2838602424412682 0.9410816649976572 0.7868172148493456 0.1927732194356033 0.6150390213586691 0.968796175403651 0.2845853583106975 0.3615327388227128 0.2036122202112571 0.6387680210901857 0.8928197437315843 0.3416965895650278 0.1243987815038125 0.347676943153634 0.6267223928784639 0.7348383739710057
0.6065302354143834 0.07620657755850446 0.9398211063330233 0.1893914775939033 0.5740856414396996 0.9068342882674593 0.9733858426974862 0.8577711500464875 0.1290911131164965 0.907018079749575 0.3275131707318476 0.5823858415875673 0.1404591166200115 0.5127244669264149 0.4673296553916085 0.00531299439577626 0.2862084346442882 0.1434487559747029 0.3535242327350844 0.2716710069783222 0.4711261560954074 0.7715521666587838 0.02063649714802196 0.2275802240064424 0.9835306931753467 0.05960904570283265 0.5955060444943909 0.9982817113524521 0.6007871963460314 0.05263351715905451
0.124673985882819 0.895146428535323 0.8684171673751797 0.548778799805964 0.262580226796635 0.5103477208796179 0.2537738018414701 0.6901344347377303 0.6041240422076657 0.7879815060235985 0.4876384385236255 0.03836057082008604 0.7900213711976847 0.2093750832396123 0.2266383120797837 0.5416379404700199 0.8225949372217433 0.9490937236394761 0.2407730958099031 0.8961971738385959 0.911031403605239 0.744420558365619 0.3742616316120471 0.5478540384358548 0.1376332621804256 0.5752733696195127 0.5756135996726833 0.5834730952037663 0.9202304363520873 0.5331008526677031
0.2408941286830678 0.545234766673113 0.127374309396371 0.07478072698450766 0.8306104453805759 0.7231553381690765 0.08391169890620198 0.5575821515729932 0.5251055480505906 0.5073117292763849 0.0324047262656566 0.9603705788570991 0.9276498915458713 0.9644145747649281 0.5333820701805849 0.1266398947125106 0.7322891006498334 0.9497328198987584 0.2592660553402411 0.2837685977286952 0.4470564744583515 0.1586184165903415 0.5685813927379626 0.4495327068392287 0.8874231978458674 0.2148314880583476 0.1679499691286742 0.495633880851221 0.5166255137637437 0.4061961037134472
0.2367964169533654 0.5363636574842151 0.9621408286120208 0.2564356381375154 0.2831898000063916 0.03146488480697807 0.8761053344032355 0.2743846281631023 0.05976241619416256 0.7520524443662809 0.9291890991946566 0.4239309673311623 0.325106121939176 0.6888243989601663 0.2070594562344088 0.5515181117236185 0.4945347468015946 0.5873593829160285 0.8352404644652138 0.6841282961300403 0.8823872657575814 0.2793550465235513 0.2499557017836408 0.1881119641235331 0.008355007642831702 0.6574561492135056 0.3718170334220691 0.1661259580306398 0.2591786238068576 0.1825024964657564
0.1780724261466023 0.2277682096827288 0.09641053997371796 0.5441050820438982 0.83619589815808 0.3466401247064954 0.9125999166272079 0.6839193120218606 0.8260371345639076 0.9248542679035265 0.7189455516790454 0.7704281392645873 0.07401755942587174 0.1886853786224875 0.3140515915501577 0.3343902642550874 0.4653049467878513 0.09525874393004141 0.3442274860795362 0.07315795152369642 0.3234141223659931 0.6615006869469517 0.002921116084913855 0.2843635509180832 0.07284644990124289 0.7107620299489312 0.8412679407776017 0.9783305417734778 0.6171676841772428 0.2248999233548449
0.2283111021473324 0.4935267607573623 0.93134652983935 0.6280560581742833 0.1814000585299013 0.516009316529415 0.4091226837909259 0.8690684440325837 0.104415600034904 0.2176274468012884 0.7593284932865708 0.9732461632023665 0.8088308809186111 0.5704327575985553 0.8096060188673314 0.3786382664867868 0.239808007588282 0.4423360539198953 0.2930455830388277 0.6443591425924556 0.9161241328126489 0.6713966514314404 0.7837309748996047 0.9199023407271345 0.731978521112057 0.4563333723360153 0.7421956122728803 0.9905888441287513 0.6738550174476206 0.7271356675782584
0.1353320258134086 0.8173445528432612 0.9291784069415743 0.0829405363395781 0.9222134323115989 0.7600126664789518 0.2526741824389922 0.03477964518943821 0.5933300164559482 0.1399963354786963 0.8806386491924056 0.6434804426873316 0.04118933360457244 0.1944123487083134 0.6245131675211257 0.5266523908189072 0.2902568661506205 0.3951182349760033 0.24656769412083 0.9983891703415115 0.8832948458238906 0.7409701157941385 0.2465379784733202 0.08888120842337155 0.09613141102702527 0.8814740362012751 0.2239122413323162 0.05503571790998807 0.6087485331781241 0.75404022833511
0.9055363370121482 0.4840271702766707 0.7185444812760777 0.04684219732037487 0.3045407337895382 0.08715254889230251 0.4003369760147595 0.1993561424597754 0.4985368604250388 0.241791271646959 0.1912727811311378 0.6017856499007441 0.4806060033773267 0.3815287141758411 0.4190123523293684 0.9469573484342344 0.6112508123028166 0.2017979519130881 0.2667868141308282 0.2997065972179737 0.7114624335279678 0.5095173680553274 0.2126175372399959 0.5805611960059336 0.8757200102394087 0.1263290861705449 0.9924537062192105 0.573311197171673 0.07551521850905185 0.9246987763590697
0.6613010100500327 0.2583634177343659 0.01131178271087219 0.8278301993124763 0.1968104323061561 0.9103909152004883 0.2620653263238371 0.3075370312298976 0.4290023201398968 0.849519874954319 0.3763091183825357 0.669082851107643 0.7311857477818178 0.8946690305724484 0.9385261649051004 0.872351151222521 0.4525494450897796 0.5508338718351826 0.5774219542964404 0.4855807291251272 0.9140568672868765 0.7863451487396721 0.0933273473926316 0.990932510658469 0.1912609559095607 0.2693911400951912 0.1511846885644675 0.263517884829504 0.3727637702013268 0.9738872079220462
0.1669284017983498 0.6101832912483096 0.4478852544543116 0.5870271654668652 0.05364939975316674 0.3093301779494166 0.09091131329891811 0.4634484736889161 0.8919864503132323 0.8213848510355719 0.872154526528884 0.3995965735739925 0.5093378529558674 0.25720613444364 0.6069879796726373 0.4463112220050854 0.4964064072051322 0.5409630623332463 0.5804621859143979 0.4646610795770505 0.7984871732146769 0.4092339526958211 0.04363207877628938 0.8334118466001776 0.4847911284706738 0.4784738559508399 0.1768341508277255 0.4430033880737042 0.14347193193665 0.0412377966395393
0.9631627698646282 0.2619513113454489 0.1360987586662115 0.6880564073000893 0.3739311236287601 0.6230799392730494 0.7064460160477506 0.6621093963120006 0.2269135335695319 0.7833730242472005 0.07096983328542261 0.7881427152322188 0.1623454131224327 0.4050096542843151 0.006197835088158077 0.1628522422660864 0.6778588866709405 0.7501441397183898 0.9101918933977718 0.4202256615344855 0.6103283997656216 0.4920427966051907 0.02540849326256922 0.448274728519923 0.6894498373314135 0.6768729275094748 0.2934353261517091 0.8774754515130949 0.771223712697792 0.8537215261441211
0.9371519027358591 0.2350039213562904 0.7172848789547412 0.04395249069589824 0.3036246065035826 0.4830484832154129 0.364420337192048 0.1984732407730043 0.6986843282186871 0.9253021153103479 0.09985798651762134 0.2301376379151898 0.2848465186547158 0.6679730565698023 0.3866169816311252 0.7655976188692937 0.09564634016769058 0.4601804392066485 0.2926151860810355 0.5134156398751205 0.1357454286331211 0.445997350969056 0.5163879513350718 0.3442062818520396 0.5546517339646851 0.7142907747913155 0.6638799157914297 0.3556716080501142 0.07657890780519527 0.8336720214244345
0.926244564077045 0.2341631828445843 0.001523738687215559 0.4796369792893052 0.615341740305303 0.6528463732468122 0.6035595881515029 0.6786655398752502 0.7332451695817827 0.8434108289329356 0.575121117753293 0.03332526756789811 0.9326365328755489 0.4172286108107842 0.4672084488127666 0.6190639188833564 0.2764575500931146 0.9094220352308914 0.6579034480494926 0.133490249693908 0.3735129920121953 0.2132426602297606 0.4433255180114584 0.2062730183314919 0.09791489442854306 0.3204598758337012 0.1344833920264629 0.03502500951191989 0.4983936325034358 0.6046325859692017
0.1964706308763606 0.3505251208337864 0.4535643450100959 0.2528381108816102 0.3380289716606186 0.260846534793831 0.6626162082696256 0.3894353376286117 0.4657870369805061 0.258975395850087 0.5788943789411239 0.4156538810578809 0.4571833892666132 0.2095637724025218 0.5116903925936255 0.4210331773153676 0.5381632580574439 0.5155279860243125 0.7123161745919073 0.3454309952452652 0.229241199276342 0.9189461864386455 0.3940835502837722 0.8151452670136351 0.8804902650491657 0.6518924970770741 0.7674755011029238 0.8975331313328806 0.498485948286592 0.4217582881205391
0.7285422586204782 0.5784437905037615 0.07011249288607002 0.8070603145468112 0.2020445554980828 0.2150087077147015 0.874289947815969 0.8102329141795535 0.7871554436448561 0.9784768991338926 0.9357459975076745 0.1293159357138289 0.4682507494680125 0.3041648831534062 0.89048764733644 0.1373129705470222 0.04797245380479886 0.9774604777956422 0.5648625428776286 0.2848837841604935 0.3318051535229144 0.1383832126999179 0.9912665551290658 0.8707143169297852 0.2416473130715017 0.3324402340371564 0.1654147096433973 0.5130333903215054 0.9797185274255313 0.596276924083877
0.6644619288009846 0.67117398675162 0.1911182137258989 0.2408845627393442 0.5009113038006135 0.46694601150973 0.3240942896835108 0.7200336661063669 0.2759673184017239 0.8955849229917112 0.1227422565912266 0.9216329510067545 0.1035167383256406 0.1929819618310016 0.4523451426296146 0.8823488821319718 0.307530475654586 0.6574243877338497 0.3389335441622203 0.0161384533314608 0.6244287618395765 0.2380692071637774 0.1945361142668092 0.8088527764498318 0.6173503510292859 0.7954376224483626 0.2653447425425626 0.047177198664063 0.8534522894880278 0.764329441079809
0.004500542865324864 0.699848764433042 0.2416597780673676 0.3596742414781787 0.7807427867340205 0.9865164557052445 0.2455629745401671 0.4674996114068974 0.4003353460788692 0.5582606212167108 0.5292646201639755 0.6580268533575649 0.4967293863941422 0.6853840204710872 0.312857380141405 0.2143764617536668 0.9071769906307039 0.5576028151651591 0.02901727791658693 0.1219660596618368 0.6813982976597366 0.808710348041527 0.8234806294798234 0.4330953252053364 0.5804301358574709 0.8075644275610733 0.9575834645777276 0.8797507965575683 0.3885108064996655 0.961483878099298
0.1370480867970729 0.9087384636360185 0.5213115588387742 0.714887735716461 0.7846707420929051 0.3346802560631225 0.877685331511859 0.2580110213534964 0.08357462314096709 0.7593707565905592 0.8950823456521622 0.9264478125375404 0.3740715334496697 0.3414609637022735 0.2556867691821987 0.4707924786413896 0.9671740713484351 0.4988659533288236 0.2390740922600528 0.2079148043534312 0.9267090797416256 0.6879333442809035 0.704781722452516 0.5888967669877716 0.6187262568804064 0.04599770071399423 0.3561614111691661 0.07975906682496181 0.3257713183784087 0.7105686774063805
0.07247765377073612 0.8990082698389253 0.3543102100276792 0.08977416972655772 0.1004768636648137 0.1469733771713495 0.7048051132484099 0.9431402423755186 0.7605406651854487 0.3922077581715807 0.7678140699984444 0.8359301374402913 0.06147765649610637 0.3105471188719584 0.7422788517388064 0.2604268998625031 0.9105290354969106 0.2422496851275765 0.7872460006073516 0.39894311656977 0.8879597855333348 0.2881286712148076 0.5763938372408136 0.01537380626861351 0.8051875322387861 0.03356415406227775 0.6409103061684498 0.5636478114991115 0.9284120773735279 0.9191136145500624
0.2488798077132758 0.2655153645972191 0.6574265806142557 0.2822687127010274 0.1758226641294838 0.1726300455773294 0.02787200061586792 0.4670869312013111 0.4885627933546557 0.4237120833684469 0.9883661900343331 0.6435355840206854 0.5622537758820659 0.08645663780423196 0.4523531444065513 0.06972368205708623 0.4871561275052925 0.01559032643854419 0.1415266311367464 0.6189293092638943 0.6761517719312126 0.6037248090546697 0.2509746051897026 0.06618577268324188 0.6772749239141002 0.768339628425048 0.1192750148802932 0.7395614932045437 0.773188313177355 0.1099725366889835
0.4864694084518384 0.005724992926462225 0.6259120488170994 0.8589844546773492 0.8601729369162051 0.9372774112681551 0.7838382805185339 0.4320387070423012 0.7740182100041662 0.9835552877477102 0.3672515821935051 0.03589498568936678 0.5077410534473636 0.3524993722162881 0.176061981166925 0.9343020803656154 0.1196180709606416 0.6542607316258888 0.168729472262093 0.7964376682605138 0.2581055495597943 0.6980070825669781 0.6278937000325981 0.7157976970635141 0.2508296474668449 0.5040243699956519 0.3421341332062652 0.1802994715400545 0.4755068463344896 0.9121232329494712
0.5679419535283431 0.6308898924471565 0.549249660636866 0.04502996896172873 0.8686672252963764 0.124793392859733 0.7364078059456743 0.4517576435567322 0.710274560860654 0.8611284558490331 0.6965717274019879 0.8539029461348109 0.4870699956981471 0.09179759931238574 0.3785902517495715 0.1914177301821054 0.7635159854409751 0.6953709280676172 0.5795298659214495 0.7688411541865142 0.3693641017285521 0.3691768840705135 0.7002094621529893 0.4523030750321316 0.8119157405194075 0.1546112042885265 0.5898564389594581 0.3735683355415079 0.2470785943290517 0.2543298582187012
