0 0 0 0.637676831817575 0 0 0 0 0 0 0 0 0 0 0 0 0 0 0 0
0.8537661673760859 0 0 0 0 0 0 0 0 0 0 0 0 0 0 0 0 0 0 0
0 0 0 0 0 0 0 0 0 0 0 0 0 0 0 0 0 0 0.929333807797504 0
0 0 0 0 0 0 0 0 0 0 0 0 0 0 0 0 0 0.5249852156856167 0 0
0 0 0 0 0 0 0 0 0 0 0 0 0 0 0 0 0.6585532570672347 0 0 0
0 0 0 0 0 0 0 1 0 0 0 0 0 0 0 0 0 0 0 0
0 0 0 0 0 0 0 0 0 0 0 0 0 0 0.5191668314894282 0 0 0 0 0
0 0 0.8449147942927829 0 0 0 0 0 0 0 0 0 0 0 0 0 0 0 0 0
0.5206566348794082 0 0 0 0 0 0 0 0 0 0 0 0 0 0 0 0 0 0 0
0 0 0 0 0 0 0 0 0 0 0 0 0 0 0 0.01548604329872843 0 0 0 0
0 0 0 0 0 0 0.01509783188132069 0 0 0 0 0 0 0 0 0 0 0 0 0
0 0 0 0 0 0 0 0 0 0 0 0 0 0 0 0 0 0 0 0.6115210089339751
0 0 0 0 0 1 0 0 0 0 0 0 0 0 0 0 0 0 0 0
0 0 0 0 0 0 0 0 0 0 1 0 0 0 0 0 0 0 0 0
0 0 0 0 0 0 0 0 0 0 0 0.3580309031610152 0 0 0 0 0 0 0 0
0 0 0 0 0 0 0.2624994634948386 0 0 0 0 0 0 0 0 0 0 0 0 0
0 0 0 0 0.6396266860894014 0 0 0 0 0 0 0 0 0 0 0 0 0 0 0
0 0 0 0 0 0 0 0 0 0 0 0 0 0.07902972694148674 0 0 0 0 0 0
0 0 0 0 0 0 0 0 0 0 0 0 0 0 0 0 0 0 0 0.7912281944119365
0 0 0 0 0 0 0 0 0 0 0 0 0 0 0 0 0.5628249115127948 0 0 0
0 1 0 0 0 0 0 0 0 0 0 0 0 0 0 0 0 0 0 0
0 0 0 0 0 0 0 0 0.5148782418574068 0 0 0 0 0 0 0 0 0 0 0
0 0 0 0 0 0 0 0 0.5392570894793276 0 0 0 0 0 0 0 0 0 0 0
0 0 0 0 0 0 0 0 0 0 0 0 0 0.7657760472107389 0 0 0 0 0 0
0 0 0 0 0 0 0 0 0 0 0 0 0.1314545698543084 0 0 0 0 0 0 0
0 0 0 0 0 0 0 0 0 0 0 0 0 0 0 0.9998800840415564 0 0 0 0
0 0 0 0 0 0 0 0 0 0 0 0 0 0 0 0 0 0 0.3692406717638129 0
0 0 0 0.331234248665748 0 0 0 0 0 0 0 0 0 0 0 0 0 0 0 0
0 0 0 0 0 0 0.5759709950114738 0 0 0 0 0 0 0 0 0 0 0 0 0
0 0 0 0 0 0 0 0 0 0 0 0 0.6617116056696586 0 0 0 0 0 0 0
0 0 0 0 0 0 0 0 0.07613660148605753 0 0 0 0 0 0 0 0 0 0 0
0 0 0.5349009164183438 0 0 0 0 0 0 0 0 0 0 0 0 0 0 0 0 0
0 0 0 0.6951162346180971 0 0 0 0 0 0 0 0 0 0 0 0 0 0 0 0
0 0 0 0 0 0 0 0 0 0 0 0.9337097366857152 0 0 0 0 0 0 0 0
0 0 0 0 0 0 0 0 0 1 0 0 0 0 0 0 0 0 0 0
0 0 0 0 0.5050968953360406 0 0 0 0 0 0 0 0 0 0 0 0 0 0 0
0 0 0 0.02157663190343031 0 0 0 0 0 0 0 0 0 0 0 0 0 0 0 0
0 0 0 0 0 0 0 0 0 0 0 0 0 0 0.8546729205264595 0 0 0 0 0
0 0 0 0 0 0 0.595759528926986 0 0 0 0 0 0 0 0 0 0 0 0 0
0 0 0 0 0 0 0 0 0.6620463770932241 0 0 0 0 0 0 0 0 0 0 0
0 0 0 0 0 0 0 0 0 0 0 0 0 0.6382329886317772 0 0 0 0 0 0
0 0 0 0 0.5794435509729857 0 0 0 0 0 0 0 0 0 0 0 0 0 0 0
0 0 0 0 0 0 0 0 0 0 0 0 0 0 0 0 0 0.2648002790348902 0 0
0 0 0 0 0 0 0 0 0 0 0 0 0 0 0 0 0 0.7889860813334585 0 0
0 0 0 0 0 0 0.4824551234397808 0 0 0 0 0 0 0 0 0 0 0 0 0
0 0 0 0 0 0 0 0 0 0 0 0 0 0 0 0 0 0.06572115189088067 0 0
0 0 0 0 0 0 0 0 0 0 0 0 0 0 0 0 0 0.1656895566738585 0 0
0 0 0 0 0 0 0 0 0 0 0 0 0 0 0 0 0.4995355108365686 0 0 0
0 0 0 0 0 0 0.1069164982699098 0 0 0 0 0 0 0 0 0 0 0 0 0
0 0 0 0 0 0 0 0 0 0 0 0 0.7381445976138422 0 0 0 0 0 0 0
