0 0 0 0.4445932794541386 0 0 0 0 0 0 0 0 0 0 0 0 0 0 0 0 0 0 0 0 0 0 0 0 0 0 0 0 0 0 0 0 0 0 0 0 0 0 0 0 0 0 0 0 0 0
0 0 0 0 0 0 0 0.1034277804176803 0 0 0.003588453711906385 0.0337078883589698 0 0 0 0 0 0 0 0 0 0.0166127042907545 0.01471664185703746 0 0 0.132426388713323 0 0 0 0 0 0 0 0.06658379277176509 0 0 0 0 0 0.05066692146764102 0 0 0 0 0 0 0 0 0.03208568612070946 0
0 0 0 0 0 0.008145116783491975 0 0 0 0 0 0 0 0 0.01658199029607242 0 0 0 0 0 0 0 0 0 0 0 0 0 0.03452955460980079 0 0 0 0.001103325256457393 0 0 0 0 0 0 0 0 0 0 0.03798049427182313 0 0 0 0 0 0
0 0 0 0 0 0.03048164729603522 0 0 0 0 0 0 0 0 0.06205514213075081 0 0 0 0 0 0 0 0 0 0 0 0 0 0.1292207015420962 0 0 0 0.004128998050501065 0 0 0 0 0 0 0 0 0 0 0.1421352279281214 0 0 0 0 0 0
0.2839414118473397 0 0 0 0 0 0 0 0 0 0 0 0 0 0 0 0 0 0 0 0 0 0 0 0 0 0 0 0 0 0 0 0 0 0 0.5325960562157466 0 0 0 0 0 0 0 0 0 0 0 0 0 0
0 0 0 0.4229260390293594 0 0 0 0 0 0 0 0 0 0 0 0 0 0 0 0 0 0 0 0 0 0 0 0 0 0 0 0 0 0 0 0 0 0 0 0 0 0 0 0 0 0 0 0 0 0
0 0 0 0 0 0 0 0 0 0 0 0 0 0 0 0 0 0 0 0 0 0 0 0.2960991598442906 0 0 0 0.3089054901576263 0 0 0.2050589862876353 0 0 0 0 0 0 0 0 0 0 0 0.3342087420164184 0 0 0.02739316324842746 0 0 0 0
0 0 0 0 0 0 0 0.2293665079361602 0 0 0.007957930581770667 0.07475226299526397 0 0 0 0 0 0 0 0 0 0.03684114611334213 0.0326363452610532 0 0 0.2936752409759649 0 0 0 0 0 0 0 0.1476594776715719 0 0 0 0 0 0.1123614448456433 0 0 0 0 0 0 0 0 0.07115478791600187 0
0 0 0 0.3448303442236238 0 0 0 0 0 0 0 0 0 0 0 0 0 0 0 0 0 0 0 0 0 0 0 0 0 0 0 0 0 0 0 0 0 0 0 0 0 0 0 0 0 0 0 0 0 0
0 0 0 0 0 0.01747438075725664 0 0 0 0 0 0 0 0 0.0355746909281856 0 0 0 0 0 0 0 0 0 0 0 0 0 0.0740790587377512 0 0 0 0.002367053308493955 0 0 0 0 0 0 0 0 0 0 0.08148263995425573 0 0 0 0 0 0
0 0.2182830784036705 0 0 0 0 0 0 0 0 0 0 0.329212591245336 0 0 0 0 0.1423415787625626 0.2369733597866368 0.4564730362780744 0 0 0 0 0 0 0 0 0 0 0 0 0 0 0 0 0 0 0 0 0 0 0 0 0 0 0 0 0 0
0.3648347360825721 0 0 0 0 0 0 0 0 0 0 0 0 0 0 0 0 0 0 0 0 0 0 0 0 0 0 0 0 0 0 0 0 0 0 0.6843297014827855 0 0 0 0 0 0 0 0 0 0 0 0 0 0
0 0.2016784527724024 0 0 0 0 0 0 0 0 0 0 0.3041696430209234 0 0 0 0 0.1315137645114499 0.2189469788476425 0.4217494840284179 0 0 0 0 0 0 0 0 0 0 0 0 0 0 0 0 0 0 0 0 0 0 0 0 0 0 0 0 0 0
0 0 0 0 0 0 0 0.01336061645395221 0 0 0.0004635500589292992 0.004354324979402248 0 0 0 0 0 0 0 0 0 0.002145999550559389 0.001901069582543657 0 0 0.01710660502270862 0 0 0 0 0 0 0 0.008601175754525979 0 0 0 0 0 0.006545062669796502 0 0 0 0 0 0 0 0 0.004144771783649493 0
0 0 0 0 0 0.07746027823890497 0 0 0 0 0 0 0 0 0.1576951707668364 0 0 0 0 0 0 0 0 0 0 0 0 0 0.328376986928105 0 0 0 0.01049265266845699 0 0 0 0 0 0 0 0 0 0 0.3611955153189677 0 0 0 0 0 0
0 0 0 0 0 0 0 0.1440606501379882 0 0 0.004998221683184655 0.04695044495938751 0 0 0 0 0 0 0 0 0 0.02313920854736947 0.02049825477459761 0 0 0.1844517167092382 0 0 0 0 0 0 0 0.09274205089403478 0 0 0 0 0 0.07057204184061774 0 0 0 0 0 0 0 0 0.04469094071250786 0
0 0 0.160499069041127 0 0 0 0.1794126113891956 0 0 0 0 0 0 0 0 0 0 0 0 0 0 0 0 0 0 0 0 0 0 0.2180364621238594 0 0 0 0 0 0 0 0 0 0 0 0 0 0 0 0 0 0.2399586461967096 0 0
0 0 0 0 0.1422840762290858 0 0 0 0 0 0 0 0 0 0 0 0 0 0 0 0 0 0 0 0 0 0 0 0 0 0 0.1182674010233079 0 0 0.08115576736339461 0 0 0 0.03779501745097604 0 0.02998468834295552 0 0 0 0 0 0 0 0 0.1353923761540572
0 0 0 0 0.3763805372948886 0 0 0 0 0 0 0 0 0 0 0 0 0 0 0 0 0 0 0 0 0 0 0 0 0 0 0.3128498221399929 0 0 0.2146793382249849 0 0 0 0.09997822210522321 0 0.07931775226182591 0 0 0 0 0 0 0 0 0.3581500940445971
0 0 0 0 0 0 0 0.2566238920679513 0 0 0.00890363260563295 0.08363564865394826 0 0 0 0 0 0 0 0 0 0.04121926251971088 0.03651477288086021 0 0 0.3285749258746258 0 0 0 0 0 0 0 0.165206987723536 0 0 0 0 0 0.1257142184973798 0 0 0 0 0 0 0 0 0.07961065797521039 0
0 0 0.2252207606175764 0 0 0 0.251761241002003 0 0 0 0 0 0 0 0 0 0 0 0 0 0 0 0 0 0 0 0 0 0 0.3059602659085691 0 0 0 0 0 0 0 0 0 0 0 0 0 0 0 0 0 0.3367226310785545 0 0
0 0 0 0 0 0 0 0 0 0 0 0 0 0 0 0 0 0 0 0 0 0 0 0.2661431562018365 0 0 0 0.2776538851439474 0 0 0.1843134098956569 0 0 0 0 0 0 0 0 0 0 0 0.3003972367813188 0 0 0.02462182915048623 0 0 0 0
0 0 0 0 0 0.03950834519852922 0 0 0 0 0 0 0 0 0.08043187275395025 0 0 0 0 0 0 0 0 0 0 0 0 0 0.1674875387717416 0 0 0 0.005351740958057366 0 0 0 0 0 0 0 0 0 0 0.1842265149031584 0 0 0 0 0 0
0 0 0.08838684512939327 0 0 0 0.0988025338206379 0 0 0 0 0 0 0 0 0 0 0 0 0 0 0 0 0 0 0 0 0 0 0.1200726902993073 0 0 0 0 0 0 0 0 0 0 0 0 0 0 0 0 0 0.1321452381347627 0 0
0 0 0 0 0 0 0 0 0 0 0 0 0 0 0 0 0 0 0 0 0 0 0 0.0438453324856126 0 0 0 0.04574164928301268 0 0 0.03036442061393241 0 0 0 0 0 0 0 0 0 0 0 0.0494884667049174 0 0 0.004056284222797414 0 0 0 0
0 0 0 0 0 0 0 0.2322292031898381 0 0 0.008057252537319095 0.07568523682131964 0 0 0 0 0 0 0 0 0 0.03730095593940477 0.03304367548339854 0 0 0.2973405656392266 0 0 0 0 0 0 0 0.1495023975019101 0 0 0 0 0 0.1137638142575957 0 0 0 0 0 0 0 0 0.0720428620968247 0
0 0 0 0 0 0 0 0 0 0 0 0 0 0 0 0 0 0 0 0 0 0 0 0.08954171672383041 0 0 0 0.09341440856730446 0 0 0.0620107590696945 0 0 0 0 0 0 0 0 0 0 0 0.1010662256522403 0 0 0.008283815682051249 0 0 0 0
0 0 0 0.03293602973328198 0 0 0 0 0 0 0 0 0 0 0 0 0 0 0 0 0 0 0 0 0 0 0 0 0 0 0 0 0 0 0 0 0 0 0 0 0 0 0 0 0 0 0 0 0 0
0 0 0 0 0 0 0 0 0 0 0 0 0 0.09563505222228386 0 0.1101234418670894 0.002117896753155984 0 0 0 0.01549812809776334 0 0 0 0.001426066227634536 0 0.02308936559175285 0 0 0 0 0 0 0 0 0 0.04317516284208659 0.08465259157305122 0 0 0 0 0 0 0.1050365958627495 0 0 0 0 0
0 0 0 0 0 0 0 0 0 0 0 0 0 0.4560899425796271 0 0.5251860391218415 0.01010039087228538 0 0 0 0.07391160657047824 0 0 0 0.006801004953338941 0 0.1101147244889442 0 0 0 0 0 0 0 0 0 0.2059052312299042 0.4037138552507974 0 0 0 0 0 0 0.5009265312518787 0 0 0 0 0
0 0 0 0 0 0.03652356183390967 0 0 0 0 0 0 0 0 0.07435539158079993 0 0 0 0 0 0 0 0 0 0 0 0 0 0.1548341609348593 0 0 0 0.004947426697282977 0 0 0 0 0 0 0 0 0 0 0.1703085379734324 0 0 0 0 0 0
0 0 0 0 0.1867771640028208 0 0 0 0 0 0 0 0 0 0 0 0 0 0 0 0 0 0 0 0 0 0 0 0 0 0 0.1552503297807697 0 0 0.1065336647103234 0 0 0 0.04961374708976301 0 0.03936108101927447 0 0 0 0 0 0 0 0 0.1777303877978758
0 0 0 0 0 0 0 0.1833298189313804 0 0 0.006360675696517014 0.0597485612129867 0 0 0 0 0 0 0 0 0 0.02944667339166802 0.02608582796646235 0 0 0.2347309955459509 0 0 0 0 0 0 0 0.1180223980763835 0 0 0 0 0 0.08980911609010267 0 0 0 0 0 0 0 0 0.05687314378249227 0
0 0 0 0 0.2321930024069804 0 0 0 0 0 0 0 0 0 0 0 0 0 0 0 0 0 0 0 0 0 0 0 0 0 0 0.1930002545489252 0 0 0.1324378791088989 0 0 0 0.06167758761589655 0 0.04893193249101759 0 0 0 0 0 0 0 0 0.2209464555373722
0 0 0.1765710195229886 0 0 0 0.1973785137666714 0 0 0 0 0 0 0 0 0 0 0 0 0 0 0 0 0 0 0 0 0 0 0.2398700543274193 0 0 0 0 0 0 0 0 0 0 0 0 0 0 0 0 0 0.2639874676871312 0 0
0 0 0.04138409355232523 0 0 0 0.04626088075498351 0 0 0 0 0 0 0 0 0 0 0 0 0 0 0 0 0 0 0 0 0 0 0.05621989834744561 0 0 0 0 0 0 0 0 0 0 0 0 0 0 0 0 0 0.06187245273272779 0 0
0 0 0 0 0 0.07121936773002917 0 0 0 0 0 0 0 0 0.1449898013721856 0 0 0 0 0 0 0 0 0 0 0 0 0 0.3019199248675756 0 0 0 0.009647268327045374 0 0 0 0 0 0 0 0 0 0 0.3320942915877472 0 0 0 0 0 0
0.08713705648194045 0 0 0 0 0 0 0 0 0 0 0 0 0 0 0 0 0 0 0 0 0 0 0 0 0 0 0 0 0 0 0 0 0 0 0.16344517106748 0 0 0 0 0 0 0 0 0 0 0 0 0 0
0 0 0.1046881676406703 0 0 0 0.1170248379020171 0 0 0 0 0 0 0 0 0 0 0 0 0 0 0 0 0 0 0 0 0 0 0.1422178822280411 0 0 0 0 0 0 0 0 0 0 0 0 0 0 0 0 0 0.1565169887274072 0 0
0 0 0 0 0 0 0 0 0.6866158823464709 0.09244219727490177 0 0 0 0 0 0 0 0 0 0 0 0 0 0 0 0 0 0 0 0 0 0 0 0 0 0 0 0 0 0 0 0.04949489758269211 0 0 0 0 0.574404773291853 0 0 0
0 0.1405994957197003 0 0 0 0 0 0 0 0 0 0 0.2120509049632852 0 0 0 0 0.09168440513264164 0.1526381940765408 0.2940213193789121 0 0 0 0 0 0 0 0 0 0 0 0 0 0 0 0 0 0 0 0 0 0 0 0 0 0 0 0 0 0
0 0 0 0 0 0 0 0 0.3299721869210118 0.04442564581282252 0 0 0 0 0 0 0 0 0 0 0 0 0 0 0 0 0 0 0 0 0 0 0 0 0 0 0 0 0 0 0 0.02378613722272041 0 0 0 0 0.2760460456773104 0 0 0
0 0 0 0 0 0 0 0 0 0 0 0 0 0 0 0 0 0 0 0 0 0 0 0.3020907517953364 0 0 0 0.3151562193033475 0 0 0.2092083725012832 0 0 0 0 0 0 0 0 0 0 0 0.340971484638477 0 0 0.02794746626137512 0 0 0 0
0 0 0 0.5955113349825747 0 0 0 0 0 0 0 0 0 0 0 0 0 0 0 0 0 0 0 0 0 0 0 0 0 0 0 0 0 0 0 0 0 0 0 0 0 0 0 0 0 0 0 0 0 0
0 0 0 0 0.2803582217574232 0 0 0 0 0 0 0 0 0 0 0 0 0 0 0 0 0 0 0 0 0 0 0 0 0 0 0.2330354817033885 0 0 0.1599102810825243 0 0 0 0.0744717481019169 0 0.05908218352028836 0 0 0 0 0 0 0 0 0.266778734655791
0 0 0 0 0 0.0837537209246509 0 0 0 0 0 0 0 0 0.1705074862090696 0 0 0 0 0 0 0 0 0 0 0 0 0 0.3550567483946988 0 0 0 0.01134515293945662 0 0 0 0 0 0 0 0 0 0 0.3905416953959026 0 0 0 0 0 0
0 0 0 0.3569892983005145 0 0 0 0 0 0 0 0 0 0 0 0 0 0 0 0 0 0 0 0 0 0 0 0 0 0 0 0 0 0 0 0 0 0 0 0 0 0 0 0 0 0 0 0 0 0
0 0 0 0.1462960144001004 0 0 0 0 0 0 0 0 0 0 0 0 0 0 0 0 0 0 0 0 0 0 0 0 0 0 0 0 0 0 0 0 0 0 0 0 0 0 0 0 0 0 0 0 0 0
0 0 0.1726950837460344 0 0 0 0.1930458296989403 0 0 0 0 0 0 0 0 0 0 0 0 0 0 0 0 0 0 0 0 0 0 0.2346046323578386 0 0 0 0 0 0 0 0 0 0 0 0 0 0 0 0 0 0.2581926409174818 0 0
0 0 0 0 0 0 0 0.2111248816368201 0 0 0.007325032618179773 0.06880718034627877 0 0 0 0 0 0 0 0 0 0.03391115242818727 0.03004076136615398 0 0 0.270319110878962 0 0 0 0 0 0 0 0.1359160499345534 0 0 0 0 0 0.103425286267955 0 0 0 0 0 0 0 0 0.0654958141527802 0
