0 0 0 0 0 0 0 0 0 0 0 0 0 0 0 0 0 0 0 0 0 0 0 0 0 0 0 0.42395595833512 0 0 0 0 0 0 0 0 0 0 0 0 0 0 0 0 0 0 0 0 0 0 0 0 0 0 0 0 0 0 0 0 0 0 0 0 0 0 0 0 0 0 0.1859750428165753 0 0 0 0 0 0 0 0 0 0 0 0 0 0 0 0 0 0 0 0 0 0 0 0 0 0 0 0 0
0 0 0 0 0 0 0 0 0 0 0 0 0 0 0 0 0 0 0 0 0 0 0 0 0 0 0 0 0 0 0 0 0 0 0 0 0 0 0 0 0 0 0 0 0 0.3669954760192629 0 0 0 0 0 0 0 0 0 0 0 0 0 0 0 0 0 0 0 0 0 0 0 0 0 0 0.3896496277941235 0 0 0 0 0 0 0 0 0 0 0 0 0 0 0 0 0 0 0 0 0 0 0 0 0 0 0
0 0 0 0 0 0 0 0 0 0 0 0 0 0 0 0 0 0 0 0 0 0 0.05246747414920439 0 0 0 0 0 0 0 0 0 0 0 0 0 0 0 0 0 0 0 0 0 0 0 0 0 0 0 0 0 0.1763128139561202 0 0 0 0 0 0 0 0 0 0 0 0 0 0 0 0 0 0 0 0 0 0 0.05333192020939134 0 0.3401076551609495 0 0 0 0 0 0 0 0 0 0 0 0 0 0 0 0 0 0 0 0 0 0.3395732649282074
0 0 0.2238170586461788 0 0 0 0 0 0 0 0 0 0 0 0 0 0 0 0 0 0 0 0 0.01858904527823551 0 0 0 0 0 0 0 0 0.1852336309631373 0 0 0 0 0 0 0 0 0 0 0 0 0 0 0 0 0 0 0 0 0 0 0.1140017003462083 0 0 0 0 0 0 0 0 0 0 0 0 0 0 0 0 0 0 0 0 0 0 0 0 0 0 0 0 0 0 0 0 0 0 0 0 0 0 0 0 0 0 0 0
0 0.1968029178998883 0 0 0 0 0 0 0 0 0 0 0 0 0 0 0 0 0 0 0.7683739563377037 0 0 0 0 0 0 0 0 0 0 0 0 0 0 0 0 0 0 0 0 0 0 0 0 0 0 0 0 0 0 0 0 0 0 0 0 0 0 0 0 0 0 0 0 0 0 0 0 0 0 0 0 0 0 0 0 0 0 0 0 0 0 0 0 0 0 0 0 0 0 0 0 0 0 0 0 0 0 0
0 0 0 0 0 0 0 0.3768090581136201 0 0 0.2815591322100428 0 0 0 0 0 0 0 0 0 0 0 0 0 0 0 0 0 0 0 0 0.2127514073981385 0 0 0 0 0 0 0 0 0 0 0 0 0 0 0 0.08504231385811457 0 0 0.1120124832615417 0 0 0 0 0 0 0 0 0 0 0 0 0 0 0 0 0 0 0 0 0 0 0 0 0 0 0 0 0 0 0 0.005440437671833103 0 0 0 0 0 0 0 0 0 0 0 0 0 0 0 0 0
0 0 0 0 0 0 0 0 0 0 0 0 0 0 0 0 0 0 0.1535511269435571 0 0 0 0 0 0 0 0 0 0 0 0 0 0 0 0 0 0 0 0 0 0 0 0 0 0 0 0 0 0 0 0 0 0 0.3405265738615885 0 0 0 0 0 0 0 0 0 0.05415776474169733 0 0 0.2009855423190789 0 0 0.006336031068853512 0 0 0 0 0 0 0 0 0 0 0 0 0 0 0 0 0 0 0 0 0 0 0 0 0 0 0 0 0 0
0 0 0 0 0 0 0 0 0 0 0 0 0.04696986133678208 0 0 0 0 0.01251320132682941 0 0 0 0 0 0 0 0 0.02375633790332176 0 0 0.04226101639909877 0 0 0 0 0 0 0 0 0 0 0 0 0 0.1366778277019981 0 0 0 0 0 0 0 0 0 0 0 0 0 0 0.1018524745002424 0 0 0 0 0 0 0 0 0 0 0 0 0 0 0 0 0 0 0 0 0 0 0 0 0 0.1130223666511833 0.1550779561906279 0.0906004236125323 0 0 0 0 0 0 0 0 0 0 0 0 0
0 0 0 0 0 0 0 0 0 0 0 0 0 0 0 0 0 0 0.09448605298928731 0 0 0 0 0 0 0 0 0 0 0 0 0 0 0 0 0 0 0 0 0 0 0 0 0 0 0 0 0 0 0 0 0 0 0.2095394058161066 0 0 0 0 0 0 0 0 0 0.03332540458036724 0 0 0.1236743160382123 0 0 0.003898809336212321 0 0 0 0 0 0 0 0 0 0 0 0 0 0 0 0 0 0 0 0 0 0 0 0 0 0 0 0 0 0
0 0 0 0 0 0 0 0 0 0 0 0 0 0 0 0 0 0 0.1380584424354057 0 0 0 0 0 0 0 0 0 0 0 0 0 0 0 0 0 0 0 0 0 0 0 0 0 0 0 0 0 0 0 0 0 0 0.3061688268330138 0 0 0 0 0 0 0 0 0 0.04869346643590748 0 0 0.1807069181251074 0 0 0.005696751290596493 0 0 0 0 0 0 0 0 0 0 0 0 0 0 0 0 0 0 0 0 0 0 0 0 0 0 0 0 0 0
0 0 0 0 0 0 0 0.04660383545133048 0 0 0.03482330157620471 0 0 0 0 0 0 0 0 0 0 0 0 0 0 0 0 0 0 0 0 0.02631314552802528 0 0 0 0 0 0 0 0 0 0 0 0 0 0 0 0.01051805394829153 0 0 0.01385373102374237 0 0 0 0 0 0 0 0 0 0 0 0 0 0 0 0 0 0 0 0 0 0 0 0 0 0 0 0 0 0 0 0.0006728746472036174 0 0 0 0 0 0 0 0 0 0 0 0 0 0 0 0 0
0 0 0 0 0 0 0 0 0 0 0 0 0 0 0 0 0 0 0 0 0 0 0 0 0 0 0 0 0 0 0 0 0 0 0 0 0 0 0 0 0 0 0 0 0 0.0345196114372453 0 0 0 0 0 0 0 0 0 0 0 0 0 0 0 0 0 0 0 0 0 0 0 0 0 0 0.03665046200028473 0 0 0 0 0 0 0 0 0 0 0 0 0 0 0 0 0 0 0 0 0 0 0 0 0 0 0
0 0 0 0 0 0 0 0 0 0 0 0 0 0 0 0 0 0 0 0 0 0 0.006275944326500017 0 0 0 0 0 0 0 0 0 0 0 0 0 0 0 0 0 0 0 0 0 0 0 0 0 0 0 0 0 0.02108981654597042 0 0 0 0 0 0 0 0 0 0 0 0 0 0 0 0 0 0 0 0 0 0 0.006379345823045622 0 0.0406822844708821 0 0 0 0 0 0 0 0 0 0 0 0 0 0 0 0 0 0 0 0 0 0.04061836290035294
0 0 0 0 0 0 0 0 0 0 0 0 0 0 0 0 0 0 0 0 0 0 0 0 0 0 0 0 0 0 0 0 0 0 0 0 0 0 0 0 0 0 0 0 0 0.390521183191062 0 0 0 0 0 0 0 0 0 0 0 0 0 0 0 0 0 0 0 0 0 0 0 0 0 0 0.4146275461666212 0 0 0 0 0 0 0 0 0 0 0 0 0 0 0 0 0 0 0 0 0 0 0 0 0 0 0
0 0 0 0 0 0 0 0 0 0 0 0 0 0 0 0 0 0 0 0.1690520554746023 0 0.2989708747943177 0 0 0 0.06087910646096135 0 0 0 0 0 0 0 0 0 0 0 0 0 0 0 0 0.4339647840264072 0 0 0 0 0 0 0 0 0 0 0 0 0 0 0 0 0 0 0 0 0 0 0 0 0 0 0 0 0 0 0 0 0 0 0 0 0.284912122077842 0 0 0 0 0 0 0 0 0 0 0 0 0 0 0 0 0 0 0 0
0 0 0 0 0 0 0 0 0 0 0 0 0 0 0 0 0 0 0 0 0 0 0.02492210558368954 0 0 0 0 0 0 0 0 0 0 0 0 0 0 0 0 0 0 0 0 0 0 0 0 0 0 0 0 0 0.08374877267154418 0 0 0 0 0 0 0 0 0 0 0 0 0 0 0 0 0 0 0 0 0 0 0.02533271837442764 0 0.1615514950774658 0 0 0 0 0 0 0 0 0 0 0 0 0 0 0 0 0 0 0 0 0 0.1612976591530335
0 0 0 0 0 0 0 0 0 0 0 0 0 0 0 0 0 0 0 0 0 0 0.02624644245489513 0 0 0 0 0 0 0 0 0 0 0 0 0 0 0 0 0 0 0 0 0 0 0 0 0 0 0 0 0 0.08819910240771736 0 0 0 0 0 0 0 0 0 0 0 0 0 0 0 0 0 0 0 0 0 0 0.02667887481688643 0 0.1701361871216845 0 0 0 0 0 0 0 0 0 0 0 0 0 0 0 0 0 0 0 0 0 0.1698688625988336
0 0 0 0 0 0 0 0 0 0 0 0 0 0 0 0 0 0 0.08867362357209968 0 0 0 0 0 0 0 0 0 0 0 0 0 0 0 0 0 0 0 0 0 0 0 0 0 0 0 0 0 0 0 0 0 0 0.196649323439995 0 0 0 0 0 0 0 0 0 0.03127535004010015 0 0 0.1160663335905534 0 0 0.003658969133760689 0 0 0 0 0 0 0 0 0 0 0 0 0 0 0 0 0 0 0 0 0 0 0 0 0 0 0 0 0 0
0 0 0 0 0 0 0 0 0 0 0 0 0 0 0 0 0.007598392454770427 0 0 0 0 0 0 0 0 0 0 0 0 0 0 0 0 0 0 0 0 0 0 0.01531774036663388 0 0 0 0 0 0 0 0 0 0 0 0 0 0 0 0 0 0 0 0 0 0 0 0 0 0 0 0 0.01114752277187821 0 0 0 0 0 0 0 0.01599753077416192 0 0 0 0 0 0 0 0 0 0 0 0 0 0 0 0 0 0 0 0 0 0 0
0 0 0 0 0 0 0 0 0 0 0 0 0.01723255148134277 0 0 0 0 0.00459090957315923 0 0 0 0 0 0 0 0 0.00871585106440541 0 0 0.01550494551239043 0 0 0 0 0 0 0 0 0 0 0 0 0 0.0501450852780853 0 0 0 0 0 0 0 0 0 0 0 0 0 0 0.03736817525908042 0 0 0 0 0 0 0 0 0 0 0 0 0 0 0 0 0 0 0 0 0 0 0 0 0 0.04146624444757512 0.05689582186574749 0.03323996323812416 0 0 0 0 0 0 0 0 0 0 0 0 0
0 0 0 0 0 0 0 0 0 0 0 0 0 0.01404774880070947 0.01120039596721944 0 0 0 0 0 0 0 0 0 0 0 0 0 0 0 0 0 0 0 0 0 0 0 0 0 0 0 0 0 0 0 0 0 0 0 0 0.006079909368016567 0 0 0 0 0 0 0 0 0 0.01438249256444418 0 0 0 0 0 0 0 0 0 0 0 0 0 0 0 0 0 0 0 0 0 0 0 0 0 0.003372425472545112 0 0 0 0 0.007035631948209125 0 0 0 0 0 0 0
0 0 0 0 0 0 0 0 0 0 0 0 0 0 0 0 0 0 0 0 0 0 0 0 0.0006669246268220242 0 0 0 0 0 0.001887122099164972 0 0 0 0 0 0 0 0 0 0 0 0 0 0 0 0 0 0 0.0007310854045790772 0 0 0 0 0 0 0 0 0 0 0 0 0.001269990942049612 0 0 0.0004958679398993715 0 0 0 0 0 0 0 0 0 0 0 0 0 0 0 0 0 0 0 0 0 0 0 0 0 0 0 0 0 0 0 0 0 0
0 0 0 0 0 0 0 0 0 0 0 0 0 0 0 0 0 0 0 0 0 0 0 0 0 0 0 0.4774493273690216 0 0 0 0 0 0 0 0 0 0 0 0 0 0 0 0 0 0 0 0 0 0 0 0 0 0 0 0 0 0 0 0 0 0 0 0 0 0 0 0 0 0 0.2094407623114736 0 0 0 0 0 0 0 0 0 0 0 0 0 0 0 0 0 0 0 0 0 0 0 0 0 0 0 0 0
0 0 0 0 0 0 0 0 0 0 0 0 0.1255359635070502 0 0 0 0 0.03344393064859 0 0 0 0 0 0 0 0 0.0634933696463169 0 0 0.112950672228056 0 0 0 0 0 0 0 0 0 0 0 0 0 0.3652977101123464 0 0 0 0 0 0 0 0 0 0 0 0 0 0 0.2722202739813575 0 0 0 0 0 0 0 0 0 0 0 0 0 0 0 0 0 0 0 0 0 0 0 0 0 0.3020739532031038 0.4144755827467031 0.2421470097770859 0 0 0 0 0 0 0 0 0 0 0 0 0
0 0 0 0 0 0 0 0.09377620795790653 0 0 0.07007142521137363 0 0 0 0 0 0 0 0 0 0 0 0 0 0 0 0 0 0 0 0 0.05294729464143946 0 0 0 0 0 0 0 0 0 0 0 0 0 0 0 0.02116442144332795 0 0 0.02787646872610089 0 0 0 0 0 0 0 0 0 0 0 0 0 0 0 0 0 0 0 0 0 0 0 0 0 0 0 0 0 0 0 0.001353957935751144 0 0 0 0 0 0 0 0 0 0 0 0 0 0 0 0 0
0 0 0 0 0 0 0 0 0.1720397511384204 0 0 0.5467644837702844 0 0 0 0 0 0 0 0 0 0 0 0 0 0 0 0 0 0 0 0 0 0 0 0 0 0 0 0 0 0 0 0 0 0 0 0 0 0 0 0 0 0 0 0 0 0 0 0 0 0 0 0 0 0 0 0 0 0 0 0 0 0 0 0 0 0 0 0 0.8194210903532109 0 0 0 0 0 0 0 0 0 0 0 0 0 0 0 0 0 0 0
0 0 0 0 0 0 0 0 0 0 0 0 0 0 0 0 0.2029642541984667 0 0 0 0 0 0 0 0 0 0 0 0 0 0 0 0 0 0 0 0 0 0 0.4091594068121247 0 0 0 0 0 0 0 0 0 0 0 0 0 0 0 0 0 0 0 0 0 0 0 0 0 0 0 0 0.2977667525101588 0 0 0 0 0 0 0 0.4273176098657954 0 0 0 0 0 0 0 0 0 0 0 0 0 0 0 0 0 0 0 0 0 0 0
0 0 0 0.1889278898801022 0 0 0.1630546227653235 0 0 0 0 0 0 0 0 0 0 0 0 0 0 0 0 0 0 0 0 0 0 0 0 0 0 0.06022018998329411 0 0 0 0.336773124055317 0 0 0.17624053735088 0.2662356007505793 0 0 0 0 0 0 0 0 0 0 0 0 0 0 0 0 0 0 0 0 0 0 0 0 0 0.1842809087258633 0 0 0 0 0 0 0 0 0 0 0 0 0 0 0 0.192548184867463 0 0 0 0 0 0 0 0 0 0 0 0 0 0 0 0
0 0 0 0 0 0 0 0 0 0 0 0 0 0 0 0 0.08218860802700757 0 0 0 0 0 0 0 0 0 0 0 0 0 0 0 0 0 0 0 0 0 0 0.1656855402437593 0 0 0 0 0 0 0 0 0 0 0 0 0 0 0 0 0 0 0 0 0 0 0 0 0 0 0 0 0.1205780545060989 0 0 0 0 0 0 0 0.1730385465115213 0 0 0 0 0 0 0 0 0 0 0 0 0 0 0 0 0 0 0 0 0 0 0
0 0 0.1453414354373514 0 0 0 0 0 0 0 0 0 0 0 0 0 0 0 0 0 0 0 0 0.01207128062754029 0 0 0 0 0 0 0 0 0.1202862819228396 0 0 0 0 0 0 0 0 0 0 0 0 0 0 0 0 0 0 0 0 0 0 0.0740299728306683 0 0 0 0 0 0 0 0 0 0 0 0 0 0 0 0 0 0 0 0 0 0 0 0 0 0 0 0 0 0 0 0 0 0 0 0 0 0 0 0 0 0 0 0
0 0 0 0 0 0 0 0.4831262647300672 0 0 0.3610014380393693 0 0 0 0 0 0 0 0 0 0 0 0 0 0 0 0 0 0 0 0 0.2727795167316127 0 0 0 0 0 0 0 0 0 0 0 0 0 0 0 0.1090371225255528 0 0 0.1436169632232409 0 0 0 0 0 0 0 0 0 0 0 0 0 0 0 0 0 0 0 0 0 0 0 0 0 0 0 0 0 0 0 0.00697546482573388 0 0 0 0 0 0 0 0 0 0 0 0 0 0 0 0 0
0 0 0 0 0 0 0 0.1571343734475786 0 0 0.1174138914010089 0 0 0 0 0 0 0 0 0 0 0 0 0 0 0 0 0 0 0 0 0.08872015781403175 0 0 0 0 0 0 0 0 0 0 0 0 0 0 0 0.03546377247809624 0 0 0.04671069072416639 0 0 0 0 0 0 0 0 0 0 0 0 0 0 0 0 0 0 0 0 0 0 0 0 0 0 0 0 0 0 0 0.002268734645403148 0 0 0 0 0 0 0 0 0 0 0 0 0 0 0 0 0
0 0 0 0 0 0 0 0 0 0 0 0 0 0 0 0 0 0 0.06844286534359457 0 0 0 0 0 0 0 0 0 0 0 0 0 0 0 0 0 0 0 0 0 0 0 0 0 0 0 0 0 0 0 0 0 0 0.1517840663539477 0 0 0 0 0 0 0 0 0 0.02413992442327429 0 0 0.089585968418262 0 0 0.002824180648428438 0 0 0 0 0 0 0 0 0 0 0 0 0 0 0 0 0 0 0 0 0 0 0 0 0 0 0 0 0 0
0 0 0 0 0 0 0 0 0 0 0 0 0 0 0 0 0 0 0 0 0 0 0 0 0 0 0 0.1406076684765199 0 0 0 0 0 0 0 0 0 0 0 0 0 0 0 0 0 0 0 0 0 0 0 0 0 0 0 0 0 0 0 0 0 0 0 0 0 0 0 0 0 0 0.06167979633532942 0 0 0 0 0 0 0 0 0 0 0 0 0 0 0 0 0 0 0 0 0 0 0 0 0 0 0 0 0
0 0 0 0 0 0 0 0 0 0 0 0 0 0 0 0 0 0 0 0 0 0 0 0 0.0694926470185678 0 0 0 0 0 0.196635578660685 0 0 0 0 0 0 0 0 0 0 0 0 0 0 0 0 0 0 0.07617811356424614 0 0 0 0 0 0 0 0 0 0 0 0 0.1323313440578403 0 0 0.05166877084664502 0 0 0 0 0 0 0 0 0 0 0 0 0 0 0 0 0 0 0 0 0 0 0 0 0 0 0 0 0 0 0 0 0 0
0 0 0 0 0 0 0 0 0 0 0 0 0 0 0 0 0.07515279223457264 0 0 0 0 0 0 0 0 0 0 0 0 0 0 0 0 0 0 0 0 0 0 0.1515019086114765 0 0 0 0 0 0 0 0 0 0 0 0 0 0 0 0 0 0 0 0 0 0 0 0 0 0 0 0 0.1102558821213772 0 0 0 0 0 0 0 0.1582254554095807 0 0 0 0 0 0 0 0 0 0 0 0 0 0 0 0 0 0 0 0 0 0 0
0 0 0 0 0 0.2068063640435696 0 0 0 0.09052029225022667 0 0 0 0 0 0 0 0 0 0 0 0 0 0 0 0 0 0 0 0 0 0 0 0 0 0 0.1699200151181659 0 0 0 0 0 0 0 0.1561608809616747 0 0 0 0 0 0 0 0 0 0 0 0 0 0 0 0.2036387898810859 0 0 0 0 0 0 0 0 0 0 0 0 0 0 0 0 0 0.1530607392540146 0 0 0 0 0 0 0 0 0 0 0.05406529585411345 0.2183992954636978 0 0 0 0 0.08006398507055495 0 0 0 0
0 0 0 0 0 0 0 0 0 0 0 0 0 0 0 0 0.006345279173568149 0 0 0 0 0 0 0 0 0 0 0 0 0 0 0 0 0 0 0 0 0 0 0.01279156604677675 0 0 0 0 0 0 0 0 0 0 0 0 0 0 0 0 0 0 0 0 0 0 0 0 0 0 0 0 0.009309093272336455 0 0 0 0 0 0 0 0.01335924663723783 0 0 0 0 0 0 0 0 0 0 0 0 0 0 0 0 0 0 0 0 0 0 0
0 0 0 0.2300331193787215 0 0 0.1985305797234672 0 0 0 0 0 0 0 0 0 0 0 0 0 0 0 0 0 0 0 0 0 0 0 0 0 0 0.07332235680093378 0 0 0 0.410045188661797 0 0 0.2145853669012729 0.3241607460348485 0 0 0 0 0 0 0 0 0 0 0 0 0 0 0 0 0 0 0 0 0 0 0 0 0 0.2243750898983621 0 0 0 0 0 0 0 0 0 0 0 0 0 0 0 0.2344410855585282 0 0 0 0 0 0 0 0 0 0 0 0 0 0 0 0
0 0 0 0 0 0 0 0 0 0 0 0 0 0 0 0 0 0 0 0 0 0 0 0 0 0 0 0 0 0 0 0 0 0 0 0 0 0 0 0 0 0 0 0 0 0.270078783709939 0 0 0 0 0 0 0 0 0 0 0 0 0 0 0 0 0 0 0 0 0 0 0 0 0 0 0.286750394552939 0 0 0 0 0 0 0 0 0 0 0 0 0 0 0 0 0 0 0 0 0 0 0 0 0 0 0
0 0 0 0 0.2631466422918865 0 0 0 0 0 0 0 0 0 0 0 0 0 0 0 0 0 0 0 0 0 0 0 0 0 0 0 0 0 0 0 0 0 0 0 0 0 0 0 0 0 0 0 0.2783312696820838 0 0 0 0 0 0.212751572507459 0 0.1975853712142027 0 0 0 0 0 0 0 0 0 0 0 0 0 0 0.2982279677114064 0 0 0 0 0 0 0 0 0 0 0 0 0 0 0 0 0.05440510992003003 0 0 0.3096819066586734 0 0 0 0 0.2198112096084616 0 0 0
0 0 0 0 0 0 0 0 0 0 0 0 0 0 0 0 0 0 0 0 0 0 0 0 0 0 0 0 0.02522913886652759 0 0 0 0 0 0 0 0 0 0 0 0 0 0 0 0 0 0 0 0 0 0 0 0 0 0 0 0 0 0 0 0 0 0 0 0.5303804320271592 0 0 0 0 0 0 0 0 0 0 0 0 0 0 0 0 0 0 0 0 0 0 0 0 0 0 0 0 0 0 0 0 0 0 0
0 0 0 0 0 0 0 0 0 0 0 0 0 0 0 0 0 0 0 0 0 0 0.03479059153960633 0 0 0 0 0 0 0 0 0 0 0 0 0 0 0 0 0 0 0 0 0 0 0 0 0 0 0 0 0 0.1169110423746022 0 0 0 0 0 0 0 0 0 0 0 0 0 0 0 0 0 0 0 0 0 0 0.03536379599199643 0 0.2255215579188942 0 0 0 0 0 0 0 0 0 0 0 0 0 0 0 0 0 0 0 0 0 0.2251672097706068
0 0 0 0 0 0 0 0 0 0 0 0 0 0 0 0.007332616468168955 0 0 0 0 0 0 0 0 0 0 0 0 0 0 0 0 0 0 0 0 0 0 3.802255157253914e-05 0 0 0 0 0 0 0 0 0 0 0 0 0 0 0 0 0 0 0 0 0 0 0 0 0 0 0 0 0 0 0 0 0 0 0 0.008045055124378199 0 0 0 0 0 0 0.001036936214740158 0 0 0 0 0 0 0 0 0 0 0 0 0.007946494228446264 0 0 0.008101066498355895 0.005453523956930382 0
0 0 0 0 0 0 0 0 0 0 0 0 0 0 0 0 0 0 0 0 0 0 0 0 0 0 0 0 0.0113838772526521 0 0 0 0 0 0 0 0 0 0 0 0 0 0 0 0 0 0 0 0 0 0 0 0 0 0 0 0 0 0 0 0 0 0 0 0.2393179476853378 0 0 0 0 0 0 0 0 0 0 0 0 0 0 0 0 0 0 0 0 0 0 0 0 0 0 0 0 0 0 0 0 0 0 0
0 0 0 0 0 0 0 0 0 0 0 0 0 0 0 0 0 0 0 0 0 0 0 0 0.2025123978247345 0 0 0 0 0 0.5730267048482075 0 0 0 0 0 0 0 0 0 0 0 0 0 0 0 0 0 0 0.22199488869 0 0 0 0 0 0 0 0 0 0 0 0 0.3856341489677722 0 0 0.1505708463517738 0 0 0 0 0 0 0 0 0 0 0 0 0 0 0 0 0 0 0 0 0 0 0 0 0 0 0 0 0 0 0 0 0 0
0 0 0 0 0 0.09987078789078065 0 0 0 0.04371399762740986 0 0 0 0 0 0 0 0 0 0 0 0 0 0 0 0 0 0 0 0 0 0 0 0 0 0 0.08205765749398972 0 0 0 0 0 0 0 0.0754131058368936 0 0 0 0 0 0 0 0 0 0 0 0 0 0 0 0.09834110514251142 0 0 0 0 0 0 0 0 0 0 0 0 0 0 0 0 0 0.0739159875235913 0 0 0 0 0 0 0 0 0 0 0.02610917569906552 0.1054692384038803 0 0 0 0 0.03866444491518368 0 0 0 0
0 0 0 0 0 0 0 0 0 0 0 0 0 0 0 0 0 0 0 0.210904964880857 0 0.372988318135935 0 0 0 0.07595119606254062 0 0 0 0 0 0 0 0 0 0 0 0 0 0 0 0 0.541403222088409 0 0 0 0 0 0 0 0 0 0 0 0 0 0 0 0 0 0 0 0 0 0 0 0 0 0 0 0 0 0 0 0 0 0 0 0 0.3554489824584553 0 0 0 0 0 0 0 0 0 0 0 0 0 0 0 0 0 0 0 0
0 0 0 0 0 0 0 0 0 0 0 0 0 0 0 0 0.173107633612389 0 0 0 0 0 0 0 0 0 0 0 0 0 0 0 0 0 0 0 0 0 0 0.3489708912695365 0 0 0 0 0 0 0 0 0 0 0 0 0 0 0 0 0 0 0 0 0 0 0 0 0 0 0 0 0.2539644140739975 0 0 0 0 0 0 0 0.364457970872236 0 0 0 0 0 0 0 0 0 0 0 0 0 0 0 0 0 0 0 0 0 0 0
0 0 0 0 0 0 0 0 0 0 0 0 0 0 0 0 0.04672495623312518 0 0 0 0 0 0 0 0 0 0 0 0 0 0 0 0 0 0 0 0 0 0 0.09419370642957492 0 0 0 0 0 0 0 0 0 0 0 0 0 0 0 0 0 0 0 0 0 0 0 0 0 0 0 0 0.06854969873223174 0 0 0 0 0 0 0 0.09837395603217403 0 0 0 0 0 0 0 0 0 0 0 0 0 0 0 0 0 0 0 0 0 0 0
0 0.1043706351103201 0 0 0 0 0 0 0 0 0 0 0 0 0 0 0 0 0 0 0.4074923211554731 0 0 0 0 0 0 0 0 0 0 0 0 0 0 0 0 0 0 0 0 0 0 0 0 0 0 0 0 0 0 0 0 0 0 0 0 0 0 0 0 0 0 0 0 0 0 0 0 0 0 0 0 0 0 0 0 0 0 0 0 0 0 0 0 0 0 0 0 0 0 0 0 0 0 0 0 0 0 0
0 0 0 0 0.05350741706022259 0 0 0 0 0 0 0 0 0 0 0 0 0 0 0 0 0 0 0 0 0 0 0 0 0 0 0 0 0 0 0 0 0 0 0 0 0 0 0 0 0 0 0 0.05659501180813558 0 0 0 0 0 0.04326024083464351 0 0.04017639279178146 0 0 0 0 0 0 0 0 0 0 0 0 0 0 0.06064074429517747 0 0 0 0 0 0 0 0 0 0 0 0 0 0 0 0 0.01106256527289939 0 0 0.06296975249720474 0 0 0 0 0.04469572541224329 0 0 0
0 0 0 0 0 0 0 0 0 0 0 0 0 0.5605761836178434 0.446952413186336 0 0 0 0 0 0 0 0 0 0 0 0 0 0 0 0 0 0 0 0 0 0 0 0 0 0 0 0 0 0 0 0 0 0 0 0 0.2426191156046989 0 0 0 0 0 0 0 0 0 0.5739341518038064 0 0 0 0 0 0 0 0 0 0 0 0 0 0 0 0 0 0 0 0 0 0 0 0 0 0.1345768227888203 0 0 0 0 0.2807572773986145 0 0 0 0 0 0 0
0 0 0 0 0 0 0 0 0 0 0 0 0 0 0 0 0 0 0.04079644237339399 0 0 0 0 0 0 0 0 0 0 0 0 0 0 0 0 0 0 0 0 0 0 0 0 0 0 0 0 0 0 0 0 0 0 0.09047327117475447 0 0 0 0 0 0 0 0 0 0.01438898022004515 0 0 0.05339912026904005 0 0 0.001683397129814176 0 0 0 0 0 0 0 0 0 0 0 0 0 0 0 0 0 0 0 0 0 0 0 0 0 0 0 0 0 0
0 0 0 0.06205227608000902 0 0 0.05355435068044546 0 0 0 0 0 0 0 0 0 0 0 0 0 0 0 0 0 0 0 0 0 0 0 0 0 0 0.01977897417266141 0 0 0 0.1106111907747961 0 0 0.05788518829658372 0.08744354796206263 0 0 0 0 0 0 0 0 0 0 0 0 0 0 0 0 0 0 0 0 0 0 0 0 0 0.06052600191421788 0 0 0 0 0 0 0 0 0 0 0 0 0 0 0 0.06324134109412287 0 0 0 0 0 0 0 0 0 0 0 0 0 0 0 0
0 0 0 0 0 0 0 0 0 0 0 0 0 0 0 0 0 0 0 0 0 0 0 0 0 0 0 0 0.01275615917452792 0 0 0 0 0 0 0 0 0 0 0 0 0 0 0 0 0 0 0 0 0 0 0 0 0 0 0 0 0 0 0 0 0 0 0 0.2681667911769084 0 0 0 0 0 0 0 0 0 0 0 0 0 0 0 0 0 0 0 0 0 0 0 0 0 0 0 0 0 0 0 0 0 0 0
0 0.1050611757788874 0 0 0 0 0 0 0 0 0 0 0 0 0 0 0 0 0 0 0.410188386189372 0 0 0 0 0 0 0 0 0 0 0 0 0 0 0 0 0 0 0 0 0 0 0 0 0 0 0 0 0 0 0 0 0 0 0 0 0 0 0 0 0 0 0 0 0 0 0 0 0 0 0 0 0 0 0 0 0 0 0 0 0 0 0 0 0 0 0 0 0 0 0 0 0 0 0 0 0 0 0
0.4138816663824112 0 0 0 0 0 0 0 0 0 0 0 0 0 0 0 0 0 0 0 0 0 0 0 0 0 0 0 0 0 0 0 0 0 0 0 0 0 0 0 0 0 0 0 0 0 0 0 0 0 0 0 0 0 0 0 0 0 0 0.06822726089658404 0 0 0 0 0 0 0 0 0 0 0 0 0 0 0 0 0 0 0 0 0 0 0 0 0 0 0 0 0 0 0 0 0 0 0 0 0 0 0 0
0 0 0 0 0 0 0 0 0 0 0 0 0 0 0 0 0 0 0 0 0 0 0 0 0.03861061824184401 0 0 0 0 0 0.1092521523666126 0 0 0 0 0 0 0 0 0 0 0 0 0 0 0 0 0 0 0.04232511189891879 0 0 0 0 0 0 0 0 0 0 0 0 0.07352425365927134 0 0 0.02870754348517037 0 0 0 0 0 0 0 0 0 0 0 0 0 0 0 0 0 0 0 0 0 0 0 0 0 0 0 0 0 0 0 0 0 0
0 0 0 0 0 0 0 0 0 0 0 0 0 0 0 0 0 0 0 0 0 0 0 0 0 0 0 0 0.03643322986538052 0 0 0 0 0 0 0 0 0 0 0 0 0 0 0 0 0 0 0 0 0 0 0 0 0 0 0 0 0 0 0 0 0 0 0 0.7659188170620628 0 0 0 0 0 0 0 0 0 0 0 0 0 0 0 0 0 0 0 0 0 0 0 0 0 0 0 0 0 0 0 0 0 0 0
0 0 0 0 0 0 0 0 0 0 0 0 0 0 0 0 0 0 0.1309795080827621 0 0 0 0 0 0 0 0 0 0 0 0 0 0 0 0 0 0 0 0 0 0 0 0 0 0 0 0 0 0 0 0 0 0 0.2904700474773734 0 0 0 0 0 0 0 0 0 0.04619671327672478 0 0 0.1714411869759625 0 0 0.005404650875018226 0 0 0 0 0 0 0 0 0 0 0 0 0 0 0 0 0 0 0 0 0 0 0 0 0 0 0 0 0 0
0 0 0 0 0 0 0 0 0 0 0 0 0 0 0 0 0 0 0 0 0 0 0 0 0 0 0 0.4754246551347494 0 0 0 0 0 0 0 0 0 0 0 0 0 0 0 0 0 0 0 0 0 0 0 0 0 0 0 0 0 0 0 0 0 0 0 0 0 0 0 0 0 0 0.2085526075443205 0 0 0 0 0 0 0 0 0 0 0 0 0 0 0 0 0 0 0 0 0 0 0 0 0 0 0 0 0
0 0 0 0 0 0 0 0 0 0 0 0 0 0 0 0 0 0 0 0 0 0 0 0 0 0 0 0 0.001185243746340218 0 0 0 0 0 0 0 0 0 0 0 0 0 0 0 0 0 0 0 0 0 0 0 0 0 0 0 0 0 0 0 0 0 0 0 0.02491682706917277 0 0 0 0 0 0 0 0 0 0 0 0 0 0 0 0 0 0 0 0 0 0 0 0 0 0 0 0 0 0 0 0 0 0 0
0 0.03001581687052272 0 0 0 0 0 0 0 0 0 0 0 0 0 0 0 0 0 0 0.1171901931517278 0 0 0 0 0 0 0 0 0 0 0 0 0 0 0 0 0 0 0 0 0 0 0 0 0 0 0 0 0 0 0 0 0 0 0 0 0 0 0 0 0 0 0 0 0 0 0 0 0 0 0 0 0 0 0 0 0 0 0 0 0 0 0 0 0 0 0 0 0 0 0 0 0 0 0 0 0 0 0
0 0 0 0 0 0 0 0 0 0 0 0 0 0 0 0 0 0 0 0 0 0 0.02078849602738558 0 0 0 0 0 0 0 0 0 0 0 0 0 0 0 0 0 0 0 0 0 0 0 0 0 0 0 0 0 0.0698581033666847 0 0 0 0 0 0 0 0 0 0 0 0 0 0 0 0 0 0 0 0 0 0 0.02113100410080611 0 0.13475637531341 0 0 0 0 0 0 0 0 0 0 0 0 0 0 0 0 0 0 0 0 0 0.1345446409120389
0 0 0 0 0 0 0 0 0 0 0 0 0 0 0 0 0 0 0 0 0 0 0 0 0 0 0 0.08858331145931374 0 0 0 0 0 0 0 0 0 0 0 0 0 0 0 0 0 0 0 0 0 0 0 0 0 0 0 0 0 0 0 0 0 0 0 0 0 0 0 0 0 0 0.03885848239089411 0 0 0 0 0 0 0 0 0 0 0 0 0 0 0 0 0 0 0 0 0 0 0 0 0 0 0 0 0
0 0 0 0 0 0 0 0 0 0 0 0 0 0 0 0 0 0 0 0 0 0 0 0 0 0 0 0.4047156360061413 0 0 0 0 0 0 0 0 0 0 0 0 0 0 0 0 0 0 0 0 0 0 0 0 0 0 0 0 0 0 0 0 0 0 0 0 0 0 0 0 0 0 0.1775349685621923 0 0 0 0 0 0 0 0 0 0 0 0 0 0 0 0 0 0 0 0 0 0 0 0 0 0 0 0 0
0 0 0 0 0 0 0 0 0 0 0 0 0 0 0 0 0 0 0.1394070069258771 0 0 0 0 0 0 0 0 0 0 0 0 0 0 0 0 0 0 0 0 0 0 0 0 0 0 0 0 0 0 0 0 0 0 0.3091595052781184 0 0 0 0 0 0 0 0 0 0.04916910761072479 0 0 0.1824720758993598 0 0 0.005752397554352798 0 0 0 0 0 0 0 0 0 0 0 0 0 0 0 0 0 0 0 0 0 0 0 0 0 0 0 0 0 0
0.3969287437076036 0 0 0 0 0 0 0 0 0 0 0 0 0 0 0 0 0 0 0 0 0 0 0 0 0 0 0 0 0 0 0 0 0 0 0 0 0 0 0 0 0 0 0 0 0 0 0 0 0 0 0 0 0 0 0 0 0 0 0.06543261795333995 0 0 0 0 0 0 0 0 0 0 0 0 0 0 0 0 0 0 0 0 0 0 0 0 0 0 0 0 0 0 0 0 0 0 0 0 0 0 0 0
0 0 0 0 0 0 0 0 0 0 0 0 0 0 0 0 0 0 0 0 0 0 0 0 0 0 0 0 0 0 0 0 0 0 0 0 0 0 0 0 0 0 0 0 0 0.1826247034694431 0 0 0 0 0 0 0 0 0 0 0 0 0 0 0 0 0 0 0 0 0 0 0 0 0 0 0.1938978880740908 0 0 0 0 0 0 0 0 0 0 0 0 0 0 0 0 0 0 0 0 0 0 0 0 0 0 0
0 0 0 0 0 0 0 0 0 0 0 0 0 0 0 0 0 0 0 0 0 0 0.04042645194456387 0 0 0 0 0 0 0 0 0 0 0 0 0 0 0 0 0 0 0 0 0 0 0 0 0 0 0 0 0 0.1358499073223636 0 0 0 0 0 0 0 0 0 0 0 0 0 0 0 0 0 0 0 0 0 0 0.04109251196894081 0 0.262054653865035 0 0 0 0 0 0 0 0 0 0 0 0 0 0 0 0 0 0 0 0 0 0.2616429035108602
0 0 0 0 0 0 0 0 0 0 0 0 0 0 0 0 0 0 0 0 0 0 0.02532732565275954 0 0 0 0 0 0 0 0 0 0 0 0 0 0 0 0 0 0 0 0 0 0 0 0 0 0 0 0 0 0.08511048279401076 0 0 0 0 0 0 0 0 0 0 0 0 0 0 0 0 0 0 0 0 0 0 0.02574461478723052 0 0.1641782357344228 0 0 0 0 0 0 0 0 0 0 0 0 0 0 0 0 0 0 0 0 0 0.1639202725740118
0 0 0 0 0 0 0 0.006473744457169559 0 0 0.004837309062142079 0 0 0 0 0 0 0 0 0 0 0 0 0 0 0 0 0 0 0 0 0.003655162249266901 0 0 0 0 0 0 0 0 0 0 0 0 0 0 0 0.001461064154667527 0 0 0.001924423463380625 0 0 0 0 0 0 0 0 0 0 0 0 0 0 0 0 0 0 0 0 0 0 0 0 0 0 0 0 0 0 0 9.346909917432519e-05 0 0 0 0 0 0 0 0 0 0 0 0 0 0 0 0 0
0 0 0 0 0 0 0 0 0 0 0 0 0.04388366081180559 0 0 0 0 0.01169100923588203 0 0 0 0 0 0 0 0 0.0221954045638968 0 0 0.03948421512089694 0 0 0 0 0 0 0 0 0 0 0 0 0 0.1276972778003907 0 0 0 0 0 0 0 0 0 0 0 0 0 0 0.09516015837823064 0 0 0 0 0 0 0 0 0 0 0 0 0 0 0 0 0 0 0 0 0 0 0 0 0 0.1055961218770729 0.1448884079103777 0.08464743446250628 0 0 0 0 0 0 0 0 0 0 0 0 0
0 0 0 0 0 0 0 0 0 0 0 0 0 0 0 0 0 0 0 0 0 0 0 0 0 0 0 0.1161370079027727 0 0 0 0 0 0 0 0 0 0 0 0 0 0 0 0 0 0 0 0 0 0 0 0 0 0 0 0 0 0 0 0 0 0 0 0 0 0 0 0 0 0 0.050945350790976 0 0 0 0 0 0 0 0 0 0 0 0 0 0 0 0 0 0 0 0 0 0 0 0 0 0 0 0 0
0 0 0 0 0.1603993274417858 0 0 0 0 0 0 0 0 0 0 0 0 0 0 0 0 0 0 0 0 0 0 0 0 0 0 0 0 0 0 0 0 0 0 0 0 0 0 0 0 0 0 0 0.1696550184877698 0 0 0 0 0 0.1296813398231641 0 0.1204368802849469 0 0 0 0 0 0 0 0 0 0 0 0 0 0 0.1817829216007256 0 0 0 0 0 0 0 0 0 0 0 0 0 0 0 0 0.03316228154980455 0 0 0.1887645957262235 0 0 0 0 0.1339844957864003 0 0 0
0 0 0 0 0 0 0 0 0 0 0 0 0.06362118172133356 0 0 0 0 0.0169492656114447 0 0 0 0 0 0 0 0 0.03217821487578155 0 0 0.05724300067179043 0 0 0 0 0 0 0 0 0 0 0 0 0 0.1851315857876807 0 0 0 0 0 0 0 0 0 0 0 0 0 0 0.1379602707890676 0 0 0 0 0 0 0 0 0 0 0 0 0 0 0 0 0 0 0 0 0 0 0 0 0 0.1530900096922183 0.2100547574759539 0.1227192469944306 0 0 0 0 0 0 0 0 0 0 0 0 0
0 0 0 0 0 0 0 0.1857933257790157 0 0 0.1388284237078604 0 0 0 0 0 0 0 0 0 0 0 0 0 0 0 0 0 0 0 0 0.1049013835881502 0 0 0 0 0 0 0 0 0 0 0 0 0 0 0 0.04193183253805349 0 0 0.05523001994196468 0 0 0 0 0 0 0 0 0 0 0 0 0 0 0 0 0 0 0 0 0 0 0 0 0 0 0 0 0 0 0 0.002682517808365768 0 0 0 0 0 0 0 0 0 0 0 0 0 0 0 0 0
0 0 0 0 0 0 0 0 0 0 0 0 0 0 0 0 0 0 0 0 0 0 0 0 0.1489108542143812 0 0 0 0 0 0.4213564059443309 0 0 0 0 0 0 0 0 0 0 0 0 0 0 0 0 0 0 0.1632366653159879 0 0 0 0 0 0 0 0 0 0 0 0 0.2835634319372672 0 0 0.1107173367698204 0 0 0 0 0 0 0 0 0 0 0 0 0 0 0 0 0 0 0 0 0 0 0 0 0 0 0 0 0 0 0 0 0 0
0 0 0 0 0 0 0 0 0 0 0 0 0.01787641965424311 0 0 0 0 0.004762441952564629 0 0 0 0 0 0 0 0 0.009041505631936288 0 0 0.01608426430617386 0 0 0 0 0 0 0 0 0 0 0 0 0 0.05201868040257334 0 0 0 0 0 0 0 0 0 0 0 0 0 0 0.03876438050209004 0 0 0 0 0 0 0 0 0 0 0 0 0 0 0 0 0 0 0 0 0 0 0 0 0 0.04301556783583863 0.05902164803316237 0.03448192409462165 0 0 0 0 0 0 0 0 0 0 0 0 0
0 0 0 0 0 0 0 0 0 0 0 0 0 0 0 0 0 0 0 0 0 0 0 0 0 0 0 0 0 0 0 0 0 0 0 0 0 0 0 0 0 0 0 0 0 0.2685428355284339 0 0 0 0 0 0 0 0 0 0 0 0 0 0 0 0 0 0 0 0 0 0 0 0 0 0 0.2851196342947306 0 0 0 0 0 0 0 0 0 0 0 0 0 0 0 0 0 0 0 0 0 0 0 0 0 0 0
0 0 0 0 0 0 0 0 0 0 0 0 0 0 0 0 0 0 0.002777441523000535 0 0 0 0 0 0 0 0 0 0 0 0 0 0 0 0 0 0 0 0 0 0 0 0 0 0 0 0 0 0 0 0 0 0 0.006159464047932012 0 0 0 0 0 0 0 0 0 0.0009796087308546846 0 0 0.00363543792788304 0 0 0.000114606490567301 0 0 0 0 0 0 0 0 0 0 0 0 0 0 0 0 0 0 0 0 0 0 0 0 0 0 0 0 0 0
0.571658682681923 0 0 0 0 0 0 0 0 0 0 0 0 0 0 0 0 0 0 0 0 0 0 0 0 0 0 0 0 0 0 0 0 0 0 0 0 0 0 0 0 0 0 0 0 0 0 0 0 0 0 0 0 0 0 0 0 0 0 0.09423637057433722 0 0 0 0 0 0 0 0 0 0 0 0 0 0 0 0 0 0 0 0 0 0 0 0 0 0 0 0 0 0 0 0 0 0 0 0 0 0 0 0
0 0 0 0 0 0.3692891290951611 0 0 0 0.1616398994543663 0 0 0 0 0 0 0 0 0 0 0 0 0 0 0 0 0 0 0 0 0 0 0 0 0 0 0.3034220667677524 0 0 0 0 0 0 0 0.2788527132410706 0 0 0 0 0 0 0 0 0 0 0 0 0 0 0 0.3636328684224406 0 0 0 0 0 0 0 0 0 0 0 0 0 0 0 0 0 0.2733168650741728 0 0 0 0 0 0 0 0 0 0 0.09654309291967161 0.3899903467177345 0 0 0 0 0.1429683242840832 0 0 0 0
0 0 0 0 0 0 0 0 0 0 0 0 0 0.007102090607660705 0.005662560466403881 0 0 0 0 0 0 0 0 0 0 0 0 0 0 0 0 0 0 0 0 0 0 0 0 0 0 0 0 0 0 0 0 0 0 0 0 0.003073806901774753 0 0 0 0 0 0 0 0 0 0.007271326303295666 0 0 0 0 0 0 0 0 0 0 0 0 0 0 0 0 0 0 0 0 0 0 0 0 0 0.00170499000326577 0 0 0 0 0.003556989542396289 0 0 0 0 0 0 0
0 0 0 0 0 0 0 0 0 0 0 0 0 0 0 0 0 0 0 0 0 0 0.04758195889174365 0 0 0 0 0 0 0 0 0 0 0 0 0 0 0 0 0 0 0 0 0 0 0 0 0 0 0 0 0 0.1598954247709859 0 0 0 0 0 0 0 0 0 0 0 0 0 0 0 0 0 0 0 0 0 0 0.04836591195155698 0 0.3084384893508548 0 0 0 0 0 0 0 0 0 0 0 0 0 0 0 0 0 0 0 0 0 0.3079538589298405
0 0 0 0 0 0 0 0 0 0 0 0 0 0 0 0 0 0 0.1430515033812049 0 0 0 0 0 0 0 0 0 0 0 0 0 0 0 0 0 0 0 0 0 0 0 0 0 0 0 0 0 0 0 0 0 0 0.3172418158158957 0 0 0 0 0 0 0 0 0 0.05045452821009393 0 0 0.187242415988256 0 0 0.005902781620109423 0 0 0 0 0 0 0 0 0 0 0 0 0 0 0 0 0 0 0 0 0 0 0 0 0 0 0 0 0 0
0.4815089494836554 0 0 0 0 0 0 0 0 0 0 0 0 0 0 0 0 0 0 0 0 0 0 0 0 0 0 0 0 0 0 0 0 0 0 0 0 0 0 0 0 0 0 0 0 0 0 0 0 0 0 0 0 0 0 0 0 0 0 0.07937543358131598 0 0 0 0 0 0 0 0 0 0 0 0 0 0 0 0 0 0 0 0 0 0 0 0 0 0 0 0 0 0 0 0 0 0 0 0 0 0 0 0
0 0 0 0 0 0 0 0 0 0 0 0 0 0 0 0.4396552560430908 0 0 0 0 0 0 0 0 0 0 0 0 0 0 0 0 0 0 0 0 0 0 0.002279788492907596 0 0 0 0 0 0 0 0 0 0 0 0 0 0 0 0 0 0 0 0 0 0 0 0 0 0 0 0 0 0 0 0 0 0 0 0.4823722590624629 0 0 0 0 0 0 0.06217350368330122 0 0 0 0 0 0 0 0 0 0 0 0 0.476462661018586 0 0 0.4857306366722001 0.3269870287133789 0
0.2933416495725933 0 0 0 0 0 0 0 0 0 0 0 0 0 0 0 0 0 0 0 0 0 0 0 0 0 0 0 0 0 0 0 0 0 0 0 0 0 0 0 0 0 0 0 0 0 0 0 0 0 0 0 0 0 0 0 0 0 0 0.04835656875589063 0 0 0 0 0 0 0 0 0 0 0 0 0 0 0 0 0 0 0 0 0 0 0 0 0 0 0 0 0 0 0 0 0 0 0 0 0 0 0 0
0 0 0 0 0 0 0 0 0 0 0 0 0 0 0 0 0 0 0 0 0 0 0 0 0 0 0 0 0 0 0 0 0 0 0.01845803254720861 0.521679535854728 0 0 0 0 0 0 0 0 0 0 0.2233767326070236 0 0 0 0 0 0 0 0 0 0 0.4178718862519747 0 0 0 0 0 0 0 0 0 0 0 0 0 0 0 0.4105370735159723 0 0 0 0 0 0 0 0 0 0 0 0 0 0 0 0 0 0 0 0.5783208419068517 0 0 0 0 0 0
0 0 0 0.07476633663637468 0 0 0.06452724806023045 0 0 0 0 0 0 0 0 0 0 0 0 0 0 0 0 0 0 0 0 0 0 0 0 0 0 0.02383154228555008 0 0 0 0.1332746201695405 0 0 0.06974544284019574 0.1053600956583896 0 0 0 0 0 0 0 0 0 0 0 0 0 0 0 0 0 0 0 0 0 0 0 0 0 0.07292733998245975 0 0 0 0 0 0 0 0 0 0 0 0 0 0 0 0.07619903243327249 0 0 0 0 0 0 0 0 0 0 0 0 0 0 0 0
0 0 0 0 0 0 0 0 0 0 0 0 0.05866702102068802 0 0 0 0 0.01562943181827789 0 0 0 0 0 0 0 0 0.0296725077631287 0 0 0.05278550685224202 0 0 0 0 0 0 0 0 0 0 0 0 0 0.1707154494956073 0 0 0 0 0 0 0 0 0 0 0 0 0 0 0.1272173494332948 0 0 0 0 0 0 0 0 0 0 0 0 0 0 0 0 0 0 0 0 0 0 0 0 0 0.1411689404954745 0.1936978619214337 0.1131631391978859 0 0 0 0 0 0 0 0 0 0 0 0 0
0 0 0 0 0 0 0 0 0 0 0 0 0 0 0 0 0 0 0.07790705787204671 0 0 0 0 0 0 0 0 0 0 0 0 0 0 0 0 0 0 0 0 0 0 0 0 0 0 0 0 0 0 0 0 0 0 0.1727725743527519 0 0 0 0 0 0 0 0 0 0.02747796252581748 0 0 0.1019738023977699 0 0 0.003214704763070244 0 0 0 0 0 0 0 0 0 0 0 0 0 0 0 0 0 0 0 0 0 0 0 0 0 0 0 0 0 0
0 0 0.6430151762910116 0 0 0 0 0 0 0 0 0 0 0 0 0 0 0 0 0 0 0 0 0.05340539411503109 0 0 0 0 0 0 0 0 0.5321669250290608 0 0 0 0 0 0 0 0 0 0 0 0 0 0 0 0 0 0 0 0 0 0 0.3275211634403441 0 0 0 0 0 0 0 0 0 0 0 0 0 0 0 0 0 0 0 0 0 0 0 0 0 0 0 0 0 0 0 0 0 0 0 0 0 0 0 0 0 0 0 0
0 0 0 0 0.224494909785472 0 0 0 0 0 0 0 0 0 0 0 0 0 0 0 0 0 0 0 0 0 0 0 0 0 0 0 0 0 0 0 0 0 0 0 0 0 0 0 0 0 0 0 0.2374491756138278 0 0 0 0 0 0.181502012189087 0 0.1685634659797788 0 0 0 0 0 0 0 0 0 0 0 0 0 0 0.2544233896498443 0 0 0 0 0 0 0 0 0 0 0 0 0 0 0 0 0.046413931551588 0 0 0.2641949412389496 0 0 0 0 0.1875247095729656 0 0 0
0 0 0 0.0571576771568452 0 0 0.04933005652509063 0 0 0 0 0 0 0 0 0 0 0 0 0 0 0 0 0 0 0 0 0 0 0 0 0 0 0.01821883566038559 0 0 0 0.1018863308750864 0 0 0.05331928357556623 0.08054612013619401 0 0 0 0 0 0 0 0 0 0 0 0 0 0 0 0 0 0 0 0 0 0 0 0 0 0.05575179341603544 0 0 0 0 0 0 0 0 0 0 0 0 0 0 0 0.05825295034404605 0 0 0 0 0 0 0 0 0 0 0 0 0 0 0 0
0 0 0.1667263350830828 0 0 0 0 0 0 0 0 0 0 0 0 0 0 0 0 0 0 0 0 0.0138473957734973 0 0 0 0 0 0 0 0 0.1379846764648893 0 0 0 0 0 0 0 0 0 0 0 0 0 0 0 0 0 0 0 0 0 0 0.08492241747314926 0 0 0 0 0 0 0 0 0 0 0 0 0 0 0 0 0 0 0 0 0 0 0 0 0 0 0 0 0 0 0 0 0 0 0 0 0 0 0 0 0 0 0 0
0 0 0 0 0 0 0 0.2241891877027629 0 0 0.1675185661843374 0 0 0 0 0 0 0 0 0 0 0 0 0 0 0 0 0 0 0 0 0.1265801980610195 0 0 0 0 0 0 0 0 0 0 0 0 0 0 0 0.0505974228954582 0 0 0.06664380033932807 0 0 0 0 0 0 0 0 0 0 0 0 0 0 0 0 0 0 0 0 0 0 0 0 0 0 0 0 0 0 0 0.003236884241853864 0 0 0 0 0 0 0 0 0 0 0 0 0 0 0 0 0
0 0 0 0 0 0 0 0 0 0 0 0 0 0 0 0 0 0 0 0 0 0 0 0 0 0 0 0 0 0 0 0 0 0 0 0 0 0 0 0 0 0 0 0 0 0.05738371187711249 0 0 0 0 0 0 0 0 0 0 0 0 0 0 0 0 0 0 0 0 0 0 0 0 0 0 0.06092593352074045 0 0 0 0 0 0 0 0 0 0 0 0 0 0 0 0 0 0 0 0 0 0 0 0 0 0 0
