0 0 0 0 0 0 0 0 0.444834619228262 0 0 0 0 0 0 0 0 0 0 0
0.1683746350074064 0 0 0 0 0 0 0 0 0 0 0 0 0 0 0 0 0 0 0
0 0 0.06447358713976761 0 0 0 0 0 0 0 0 0 0 0 0 0 0 0 0 0
0 0 0 0.268483352310091 0 0 0 0 0 0 0 0 0 0 0 0 0 0 0 0
0 0 0 0 0 0 0 0.9559959689730773 0 0 0 0 0 0 0 0 0 0 0 0
0 0 0 0 0 0 0 0 0.4231556171166746 0 0 0 0 0 0 0 0 0 0 0
0 0 0 0 0.6955689311165023 0 0 0 0 0 0 0 0 0 0 0 0 0 0 0
0.373395831378323 0 0 0 0 0 0 0 0 0 0 0 0 0 0 0 0 0 0 0
0 0 0 0 0 0 0 0 0.3450175294133955 0 0 0 0 0 0 0 0 0 0 0
0 0 0.1383204244228715 0 0 0 0 0 0 0 0 0 0 0 0 0 0 0 0 0
0 0 0 0 0 0 0 0 0 0 0 0 0 0 0 0 0.9059690776661307 0 0 0
0 0 0 0 0 0 0.5256855390768637 0 0 0 0 0 0 0 0 0 0 0 0 0
0 0 0 0 0 0 0 0 0 0 0 0 0 0 0 0 0 0.6079349349792758 0 0
0 0.0271225352023889 0 0 0 0 0 0 0 0 0 0 0 0 0 0 0 0 0 0
0 0 0 0.6822726793757848 0 0 0 0 0 0 0 0 0 0 0 0 0 0 0 0
0 0.2924483363558275 0 0 0 0 0 0 0 0 0 0 0 0 0 0 0 0 0 0
0 0 0 0 0 0 0 0 0 0 0 0 0 0 0 0 0 0 0 0.4267185109194869
0 0 0 0 0 0 0 0 0 0 0 0 0 0.1925829327089454 0 0 0 0 0 0
0 0 0 0 0 0 0 0 0 0 0 0 0 0.509434854608143 0 0 0 0 0 0
0.4177693264481491 0 0 0 0 0 0 0 0 0 0 0 0 0 0 0 0 0 0 0
0 0 0 0 0 0 0 0 0 0 0 0 0 0 0 0 0 0 0 0.5987939255539224
0 0 0 0 0 0.4850574015838637 0 0 0 0 0 0 0 0 0 0 0 0 0 0
0 0 0.3127327458420232 0 0 0 0 0 0 0 0 0 0 0 0 0 0 0 0 0
0 0 0 0 0 0 0 0 0 0 0 0 0 0 0 0 0 0 0.1806416843641123 0
0 0 0 0 0 0.07991001290644895 0 0 0 0 0 0 0 0 0 0 0 0 0 0
0.3780561389526414 0 0 0 0 0 0 0 0 0 0 0 0 0 0 0 0 0 0 0
0 0 0 0 0.2103431709319397 0 0 0 0 0 0 0 0 0 0 0 0 0 0 0
0 0 0 0 0 0 0 0 0 1 0 0 0 0 0 0 0 0 0 0
0 0 0 0 0 0 0 0 0 0 0 0.08585453711319029 0 0 0 0 0 0 0 0
0 0 0 0 0 0 0 0 0 0 0 0.4094460136973856 0 0 0 0 0 0 0 0
0 0 0.2891063577290679 0 0 0 0 0 0 0 0 0 0 0 0 0 0 0 0 0
0 0 0 0 0 0 0 0 0 0 0 0 0 0.2528047759104744 0 0 0 0 0 0
0.2984506795358859 0 0 0 0 0 0 0 0 0 0 0 0 0 0 0 0 0 0 0
0 0 0 0 0 0 0 0 0 0 0 0 0 0.3142755714001012 0 0 0 0 0 0
0 0 0 0 0 0 0 0 0 0 0 0 0 0 0 0 0 0 0.3608691579592777 0
0 0 0 0 0 0 0 0 0 0 0 0 0 0 0 0 0 0 0.08457924201537059 0
0 0 0.5637449079536224 0 0 0 0 0 0 0 0 0 0 0 0 0 0 0 0 0
0 0 0 0 0 0 0 0.2933798004417259 0 0 0 0 0 0 0 0 0 0 0 0
0 0 0 0 0 0 0 0 0 0 0 0 0 0 0 0 0 0 0.2139577095202182 0
0 0 0 0 0 0 0 0 0 0 0 0 0 0 0 0.5917491707564692 0 0 0 0
0 0 0 0 0 0 0 0 0 0 0 0 0 0 0 0 0 0.4238199178617033 0 0
0 0 0 0 0 0 0 0 0 0 0 0 0 0 0 0.284381373929066 0 0 0 0
0 0 0 0 0 0.550573447762211 0 0 0 0 0 0 0 0 0 0 0 0 0 0
0 0 0 0 0 0 0 0 0.5958345980135613 0 0 0 0 0 0 0 0 0 0 0
0 0 0 0 0 0 0 0 0 0 0 0 0 0.3794676817395839 0 0 0 0 0 0
0 0 0.6629619891097757 0 0 0 0 0 0 0 0 0 0 0 0 0 0 0 0 0
0 0 0 0 0 0 0 0 0.3571830837682617 0 0 0 0 0 0 0 0 0 0 0
0 0 0 0 0 0 0 0 0.1463754286618585 0 0 0 0 0 0 0 0 0 0 0
0 0 0 0 0 0 0 0 0 0 0 0 0 0 0 0 0 0 0.3529476673097229 0
0.3436994852159156 0 0 0 0 0 0 0 0 0 0 0 0 0 0 0 0 0 0 0
0 0 0 0 0 0 0.4001990059825812 0 0 0 0 0 0 0 0 0 0 0 0 0
0 0 0 0 0 0 0 0 0 0 0 0 0 0 0 0 0 0.2427846529406575 0 0
0 0 0 0 0 0 0 0 0 0 0 0 0 0 0 0 0 0 0.3835129264231792 0
0.5176208889158189 0 0 0 0 0 0 0 0 0 0 0 0 0 0 0 0 0 0 0
0 0 0 0 0 0 0 0 0 0 0 0 0 0.608741185928441 0 0 0 0 0 0
0 0 0 0.1065475990196414 0 0 0 0 0 0 0 0 0 0 0 0 0 0 0 0
0 0 0 0 0 0 0 0 0 0 0 0 0 0 0 0 0 0 0.4287068831125966 0
0 0.5246495190136622 0 0 0 0 0 0 0 0 0 0 0 0 0 0 0 0 0 0
0 0 0 0 0 0 0 0 0 0 0 0 0 0 0 0.7523423129526278 0 0 0 0
0 0 0 0 0 0 0 0 0 0 0 0 0 0 0.1588911270523117 0 0 0 0 0
0.01459738628326389 0 0 0 0 0 0 0 0 0 0 0 0 0 0 0 0 0 0 0
0.1371195246399358 0 0 0 0 0 0 0 0 0 0 0 0 0 0 0 0 0 0 0
0 0 0 0 0 0 0 0 0 0 0 0 0 0 0 0 0 0.3661656473498288 0 0
0 0 0 0 0 0 0 0 0 0 0 0.4926932095193264 0 0 0 0 0 0 0 0
0 0 0.194934450776459 0 0 0 0 0 0 0 0 0 0 0 0 0 0 0 0 0
0 0 0 0 0 0 0 0 0 0 0 0.567334578232905 0 0 0 0 0 0 0 0
0 0 0 0 0 0 0 0 0 0 0 0.01091099261720112 0 0 0 0 0 0 0 0
0 0 0 0 0 0 0 0 0 0 0 0 0 0 0 0 0.2179860208073084 0 0 0
0 0 0 0 0 0 0 0 0 0 0 0 0 0 0 0 0.362907874047087 0 0 0
0 0 0 0 0 0 0 0 0 0 0 0 0 0 0 0 0 0.5077106686419028 0 0
0 0 0 0 0 0 0 0 0 0 0 0.07984334505596112 0 0 0 0 0 0 0 0
0 0.08426988648951647 0 0 0 0 0 0 0 0 0 0 0 0 0 0 0 0 0 0
0.0598654805736645 0 0 0 0 0 0 0 0 0 0 0 0 0 0 0 0 0 0 0
0 0 0 0 0.5647684038947036 0 0 0 0 0 0 0 0 0 0 0 0 0 0 0
0 0 0 0 0 0 0 0 0 0 0 0.007346816155307775 0 0 0 0 0 0 0 0
0 0.6717483529336618 0 0 0 0 0 0 0 0 0 0 0 0 0 0 0 0 0 0
0 0 0 0 0 0 0 0 0 0 0 0.118951925834941 0 0 0 0 0 0 0 0
0 0 0 0 0 0.4571236354516265 0 0 0 0 0 0 0 0 0 0 0 0 0 0
0 0 0 0.4516867267450753 0 0 0 0 0 0 0 0 0 0 0 0 0 0 0 0
0 0 0 0 0 0 0 0 0 0 0 0 0 0 0 0 0 0 0 0.6777589152186635
0 0 0 0 0.3911218000444008 0 0 0 0 0 0 0 0 0 0 0 0 0 0 0
0 0 0 0 0 0 0 0 0 0 0 0 0.5927940028480613 0 0 0 0 0 0 0
0 0 0 0.01443277734845031 0 0 0 0 0 0 0 0 0 0 0 0 0 0 0 0
0 0.337754080293889 0 0 0 0 0 0 0 0 0 0 0 0 0 0 0 0 0 0
0 0 0 0 0 0 0 0 0 0 0 0 0.4067786369979635 0 0 0 0 0 0 0
0 0 0 0 0 0 0.7506633530524993 0 0 0 0 0 0 0 0 0 0 0 0 0
0 0 0 0 0 0 0 0 0 0 0 0.2224300510940758 0 0 0 0 0 0 0 0
0 0 0 0 0 0 0 0 0 0 0 0.4361137058754802 0 0 0 0 0 0 0 0
0 0 0 0 0 0 0 0 0 0 0 0 0 0.1617003417040851 0 0 0 0 0 0
0 0.2570138880535889 0 0 0 0 0 0 0 0 0 0 0 0 0 0 0 0 0 0
0 0 0 0 0 0 0 0 0 0 0 0 0.1502928387127505 0 0 0 0 0 0 0
0 0 0 0 0 0 0 0 0 0 0 0 0 0 0 0.05423280568381305 0 0 0 0
0 0 0 0 0 0.494567820961366 0 0 0 0 0 0 0 0 0 0 0 0 0 0
0 0 0 0.496829030425158 0 0 0 0 0 0 0 0 0 0 0 0 0 0 0 0
0 0 0 0 0 0 0 0 0 0 1 0 0 0 0 0 0 0 0 0
0 0 0 0 0 0.0405368721813632 0 0 0 0 0 0 0 0 0 0 0 0 0 0
0 0 0 0 0 0 0 0 0 0 0 0 0 0 0.9872961104673948 0 0 0 0 0
0 0 0 0 0 0 0 0 0 0 0 0 0 0 0 0 0 0 0.5733817845377217 0
0.1305206063864016 0 0 0 0 0 0 0 0 0 0 0 0 0 0 0 0 0 0 0
0 0 0 0 0 0 0 0 0 0 0 0 0.6786298499927003 0 0 0 0 0 0 0
