0 0 0 0 0 0 0 0 0 0 0 0 0 0 0 0 0 0 0 0 0 0 0 0 0 0 0 0 0 0 0 0 0.4583614206990891 0.3931763424640348 0 0 0 0 0 0 0 0.1468144849249607 0 0 0 0 0 0 0 0
0 0 0 0 0 0.4919494570672023 0 0 0 0 0 0 0 0 0 0 0 0 0 0 0 0 0 0 0 0 0 0 0 0 0 0.2928863650388796 0 0 0 0 0 0 0 0 0 0 0 0 0 0 0 0 0 0
0 0 0 0 0 0 0 0 0 0.6509145295142601 0 0.07793138724929767 0 0 0 0 0.3969294494253985 0 0 0 0 0 0 0 0 0 0 0 0 0 0 0 0 0 0 0 0 0 0 0 0 0 0.2003732593472081 0 0 0.6103560790768416 0 0 0 0
0 0 0 0 0 0 0 0 0 0 0 0 0 0 0 0 0 0 0 0 0 0 0 0 0 0 0 0.5071691630210912 0 0 0 0 0 0 0 0 0 0 0 0 0 0 0 0 0 0 0 0 0 0
0 0 0 0 0 0.7044797692692105 0 0 0 0 0 0 0 0 0 0 0 0 0 0 0 0 0 0 0 0 0 0 0 0 0 0.4194181249731551 0 0 0 0 0 0 0 0 0 0 0 0 0 0 0 0 0 0
0 0 0 0 0 0 0 0 0 0 0 0 0 0 0 0 0 0 0 0 0 0 0 0 0 0 0 0 0 0 0 0 0 0 0 0.02350181263746488 0 0 0 0 0 0 0 0 0 0 0 0 0.6721583725045676 0
0 0 0.08945134123257309 0 0 0 0 0.09571725485552578 0 0 0 0 0 0.1191342501372149 0 0 0 0 0 0 0 0 0 0 0 0 0 0 0 0 0 0 0 0 0 0 0.1428595007467048 0 0 0 0 0 0 0 0 0 0 0 0 0
0 0 0 0 0 0 0 0 0 0 0 0 0 0 0 0.5297958649503515 0 0 0 0 0 0 0 0 0 0 0 0 0 0 0 0 0 0 0 0 0 0 0 0 0 0 0 0 0 0 0 0 0 0
0 0 0 0 0 0 0 0 0 0 0 0 0 0 0 0 0 0 0 0 0 0 0 0 0 0 0 0 0 0 0 0 0 0 0 0 0 0.6384070398940392 0 0 0 0 0 0 0 0 0 0 0 0
0.01086213288384514 0 0 0 0 0 0 0 0 0 0 0 0 0 0 0 0 0 0 0.006684422455012931 0 0.01060333958931935 0 0 0 0 0 0 0 0 0 0 0 0 0 0 0 0 0 0 0 0 0 0 0 0 0 0 0 0
0 0 0.2351274051650989 0 0 0 0 0.2515976781744546 0 0 0 0 0 0.3131504426325235 0 0 0 0 0 0 0 0 0 0 0 0 0 0 0 0 0 0 0 0 0 0 0.3755134719156403 0 0 0 0 0 0 0 0 0 0 0 0 0
0 0 0 0 0 0 0 0 0 0 0 0 0 0 0 0.8481251921040366 0 0 0 0 0 0 0 0 0 0 0 0 0 0 0 0 0 0 0 0 0 0 0 0 0 0 0 0 0 0 0 0 0 0
0 0 0 0.1521132832811481 0 0 0 0 0 0 0 0 0 0 0 0 0 0 0.5900422752189682 0 0 0 0 0 0 0 0 0 0 0 0.09666321606161456 0 0 0 0 0 0 0 0 0 0 0 0 0 0 0 0 0 0 0
0 0 0 0 0 0 0 0 0.3228931698786482 0 0 0 0 0 0 0 0 0 0 0 0 0 0 0.946435418211786 0 0 0 0 0 0 0 0 0 0 0 0 0 0 0 0 0 0 0 0 0 0 0 0 0 0
0.6548042005436566 0 0 0 0 0 0 0 0 0 0 0 0 0 0 0 0 0 0 0.4029584197280947 0 0.6392033109080629 0 0 0 0 0 0 0 0 0 0 0 0 0 0 0 0 0 0 0 0 0 0 0 0 0 0 0 0
0 0 0 0 0 0 0 0 0 0 0 0 0 0 0 0 0 0.6738206505971188 0 0 0 0 0 0 0 0 0 0 0 0 0 0 0 0 0 0 0 0 0 0 0 0 0 0 0 0 0 0 0 0
0 0 0 0 0 0 0 0 0 0 0 0 0 0 0 0 0 0 0 0 0 0 0 0 0.005491582882843226 0.1162339157723813 0 0 0.07086961408976655 0.1573348557871053 0 0 0 0 0 0 0 0 0 0 0 0 0 0.0725897985476235 0 0 0 0 0 0
0 0 0 0 0 0 0 0 0 0 0 0 0 0 0 0 0 0.7388949389655307 0 0 0 0 0 0 0 0 0 0 0 0 0 0 0 0 0 0 0 0 0 0 0 0 0 0 0 0 0 0 0 0
0 0 0 0 0 0 0 0 0 0 0 0 0 0 0 0 0 0 0 0 0 0 0 0 0 0 0 0 0 0 0 0 0 0 0 0 0 0.3996778638774746 0 0 0 0 0 0 0 0 0 0 0 0
0 0 0 0 0 0 0 0 0 0 0.677073878031779 0 0 0 0 0 0 0 0 0 0 0 0 0 0 0 0 0 0 0 0 0 0 0 0 0 0 0 0 0 0.6385283048651219 0 0 0 0 0 0 0 0 0
0 0 0 0.1444730901633886 0 0 0 0 0 0 0 0 0 0 0 0 0 0 0.5604062248157764 0 0 0 0 0 0 0 0 0 0 0 0.09180811319246249 0 0 0 0 0 0 0 0 0 0 0 0 0 0 0 0 0 0 0
0 0 0 0 0.05872198748177011 0 0 0 0 0 0 0 0 0 0 0 0 0 0 0 0 0 0 0 0 0 0 0 0 0 0 0 0 0 0 0 0 0 0 0 0 0 0 0 0 0 0 0.158683232005294 0 0
0 0 0 0 0 0 0 0 0 0 0 0 0 0 0 0 0 0 0 0 0 0 0 0 0.0117633817832702 0.2489817519948059 0 0 0.15180802059375 0.3370230434328336 0 0 0 0 0 0 0 0 0 0 0 0 0 0.1554927845219495 0 0 0 0 0 0
0 0 0 0 0 0 0 0 0 0 0 0 0 0 0 0 0 0 0 0 0 0 0.7882094389118935 0 0 0 0 0 0 0 0 0 0 0 0 0 0 0 0 0 0 0 0 0 0.6154070851153715 0 0 0 0 0
0 0.8239239644752903 0 0 0 0 0 0 0 0 0 0 0 0 0 0 0 0 0 0 0 0 0 0 0 0 0 0 0 0 0 0 0 0 0 0 0 0 0 0.2729129161070913 0 0 0 0 0 0 0 0 0 0
0 0 0 0 0 0 0 0 0 0 0 0 0 0 0 0 0 0 0 0 0 0 0 0 0 0 0 0 0 0 0 0 0 0 0 0 0 0.6577948438077555 0 0 0 0 0 0 0 0 0 0 0 0
0 0 0 0 0 0 0 0 0 0 0 0 0 0 0 0 0 0 0 0 0 0 0 0 0 0 0 0 0 0 0 0 0 0 0 0.02375850569521401 0 0 0 0 0 0 0 0 0 0 0 0 0.6794998652903123 0
0 0 0 0 0 0 0 0 0 0 0 0 0 0 0 0 0 0 0 0 0 0 0 0 0 0 0 0.7649288046675987 0 0 0 0 0 0 0 0 0 0 0 0 0 0 0 0 0 0 0 0 0 0
0 0 0 0 0.200433901644598 0 0 0 0 0 0 0 0 0 0 0 0 0 0 0 0 0 0 0 0 0 0 0 0 0 0 0 0 0 0 0 0 0 0 0 0 0 0 0 0 0 0 0.5416284543548506 0 0
0 0 0 0 0 0 0.2230770634482169 0 0 0 0 0 0 0 0 0 0 0 0 0 0 0 0 0 0 0 0.5171394320309152 0 0 0 0 0 0 0 0 0 0 0 0 0 0 0 0 0 0 0 0.05553427580890402 0 0 0
0 0 0 0 0 0 0 0 0 0 0 0 0 0 0 0 0 0 0 0 0 0 0 0 0.01649699186327052 0.3491725434434797 0 0 0.2128958939406355 0.4726418395391474 0 0 0 0 0 0 0 0 0 0 0 0 0 0.2180634147829865 0 0 0 0 0 0
0 0 0 0 0 0 0 0 0 0 0 0 0 0 0 0 0 0 0 0 0 0 0 0 0.0134168229136828 0.2839782076956559 0 0 0.1731459002784174 0.3843944347704159 0 0 0 0 0 0 0 0 0 0 0 0 0 0.1773485884181231 0 0 0 0 0 0
0 0 0 0 0 0 0 0 0 0 0 0 0 0 0 0 0 0 0 0 0.2716578664614571 0 0 0 0 0 0 0 0 0 0 0 0 0 0 0 0 0 0.1981155652800897 0 0 0 0 0 0 0 0 0 0 0
0 0.4044035729891165 0 0 0 0 0 0 0 0 0 0 0 0 0 0 0 0 0 0 0 0 0 0 0 0 0 0 0 0 0 0 0 0 0 0 0 0 0 0.1339528441303113 0 0 0 0 0 0 0 0 0 0
0 0 0 0 0 0 0 0 0 0 0 0 0 0 0 0 0 0 0 0 0 0 0 0 0 0 0 0 0 0 0 0 0 0 0 0.01002303223695832 0 0 0 0 0 0 0 0 0 0 0 0 0.2866615073432667 0
0 0 0 0 0 0 0 0 0 0 0.2661665655265771 0 0 0 0 0 0 0 0 0 0 0 0 0 0 0 0 0 0 0 0 0 0 0 0 0 0 0 0 0 0.2510137983634922 0 0 0 0 0 0 0 0 0
0 0 0 0 0 0 0 0 0 0 0 0 0 0 0 0 0 0 0 0 0 0 0 0 0 0 0 0.3970684624473272 0 0 0 0 0 0 0 0 0 0 0 0 0 0 0 0 0 0 0 0 0 0
0 0 0 0 0 0 0 0 0 0 0 0 0 0 0 0 0 0 0 0 0 0 0 0 0 0 0 0 0 0 0 0 0.5581173091925592 0.4787456194710134 0 0 0 0 0 0 0 0.1787665836968496 0 0 0 0 0 0 0 0
0 0 0.3021382315137525 0 0 0 0 0.3233024984187575 0 0 0 0 0 0.4023976740112623 0 0 0 0 0 0 0 0 0 0 0 0 0 0 0 0 0 0 0 0 0 0 0.4825340382356318 0 0 0 0 0 0 0 0 0 0 0 0 0
0 0 0 0.1290612612096633 0 0 0 0 0 0 0 0 0 0 0 0 0 0 0.5006242621561834 0 0 0 0 0 0 0 0 0 0 0 0.08201437973326739 0 0 0 0 0 0 0 0 0 0 0 0 0 0 0 0 0 0 0
0 0 0 0 0 0 0 0 0 0 0 0 0 0 0 0 0 0 0 0 0.7609241936932725 0 0 0 0 0 0 0 0 0 0 0 0 0 0 0 0 0 0.5549293629243303 0 0 0 0 0 0 0 0 0 0 0
0 0.2423586235329308 0 0 0 0 0 0 0 0 0 0 0 0 0 0 0 0 0 0 0 0 0 0 0 0 0 0 0 0 0 0 0 0 0 0 0 0 0 0.08027779448579993 0 0 0 0 0 0 0 0 0 0
0 0 0 0 0 0 0.3249783360837096 0 0 0 0 0 0 0 0 0 0 0 0 0 0 0 0 0 0 0 0.7533679596947588 0 0 0 0 0 0 0 0 0 0 0 0 0 0 0 0 0 0 0 0.08090225085906602 0 0 0
0 0 0 0 0 0 0 0 0 0 0 0 0.3499362588619975 0 0.4797457820511483 0 0 0 0 0 0 0 0 0 0 0 0 0 0 0 0 0 0 0 0.09932312467982511 0 0 0 0 0 0 0 0 0 0 0 0 0 0 0.3967352543397468
0 0 0 0 0.2339630401549473 0 0 0 0 0 0 0 0 0 0 0 0 0 0 0 0 0 0 0 0 0 0 0 0 0 0 0 0 0 0 0 0 0 0 0 0 0 0 0 0 0 0 0.6322335631622986 0 0
0 0 0 0 0 0 0 0 0 0 0 0 0.336291845911078 0 0.4610399480713974 0 0 0 0 0 0 0 0 0 0 0 0 0 0 0 0 0 0 0 0.09545040302155978 0 0 0 0 0 0 0 0 0 0 0 0 0 0 0.3812660952991731
0 0 0 0 0.1486189864417449 0 0 0 0 0 0 0 0 0 0 0 0 0 0 0 0 0 0 0 0 0 0 0 0 0 0 0 0 0 0 0 0 0 0 0 0 0 0 0 0 0 0 0.4016100632365067 0 0
0 0 0 0.01103655500366863 0 0 0 0 0 0 0 0 0 0 0 0 0 0 0.04281042315619379 0 0 0 0 0 0 0 0 0 0 0 0.007013384221834952 0 0 0 0 0 0 0 0 0 0 0 0 0 0 0 0 0 0 0
0 0 0 0 0 0 0 0 0 0 0 0 0 0 0 0 0 0 0 0 0 0 0 0 0 0 0 0 0 0 0 0 0 0 0 0.001942728076581388 0 0 0 0 0 0 0 0 0 0 0 0 0.05556256286769257 0
0 0 0 0 0 0 0 0 0 0 0 0 0 0 0 0 0 0 0 0 0 0 0 0 0 0 0 0 0 0 0 0 0.1495443236803969 0.1282771358270926 0 0 0 0 0 0 0 0.04789947814784033 0 0 0 0 0 0 0 0
