0 0 0 0 0 0 0 0 0 0 0 0 0 0 0 0 1 0 0 0
0 0 0 0 0 0 0 0 0 0 0 0 0 0 0 0 0 0 0 0.3872236752132667
0 0 0 0.3671556016674207 0 0 0 0 0 0 0 0 0 0 0 0 0 0 0 0
0 0 0 0 0 0 0.6176586542917418 0 0 0 0 0 0 0 0 0 0 0 0 0
0 0 0 0 0 0 0 0.5237114610443531 0 0 0 0 0 0 0 0 0 0 0 0
0 0 0 0 0 0 0 0 0 0 0.1367608370283585 0 0 0 0 0 0 0 0 0
0 0.276413909148306 0 0 0 0 0 0 0 0 0 0 0 0 0 0 0 0 0 0
0 0 0.5462584227376022 0 0 0 0 0 0 0 0 0 0 0 0 0 0 0 0 0
0 0 0 0 0 0 0 0 0.7614620566109426 0 0 0 0 0 0 0 0 0 0 0
0 0 0 0 0 0 0 0 0 0 0 0 0 0 0 0 0 0 0.1914692457859918 0
0 0 0 0 0 0 0 0.2435120097397661 0 0 0 0 0 0 0 0 0 0 0 0
0 0 0 0 0 0 0 0 0 0 0 0.4767948502121861 0 0 0 0 0 0 0 0
0 0 0 0 0 0 0 0 0 0.2887809966763774 0 0 0 0 0 0 0 0 0 0
0 0 0 0 0 0.4589305873361271 0 0 0 0 0 0 0 0 0 0 0 0 0 0
0.4751735282262307 0 0 0 0 0 0 0 0 0 0 0 0 0 0 0 0 0 0 0
0 0 0 0.5864464704012997 0 0 0 0 0 0 0 0 0 0 0 0 0 0 0 0
0 0 0 0 0 0 0 0.5139577613538661 0 0 0 0 0 0 0 0 0 0 0 0
0 0 0.1614792929875189 0 0 0 0 0 0 0 0 0 0 0 0 0 0 0 0 0
0 0 0 0 0 0 0 0 0 0 0 0 0 0 0 0 0 0.4342439127894868 0 0
0 0 0 0 0 0 0.0004759631835941878 0 0 0 0 0 0 0 0 0 0 0 0 0
0 0 0 0 0.09478125441901558 0 0 0 0 0 0 0 0 0 0 0 0 0 0 0
0 0 0 0 0.5842672143799068 0 0 0 0 0 0 0 0 0 0 0 0 0 0 0
0 0 0 0 0 0 0 0 0 0 0 0 0 0 0 0 0 0.521242944871632 0 0
0 0 0 0 0 0 0 0 0 0.5687257768533752 0 0 0 0 0 0 0 0 0 0
0 0 0 0 0 0 0 0 0 0.2499291328097331 0 0 0 0 0 0 0 0 0 0
0 0 0 0 0 0.4659518930300355 0 0 0 0 0 0 0 0 0 0 0 0 0 0
0 0 0 0 0 0 0 0.2600253200066079 0 0 0 0 0 0 0 0 0 0 0 0
0 0 0 0 0 0.4459107013380305 0 0 0 0 0 0 0 0 0 0 0 0 0 0
0 0 0 0 0 0 0 0.156989172731913 0 0 0 0 0 0 0 0 0 0 0 0
0 0 0 0 0 0 0 0 0 0 0 0 0 0 0.1376146741012472 0 0 0 0 0
0 0 0.7205730526261277 0 0 0 0 0 0 0 0 0 0 0 0 0 0 0 0 0
0 0 0 0 0 0 0 0 0 0 0 0 0 0 0.4257574103282823 0 0 0 0 0
0 0 0 0 0.4062632036031698 0 0 0 0 0 0 0 0 0 0 0 0 0 0 0
0 0 0 0 0 0 0 0 0 0 0 0 0.1968245129917974 0 0 0 0 0 0 0
0 0.6572761909984048 0 0 0 0 0 0 0 0 0 0 0 0 0 0 0 0 0 0
0 0 0 0 0 0 0 0 0 0.5252269321785643 0 0 0 0 0 0 0 0 0 0
0 0 0 0 0 0.2979840113651629 0 0 0 0 0 0 0 0 0 0 0 0 0 0
0 0 0 0 0 0 0 0 0.2936225159414444 0 0 0 0 0 0 0 0 0 0 0
0 0 0.2102896553654076 0 0 0 0 0 0 0 0 0 0 0 0 0 0 0 0 0
0 0.2260679469220678 0 0 0 0 0 0 0 0 0 0 0 0 0 0 0 0 0 0
0 0 0 0 0 0 0 0 0 0 0 0 0 0 0.4434181052939745 0 0 0 0 0
0 0 0 0 0 0 0 0 0 0 0 0 0 0.007269109724149371 0 0 0 0 0 0
0 0 0 0 0 0 0 0 0 0 0 0 0 0.4363164681556224 0 0 0 0 0 0
0 0 0 0 0.1140061636650105 0 0 0 0 0 0 0 0 0 0 0 0 0 0 0
0 0 0 0.7219953611472111 0 0 0 0 0 0 0 0 0 0 0 0 0 0 0 0
0 0 0 0 0 0 0 0 0 0 0 0 0 0 0 0 0 0 0 0.5997758004047928
0 0 0 0 0 0 0.485825784849607 0 0 0 0 0 0 0 0 0 0 0 0 0
0 0 0 0 0 0 0 0 0 0 0.6481166656189919 0 0 0 0 0 0 0 0 0
0 0 0 0 0 0 0 0 0 0.4056412844863641 0 0 0 0 0 0 0 0 0 0
0 0 0 0 0 0 0 0 0 0 0 0 0 0 0 0.1249902563312363 0 0 0 0
0 0 0 0 0 0 0 0 0 0 0.2905286484701015 0 0 0 0 0 0 0 0 0
0 0 0 0 0 0 0 0 0 0 0 0 0.5761094069898999 0 0 0 0 0 0 0
0 0 0 0 0 0 0 0.2073177009940586 0 0 0 0 0 0 0 0 0 0 0 0
0 0 0 0 0 0 0 0 0 0 0 0 0 0 0 0.8043976808743817 0 0 0 0
0 0 0 0 0 0 0 0.3634666438546675 0 0 0 0 0 0 0 0 0 0 0 0
0 0 0 0 0 0 0 0 0.1045951834480879 0 0 0 0 0 0 0 0 0 0 0
0 0 0 0 0 0 0 0 0 0.2299415433136756 0 0 0 0 0 0 0 0 0 0
0 0 0 0 0.6034656390037832 0 0 0 0 0 0 0 0 0 0 0 0 0 0 0
0 0 0 0 0 0 0 0 0 0 0 0 0 0.5192476996140748 0 0 0 0 0 0
0 0 0 0 0 0 0 0 0 0 0 0 0 0 0.3907538808803124 0 0 0 0 0
0 0 0 0 0 0 0 0 0 0 0 0 0 0 0.6709211734933991 0 0 0 0 0
0 0 0 0 0 0 0 0 0 0 0 0 0 0 0 0 0 0.1246311627895192 0 0
0 0 0 0 0 0.03608248362981344 0 0 0 0 0 0 0 0 0 0 0 0 0 0
0 0 0 0 0 0 0 0 0 0 0 0 0 0 0 0 0 0 0 0.1551617748891704
0 0 0 0 0 0 0 0 0 0 0 0 0 0.07772029159576219 0 0 0 0 0 0
0 0 0 0 0.3277657129684762 0 0 0 0 0 0 0 0 0 0 0 0 0 0 0
0 0 0.3347818845156354 0 0 0 0 0 0 0 0 0 0 0 0 0 0 0 0 0
0 0 0 0 0 0 0 0 0 0 0.2692705400036218 0 0 0 0 0 0 0 0 0
0 0 0 0 0 0 0 0 0 0 0 0.3279604492281413 0 0 0 0 0 0 0 0
0 0 0 0 0 0 0 0.3673257797750994 0 0 0 0 0 0 0 0 0 0 0 0
0 0 0 0 0 0 0 0 0 0 0 0 0 0.5959721593523877 0 0 0 0 0 0
0 0 0 0 0 0 0 0 0 0 0 0.2187834949616206 0 0 0 0 0 0 0 0
0 0 0 0 0 0 0 0 0 0 0 0 0.5622497405489592 0 0 0 0 0 0 0
0 0 0 0 0 0 0 0 0 0 0 0.5985204798967753 0 0 0 0 0 0 0 0
0 0 0 0 0 0 0 0 0.5683495421600256 0 0 0 0 0 0 0 0 0 0 0
0.4425382588999566 0 0 0 0 0 0 0 0 0 0 0 0 0 0 0 0 0 0 0
0 0 0 0 0 0 0 0 0 0 0.004220424644431348 0 0 0 0 0 0 0 0 0
0 0 0 0 0 0.269487501305949 0 0 0 0 0 0 0 0 0 0 0 0 0 0
0 0 0 0 0 0 0 0 0 0 0 0 0 0 0 0.06620522515427966 0 0 0 0
0 0 0 0 0 0 0 0 0 0 0.6358537016659865 0 0 0 0 0 0 0 0 0
0 0 0 0 0 0 0 0 0 0 0 0 0.5596724859379062 0 0 0 0 0 0 0
0 0.2066216039650263 0 0 0 0 0 0 0 0 0 0 0 0 0 0 0 0 0 0
0 0 0 0 0 0 0 0 0 0 0 0 0 0 0 0 0 0 0.9814986133042386 0
0 0 0 0 0 0 0 0 0 0 0 0.5089357837976488 0 0 0 0 0 0 0 0
0 0 0 0 0 0 0 0 0 0 0 0 0 0 0 0 0 0.7240200894233239 0 0
0 0 0 0 0 0 0 0 0 0 0 0 0 0 0 0 0 0 0 0.09166538104429482
0 0.0548390301990034 0 0 0 0 0 0 0 0 0 0 0 0 0 0 0 0 0 0
0.5623807791262346 0 0 0 0 0 0 0 0 0 0 0 0 0 0 0 0 0 0 0
0 0.6283126900613851 0 0 0 0 0 0 0 0 0 0 0 0 0 0 0 0 0 0
0 0 0 0 0 0 0 0 0 0 0 0 0 0.4227690476567975 0 0 0 0 0 0
0 0 0 0 0 0 0.2202073841099936 0 0 0 0 0 0 0 0 0 0 0 0 0
0 0 0 0 0 0.4590373250695159 0 0 0 0 0 0 0 0 0 0 0 0 0 0
0 0 0 0 0 0 0 0 0 0 0 0 0 0 0.01869214956282021 0 0 0 0 0
0 0 0 0 0 0 0 0 0 0.1934183547835346 0 0 0 0 0 0 0 0 0 0
0.5119549460179087 0 0 0 0 0 0 0 0 0 0 0 0 0 0 0 0 0 0 0
0 0 0 0 0 0 0 0 0 0 0 0 0 0 0 0.4111719341758474 0 0 0 0
0 0 0 0 0 0 0 0 0 0 0 0 0 0 0 0.4048163973143034 0 0 0 0
0 0 0 0 0 0 0.5779096598918029 0 0 0 0 0 0 0 0 0 0 0 0 0
0 0 0 0 0 0 0 0 0 0 0 0 0 0 0 0 0 0 0 0.3436600464789676
0 0 0 0 0 0 0 0 0 0 0 0 0 0 0 0 0 0 0 0.5828780906745776
