0 0 0 0 0 0 0 0 0 0 0 0 0 0 0 0 0 0 0 0.2961048588329105 0 0 0 0 0 0 0 0 0 0 0 0 0 0 0 0.1164026790405708 0 0 0 0 0 0 0 0 0 0 0 0 0 0 0 0 0 0 0 0 0 0 0 0 0.2261733614926461 0 0 0 0 0 0 0 0 0 0 0 0 0 0 0 0 0 0 0 0 0 0 0 0 0 0 0 0 0 0.213297393098907 0 0 0 0 0 0 0 0 0
0 0 0 0 0 0 0 0 0.1043590833088043 0 0 0 0 0 0 0 0 0 0.06533451683113838 0 0 0 0 0 0 0.1075283676640365 0 0 0 0 0 0 0 0 0 0 0 0 0 0 0 0 0 0 0 0 0 0 0 0 0 0 0 0 0 0 0 0 0 0 0 0 0 0 0 0 0 0 0 0 0 0 0 0 0 0 0 0 0 0 0 0 0 0 0 0 0 0.04035158612462277 0 0 0 0 0 0 0 0 0 0 0 0
0 0 0 0 0 0 0 0.02683699694864275 0 0 0 0.04296208162118458 0 0 0 0 0 0 0 0 0 0 0 0 0 0 0 0 0 0 0 0 0 0 0 0 0 0 0 0 0 0 0 0 0 0 0 0 0 0 0 0 0 0 0 0 0 0 0 0 0 0 0 0 0 0.03988581923719784 0 0 0 0 0 0 0 0 0 0 0 0 0 0 0 0 0 0 0 0 0 0 0 0 0 0 0 0 0 0 0 0 0 0
0 0 0 0 0 0 0.0258732025662362 0 0 0 0.06800903037208829 0 0 0 0 0 0 0 0 0 0 0 0 0 0 0 0 0 0 0 0 0 0 0 0 0 0 0 0.08739146399867596 0 0 0 0 0 0 0 0 0 0 0 0 0 0.09562041759254769 0 0 0 0 0.1023184644744584 0 0 0 0 0 0.1273504297501503 0 0 0 0 0 0 0 0 0 0 0 0 0 0 0 0 0 0 0 0 0 0 0.1527119094049815 0 0 0 0 0 0 0 0 0 0 0 0 0
0 0 0.2751891457819841 0 0 0.545441322873254 0 0 0 0 0 0 0 0 0 0 0 0 0 0 0 0 0 0 0 0 0.551398778289602 0 0 0 0 0 0 0 0.2326193322557919 0 0 0 0 0 0 0 0 0 0 0 0 0 0.04508776358740757 0 0 0 0 0 0 0 0 0 0 0 0 0 0 0 0 0 0 0 0 0 0 0 0 0 0 0 0 0 0 0 0 0 0 0 0 0.01484609813808975 0 0 0 0 0 0 0 0 0 0 0 0 0.4246025324290865 0
0 0 0 0 0 0 0 0 0 0 0 0 0 0 0 0 0 0 0 0.2816741972287696 0 0 0 0 0 0 0 0 0 0 0 0 0 0 0 0.1107297978941058 0 0 0 0 0 0 0 0 0 0 0 0 0 0 0 0 0 0 0 0 0 0 0 0 0.2151508093587982 0 0 0 0 0 0 0 0 0 0 0 0 0 0 0 0 0 0 0 0 0 0 0 0 0 0 0 0 0 0.2029023509068008 0 0 0 0 0 0 0 0 0
0 0 0 0 0 0 0 0 0 0 0 0 0 0 0 0 0 0 0 0 0 0 0 0 0 0 0 0 0 0 0 0 0 0 0 0 0 0 0 0 0 0 0 0 0 0 0 0 0 0 0 0 0 0 0 0 0 0 0 0.4527559235424349 0 0.0542066517294202 0 0 0 0 0.2760917928654862 0 0 0 0 0 0 0 0 0 0 0 0 0 0 0 0 0 0 0 0 0 0 0 0 0 0.1393734138284673 0 0 0.4245447255239381 0 0 0 0
0 0 0 0 0 0 0 0 0.2314318108084188 0 0 0 0 0 0 0 0 0 0.1448890222021318 0 0 0 0 0 0 0.238460170909358 0 0 0 0 0 0 0 0 0 0 0 0 0 0 0 0 0 0 0 0 0 0 0 0 0 0 0 0 0 0 0 0 0 0 0 0 0 0 0 0 0 0 0 0 0 0 0 0 0 0 0 0 0 0 0 0 0 0 0 0 0 0.08948565232390704 0 0 0 0 0 0 0 0 0 0 0 0
0 0 0 0 0 0 0 0 0 0 0 0 0 0 0 0 0 0 0 0.229661457147988 0 0 0 0 0 0 0 0 0 0 0 0 0 0 0 0.09028291190409803 0 0 0 0 0 0 0 0 0 0 0 0 0 0 0 0 0 0 0 0 0 0 0 0 0.17542199061911 0 0 0 0 0 0 0 0 0 0 0 0 0 0 0 0 0 0 0 0 0 0 0 0 0 0 0 0 0 0.1654352795764309 0 0 0 0 0 0 0 0 0
0 0 0 0 0 0 0 0.0575755898322265 0 0 0 0.0921700440065466 0 0 0 0 0 0 0 0 0 0 0 0 0 0 0 0 0 0 0 0 0 0 0 0 0 0 0 0 0 0 0 0 0 0 0 0 0 0 0 0 0 0 0 0 0 0 0 0 0 0 0 0 0 0.08557028839396176 0 0 0 0 0 0 0 0 0 0 0 0 0 0 0 0 0 0 0 0 0 0 0 0 0 0 0 0 0 0 0 0 0 0
0 0 0 0 0 0 0 0 0 0.00843051539062366 0 0 0 0 0.5082185008745858 0 0 0 0 0 0 0 0 0 0 0 0 0 0 0 0 0 0 0 0 0 0 0 0 0 0 0 0 0 0 0 0 0 0 0 0.4911370312446193 0 0 0 0 0 0 0 0 0 0 0 0 0 0 0 0 0 0 0.3022396646447366 0 0.4794355567976948 0 0 0 0 0 0 0 0 0 0 0 0 0 0 0 0 0 0 0 0 0 0 0 0 0 0 0 0
0 0 0 0 0 0 0 0 0 0 0 0 0.2782290718702753 0 0 0 0 0 0 0 0.2642544616704879 0 0 0 0 0 0 0 0 0 0 0 0 0 0 0 0 0 0 0.236064820548266 0 0 0 0 0 0 0 0.02018686592702406 0 0 0 0 0 0.06660159585256432 0 0 0 0 0 0 0 0 0 0 0 0 0 0 0.2583453351501719 0 0 0 0 0 0 0 0 0 0 0 0.04232322326542425 0 0 0 0 0 0 0 0 0 0 0 0 0 0 0 0 0 0 0
0 0 0 0 0 0 0 0 0 0 0 0 0 0 0 0 0 0 0 0 0 0 0 0 0 0 0 0 0 0 0 0 0.1292661259928574 0 0 0 0 0 0 0 0.3620794198754542 0 0 0 0 0 0 0 0 0 0 0 0 0 0 0 0 0 0 0 0 0 0 0 0 0 0 0 0 0 0.380492629410109 0 0 0 0 0 0 0 0 0 0 0 0 0 0 0 0 0 0.2774869483530549 0 0 0 0 0 0 0 0 0 0 0
0 0 0 0 0 0 0 0 0 0 0 0 0 0 0 0 0 0 0 0 0 0 0 0.01229405220106046 0 0 0 0 0 0 0 0 0 0 0 0 0 0 0 0 0 0 0 0 0 0 0 0 0 0 0 0 0 0 0 0 0 0 0 0 0 0 0 0 0 0 0 0 0 0 0 0 0.01905590169884373 0 0 0 0 0 0 0 0 0 0 0 0 0 0 0 0 0 0 0 0 0 0.01487819904176679 0 0 0 0 0
0 0 0 0 0 0 0.06574925069659497 0 0 0 0.1728252533144858 0 0 0 0 0 0 0 0 0 0 0 0 0 0 0 0 0 0 0 0 0 0 0 0 0 0 0 0.2220800946648046 0 0 0 0 0 0 0 0 0 0 0 0 0 0.2429915968813941 0 0 0 0 0.260012743084261 0 0 0 0 0 0.3236242328535132 0 0 0 0 0 0 0 0 0 0 0 0 0 0 0 0 0 0 0 0 0 0 0.3880730879804826 0 0 0 0 0 0 0 0 0 0 0 0 0
0 0 0 0 0 0 0 0 0 0 0 0 0 0 0 0 0 0 0 0 0 0 0 0.1325604367896684 0 0 0 0 0 0 0 0 0 0 0 0 0 0 0 0 0 0 0 0 0 0 0 0 0 0 0 0 0 0 0 0 0 0 0 0 0 0 0 0 0 0 0 0 0 0 0 0 0.2054699794101913 0 0 0 0 0 0 0 0 0 0 0 0 0 0 0 0 0 0 0 0 0 0.1604239620399618 0 0 0 0 0
0.1909586970118506 0 0 0 0 0 0 0 0 0 0 0 0 0 0 0 0 0 0 0 0 0 0 0 0 0 0 0 0 0 0 0 0 0 0 0 0 0.2325181599721467 0 0 0 0 0 0 0 0 0 0 0 0.06230190392544912 0 0 0 0 0 0 0 0 0 0 0 0 0 0 0 0 0 0 0 0 0 0 0 0 0 0 0 0 0 0 0 0 0.2183857908557489 0.1873284325801672 0 0 0 0 0 0 0 0.06994959861699519 0 0 0 0 0 0 0 0
0 0 0 0 0 0 0 0 0 0 0 0 0 0 0 0 0 0 0 0 0 0 0 0 0.1454148720733265 0 0 0 0 0 0 0 0 0.07137344751182091 0 0 0 0 0 0 0 0.04277402983338709 0 0 0 0 0 0 0 0 0 0.09015109611280228 0 0 0 0 0 0 0 0 0 0 0 0 0 0 0 0 0 0 0 0 0 0 0 0 0 0 0 0 0 0 0 0 0 0 0 0 0 0.02986124884237834 0 0 0 0 0 0 0 0 0 0
0 0 0 0 0 0 0 0 0 0 0 0 0 0 0 0 0 0 0 0 0 0 0 0 0.3846623538779239 0 0 0 0 0 0 0 0 0.1888024101856327 0 0 0 0 0 0 0 0.1131490800491053 0 0 0 0 0 0 0 0 0 0.2384744582241835 0 0 0 0 0 0 0 0 0 0 0 0 0 0 0 0 0 0 0 0 0 0 0 0 0 0 0 0 0 0 0 0 0 0 0 0 0 0.07899122081303717 0 0 0 0 0 0 0 0 0 0
0 0 0 0 0 0 0 0 0.2589346307461791 0 0 0 0 0 0 0 0 0 0.1621072977480207 0 0 0 0 0 0 0.266798224869782 0 0 0 0 0 0 0 0 0 0 0 0 0 0 0 0 0 0 0 0 0 0 0 0 0 0 0 0 0 0 0 0 0 0 0 0 0 0 0 0 0 0 0 0 0 0 0 0 0 0 0 0 0 0 0 0 0 0 0 0 0 0.1001199198184251 0 0 0 0 0 0 0 0 0 0 0 0
0.2679633174478401 0 0 0 0 0 0 0 0 0 0 0 0 0 0 0 0 0 0 0 0 0 0 0 0 0 0 0 0 0 0 0 0 0 0 0 0 0.3262817482941736 0 0 0 0 0 0 0 0 0 0 0 0.08742531825164221 0 0 0 0 0 0 0 0 0 0 0 0 0 0 0 0 0 0 0 0 0 0 0 0 0 0 0 0 0 0 0 0 0.3064504624135816 0.262869138886984 0 0 0 0 0 0 0 0.0981569668879321 0 0 0 0 0 0 0 0
0 0 0 0 0 0 0 0 0 0 0 0 0 0 0 0 0 0 0 0 0 0 0 0 0 0 0 0 0 0.2649328907415038 0 0 0 0 0 0 0 0 0 0 0 0 0.3859538433766724 0 0 0 0 0 0 0 0 0 0 0 0 0 0.050063196530987 0 0 0 0 0 0 0 0 0 0 0 0 0 0 0 0 0 0 0 0.1160569922317293 0 0 0 0 0 0 0 0 0 0 0 0 0 0 0 0 0 0 0 0.01246306241014588 0 0 0
0 0 0 0 0 0 0 0.1301743569457193 0 0 0 0.2083899833796435 0 0 0 0 0 0 0 0 0 0 0 0 0 0 0 0 0 0 0 0 0 0 0 0 0 0 0 0 0 0 0 0 0 0 0 0 0 0 0 0 0 0 0 0 0 0 0 0 0 0 0 0 0 0.1934684003724945 0 0 0 0 0 0 0 0 0 0 0 0 0 0 0 0 0 0 0 0 0 0 0 0 0 0 0 0 0 0 0 0 0 0
0 0.07517951695000649 0 0 0.1076583132552912 0 0 0 0 0 0 0 0 0 0 0 0 0 0 0 0 0 0 0 0 0 0 0 0 0 0 0 0 0 0 0 0 0 0 0 0 0 0 0 0 0 0 0 0 0 0 0 0 0 0 0.106592208898807 0 0 0 0 0 0 0 0 0 0 0 0 0 0 0 0 0 0 0 0 0 0 0 0 0 0.0634605936795897 0 0 0 0 0 0 0 0 0 0 0 0 0 0 0 0 0 0
0 0 0 0 0 0 0 0 0 0 0 0 0 0 0 0 0 0 0 0 0 0 0 0 0 0 0 0 0 0.04364594922037507 0 0 0 0 0 0 0 0 0 0 0 0 0.06358335426862077 0 0 0 0 0 0 0 0 0 0 0 0 0 0.008247581972496894 0 0 0 0 0 0 0 0 0 0 0 0 0 0 0 0 0 0 0 0.01911962525845035 0 0 0 0 0 0 0 0 0 0 0 0 0 0 0 0 0 0 0 0.002053207465336339 0 0 0
0 0 0 0 0 0 0 0 0.2343202828539354 0 0 0 0 0 0 0 0 0 0.1466973643175531 0 0 0 0 0 0 0.2414363630552638 0 0 0 0 0 0 0 0 0 0 0 0 0 0 0 0 0 0 0 0 0 0 0 0 0 0 0 0 0 0 0 0 0 0 0 0 0 0 0 0 0 0 0 0 0 0 0 0 0 0 0 0 0 0 0 0 0 0 0 0 0 0.09060251177511873 0 0 0 0 0 0 0 0 0 0 0 0
0 0 0 0 0 0 0 0 0 0 0 0 0 0 0 0 0 0 0 0 0 0 0 0 0 0 0 0 0 0 0 0 0 0 0 0 0 0 0 0 0 0 0 0 0 0 0 0 0 0 0 0 0 0 0 0 0 0 0 0.1369154261437011 0 0.01639233510914221 0 0 0 0 0.0834913990284073 0 0 0 0 0 0 0 0 0 0 0 0 0 0 0 0 0 0 0 0 0 0 0 0 0 0.04214714674105968 0 0 0.1283842330706086 0 0 0 0
0 0 0 0 0 0 0 0 0 0 0 0 0 0 0 0.6738206505971188 0 0.7388949389655307 0 0 0 0 0 0 0 0 0 0 0 0 0 0 0 0 0 0 0 0 0 0 0 0 0 0 0 0 0 0 0 0 0 0 0 0 0 0 0 0 0 0 0 0 0 0 0 0 0 0 0 0 0 0 0 0 0 0 0 0 0 0 0 0 0 0 0 0 0 0 0 0 0 0 0 0 0 0 0 0 0 0
0 0 0 0 0 0 0 0 0 0 0 0 0 0.04537840130976799 0 0 0 0 0 0 0 0.00950134829256437 0 0 0 0 0 0 0.03243065146175654 0 0 0 0 0 0 0 0 0 0 0 0 0 0 0 0.03785574071023198 0 0.02404688283940138 0 0 0 0 0 0 0 0.01612402172829104 0 0 0 0 0 0 0 0 0 0 0 0 0 0 0 0 0 0 0 0 0 0 0 0 0 0 0 0 0 0 0 0 0 0 0 0 0 0 0 0 0 0 0.04357161585450619 0 0
0 0 0 0 0 0 0 0 0 0 0 0 0 0.2164126224307624 0 0 0 0 0 0 0 0.04531256371473998 0 0 0 0 0 0 0.154663939834875 0 0 0 0 0 0 0 0 0 0 0 0 0 0 0 0.18053655229579 0 0.1146811881061122 0 0 0 0 0 0 0 0.07689653503943368 0 0 0 0 0 0 0 0 0 0 0 0 0 0 0 0 0 0 0 0 0 0 0 0 0 0 0 0 0 0 0 0 0 0 0 0 0 0 0 0 0 0 0.207795942088196 0 0
0 0 0 0 0 0 0 0.1203399218875257 0 0 0 0.1926465005124325 0 0 0 0 0 0 0 0 0 0 0 0 0 0 0 0 0 0 0 0 0 0 0 0 0 0 0 0 0 0 0 0 0 0 0 0 0 0 0 0 0 0 0 0 0 0 0 0 0 0 0 0 0 0.1788522158649015 0 0 0 0 0 0 0 0 0 0 0 0 0 0 0 0 0 0 0 0 0 0 0 0 0 0 0 0 0 0 0 0 0 0
0 0 0 0 0 0 0 0 0 0 0 0 0 0 0 0 0 0 0 0 0 0 0 0 0.1908869785678574 0 0 0 0 0 0 0 0 0.09369235451125608 0 0 0 0 0 0 0 0.05614972663834132 0 0 0 0 0 0 0 0 0 0.1183418869486455 0 0 0 0 0 0 0 0 0 0 0 0 0 0 0 0 0 0 0 0 0 0 0 0 0 0 0 0 0 0 0 0 0 0 0 0 0 0.03919904124325196 0 0 0 0 0 0 0 0 0 0
0 0 0 0 0 0 0 0 0.1849805900270236 0 0 0 0 0 0 0 0 0 0.1158080072128697 0 0 0 0 0 0 0.1905982715110541 0 0 0 0 0 0 0 0 0 0 0 0 0 0 0 0 0 0 0 0 0 0 0 0 0 0 0 0 0 0 0 0 0 0 0 0 0 0 0 0 0 0 0 0 0 0 0 0 0 0 0 0 0 0 0 0 0 0 0 0 0 0.07152477746255988 0 0 0 0 0 0 0 0 0 0 0 0
0 0 0 0 0 0 0 0 0 0 0 0 0 0 0 0 0 0 0 0 0 0 0 0 0.237302139748724 0 0 0 0 0 0 0 0 0.1164741375782919 0 0 0 0 0 0 0 0.06980282456955378 0 0 0 0 0 0 0 0 0 0.1471173319705103 0 0 0 0 0 0 0 0 0 0 0 0 0 0 0 0 0 0 0 0 0 0 0 0 0 0 0 0 0 0 0 0 0 0 0 0 0 0.04873049190107773 0 0 0 0 0 0 0 0 0 0
0 0.15018664752289 0 0 0.2150697663638007 0 0 0 0 0 0 0 0 0 0 0 0 0 0 0 0 0 0 0 0 0 0 0 0 0 0 0 0 0 0 0 0 0 0 0 0 0 0 0 0 0 0 0 0 0 0 0 0 0 0 0.2129400022245021 0 0 0 0 0 0 0 0 0 0 0 0 0 0 0 0 0 0 0 0 0 0 0 0 0 0.1267756724333283 0 0 0 0 0 0 0 0 0 0 0 0 0 0 0 0 0 0
0 0.03520021738668259 0 0 0.05040729421804955 0 0 0 0 0 0 0 0 0 0 0 0 0 0 0 0 0 0 0 0 0 0 0 0 0 0 0 0 0 0 0 0 0 0 0 0 0 0 0 0 0 0 0 0 0 0 0 0 0 0 0.04990812760156159 0 0 0 0 0 0 0 0 0 0 0 0 0 0 0 0 0 0 0 0 0 0 0 0 0 0.02971323551460115 0 0 0 0 0 0 0 0 0 0 0 0 0 0 0 0 0 0
0 0 0 0 0 0 0 0.2346576489030572 0 0 0 0.3756523535215541 0 0 0 0 0 0 0 0 0 0 0 0 0 0 0 0 0 0 0 0 0 0 0 0 0 0 0 0 0 0 0 0 0 0 0 0 0 0 0 0 0 0 0 0 0 0 0 0 0 0 0 0 0 0.3487540943826251 0 0 0 0 0 0 0 0 0 0 0 0 0 0 0 0 0 0 0 0 0 0 0 0 0 0 0 0 0 0 0 0 0 0
0 0 0.08445112667156149 0 0 0.1673871769868653 0 0 0 0 0 0 0 0 0 0 0 0 0 0 0 0 0 0 0 0 0.1692154243204457 0 0 0 0 0 0 0 0.07138713497861381 0 0 0 0 0 0 0 0 0 0 0 0 0 0.01383671010438107 0 0 0 0 0 0 0 0 0 0 0 0 0 0 0 0 0 0 0 0 0 0 0 0 0 0 0 0 0 0 0 0 0 0 0 0 0.004556028948291215 0 0 0 0 0 0 0 0 0 0 0 0 0.1303036940259368 0
0 0.08904499150394009 0 0 0.127513902430642 0 0 0 0 0 0 0 0 0 0 0 0 0 0 0 0 0 0 0 0 0 0 0 0 0 0 0 0 0 0 0 0 0 0 0 0 0 0 0 0 0 0 0 0 0 0 0 0 0 0 0.1262511747992769 0 0 0 0 0 0 0 0 0 0 0 0 0 0 0 0 0 0 0 0 0 0 0 0 0 0.07516472909491832 0 0 0 0 0 0 0 0 0 0 0 0 0 0 0 0 0 0
0 0 0 0 0 0 0 0 0 0 0 0 0 0 0 0 0.0890327389303758 0 0 0 0 0 0.1907147941844391 0 0 0 0 0 0 0 0.267458836738644 0.2175213444344015 0 0 0 0 0 0 0 0 0 0 0 0 0 0 0 0 0 0 0 0 0 0 0 0 0 0 0 0 0 0 0 0 0 0 0 0.006958375877304508 0 0 0 0 0 0 0.01077272421702082 0.2280136612691888 0 0 0.1390234517521245 0.3086405226468498 0 0 0 0 0 0 0 0 0 0 0 0 0 0.1423979019174481 0 0 0 0 0 0
0 0 0 0 0 0 0 0 0 0 0 0 0 0 0 0 0 0 0 0 0 0 0 0 0 0 0 0 0 0 0 0 0.09011747104558324 0 0 0 0 0 0 0 0.252422522808727 0 0 0 0 0 0 0 0 0 0 0 0 0 0 0 0 0 0 0 0 0 0 0 0 0 0 0 0 0 0.2652592336202446 0 0 0 0 0 0 0 0 0 0 0 0 0 0 0 0 0 0.1934491487361152 0 0 0 0 0 0 0 0 0 0 0
0 0 0 0 0 0 0 0 0 0 0 0 0 0 0 0 0.04278713663311258 0 0 0 0 0 0.09165325086883852 0 0 0 0 0 0 0 0.1285347157546039 0.1045358774395485 0 0 0 0 0 0 0 0 0 0 0 0 0 0 0 0 0 0 0 0 0 0 0 0 0 0 0 0 0 0 0 0 0 0 0 0.003344039316139748 0 0 0 0 0 0 0.005177129542706353 0.1095782494860719 0 0 0.06681155153473137 0.1483257099765637 0 0 0 0 0 0 0 0 0 0 0 0 0 0.06843323656902237 0 0 0 0 0 0
0 0 0 0 0 0 0 0 0 0 0 0 0 0 0 0 0 0 0 0 0 0 0 0 0 0 0 0 0 0.3007170174186892 0 0 0 0 0 0 0 0 0 0 0 0 0.4380841061925977 0 0 0 0 0 0 0 0 0 0 0 0 0 0.05682516467135509 0 0 0 0 0 0 0 0 0 0 0 0 0 0 0 0 0 0 0 0.1317326529629045 0 0 0 0 0 0 0 0 0 0 0 0 0 0 0 0 0 0 0 0.0141464313675528 0 0 0
0 0 0 0 0 0 0 0 0 0 0 0 0 0 0 0 0 0 0 0.3966182304755303 0 0 0 0 0 0 0 0 0 0 0 0 0 0 0 0.1559157953896805 0 0 0 0 0 0 0 0 0 0 0 0 0 0 0 0 0 0 0 0 0 0 0 0 0.3029483500185832 0 0 0 0 0 0 0 0 0 0 0 0 0 0 0 0 0 0 0 0 0 0 0 0 0 0 0 0 0 0.2857016090494813 0 0 0 0 0 0 0 0 0
0 0 0 0 0 0 0 0 0 0 0 0 0 0 0 0 0 0 0 0 0 0 0 0 0.2865271788103798 0 0 0 0 0 0 0 0 0.1406350826841184 0 0 0 0 0 0 0 0.08428245281769589 0 0 0 0 0 0 0 0 0 0.1776347829322389 0 0 0 0 0 0 0 0 0 0 0 0 0 0 0 0 0 0 0 0 0 0 0 0 0 0 0 0 0 0 0 0 0 0 0 0 0 0.05883895687262946 0 0 0 0 0 0 0 0 0 0
0 0 0 0 0 0 0 0.2759565531887561 0 0 0 0.4417658199493772 0 0 0 0 0 0 0 0 0 0 0 0 0 0 0 0 0 0 0 0 0 0 0 0 0 0 0 0 0 0 0 0 0 0 0 0 0 0 0 0 0 0 0 0 0 0 0 0 0 0 0 0 0 0.4101335637094652 0 0 0 0 0 0 0 0 0 0 0 0 0 0 0 0 0 0 0 0 0 0 0 0 0 0 0 0 0 0 0 0 0 0
0 0 0 0 0 0 0 0 0 0 0 0 0 0 0 0 0 0 0 0.2377594773990227 0 0 0 0 0 0 0 0 0 0 0 0 0 0 0 0.09346634920350809 0 0 0 0 0 0 0 0 0 0 0 0 0 0 0 0 0 0 0 0 0 0 0 0 0.1816074901371898 0 0 0 0 0 0 0 0 0 0 0 0 0 0 0 0 0 0 0 0 0 0 0 0 0 0 0 0 0 0.1712686408242534 0 0 0 0 0 0 0 0 0
0 0 0 0 0 0 0 0 0 0 0 0 0 0 0 0 0 0 0 0.09743503263239878 0 0 0 0 0 0 0 0 0 0 0 0 0 0 0 0.03830298116525228 0 0 0 0 0 0 0 0 0 0 0 0 0 0 0 0 0 0 0 0 0 0 0 0 0.07442366513158336 0 0 0 0 0 0 0 0 0 0 0 0 0 0 0 0 0 0 0 0 0 0 0 0 0 0 0 0 0 0.07018675255418573 0 0 0 0 0 0 0 0 0
0 0.1468898788802929 0 0 0.2103487390726709 0 0 0 0 0 0 0 0 0 0 0 0 0 0 0 0 0 0 0 0 0 0 0 0 0 0 0 0 0 0 0 0 0 0 0 0 0 0 0 0 0 0 0 0 0 0 0 0 0 0 0.2082657256914881 0 0 0 0 0 0 0 0 0 0 0 0 0 0 0 0 0 0 0 0 0 0 0 0 0 0.1239928014630002 0 0 0 0 0 0 0 0 0 0 0 0 0 0 0 0 0 0
0 0 0 0 0 0 0 0 0.2130259299998669 0 0 0 0 0 0 0 0 0 0.1333659300921725 0 0 0 0 0 0 0.2194953213149438 0 0 0 0 0 0 0 0 0 0 0 0 0 0 0 0 0 0 0 0 0 0 0 0 0 0 0 0 0 0 0 0 0 0 0 0 0 0 0 0 0 0 0 0 0 0 0 0 0 0 0 0 0 0 0 0 0 0 0 0 0 0.08236881628915464 0 0 0 0 0 0 0 0 0 0 0 0
0 0 0 0 0 0 0 0 0 0 0 0 0.211812937052582 0 0 0 0 0 0 0 0.2011742097237497 0 0 0 0 0 0 0 0 0 0 0 0 0 0 0 0 0 0 0.179713725237283 0 0 0 0 0 0 0 0.01536805385989022 0 0 0 0 0 0.05070311141496442 0 0 0 0 0 0 0 0 0 0 0 0 0 0 0.1966756523470173 0 0 0 0 0 0 0 0 0 0 0 0.03222023552435038 0 0 0 0 0 0 0 0 0 0 0 0 0 0 0 0 0 0 0
0 0 0 0 0 0 0 0 0 0 0 0 0 0 0 0 0 0 0 0 0 0 0 0 0 0 0 0 0 0 0 0 0.05162366847239837 0 0 0 0 0 0 0 0.1445998925763552 0 0 0 0 0 0 0 0 0 0 0 0 0 0 0 0 0 0 0 0 0 0 0 0 0 0 0 0 0 0.1519533845854091 0 0 0 0 0 0 0 0 0 0 0 0 0 0 0 0 0 0.1108170769191858 0 0 0 0 0 0 0 0 0 0 0
0 0.1596105386974904 0 0 0.22856493458673 0 0 0 0 0 0 0 0 0 0 0 0 0 0 0 0 0 0 0 0 0 0 0 0 0 0 0 0 0 0 0 0 0 0 0 0 0 0 0 0 0 0 0 0 0 0 0 0 0 0 0.2263015322991183 0 0 0 0 0 0 0 0 0 0 0 0 0 0 0 0 0 0 0 0 0 0 0 0 0 0.1347305749516523 0 0 0 0 0 0 0 0 0 0 0 0 0 0 0 0 0 0
0 0 0 0 0 0 0 0 0.3208229165062014 0 0 0 0 0 0 0 0 0 0.2008527631108556 0 0 0 0 0 0 0.3305659979692148 0 0 0 0 0 0 0 0 0 0 0 0 0 0 0 0 0 0 0 0 0 0 0 0 0 0 0 0 0 0 0 0 0 0 0 0 0 0 0 0 0 0 0 0 0 0 0 0 0 0 0 0 0 0 0 0 0 0 0 0 0 0.1240497054563574 0 0 0 0 0 0 0 0 0 0 0 0
0 0 0 0 0 0 0 0 0 0 0 0 0 0 0 0 0 0 0 0 0 0 0 0 0.459646243996769 0 0 0 0 0 0 0 0 0.2256064775366724 0 0 0 0 0 0 0 0.1352057177728558 0 0 0 0 0 0 0 0 0 0.2849613119320153 0 0 0 0 0 0 0 0 0 0 0 0 0 0 0 0 0 0 0 0 0 0 0 0 0 0 0 0 0 0 0 0 0 0 0 0 0 0.09438931985258589 0 0 0 0 0 0 0 0 0 0
0 0 0 0 0 0 0.01026777857420875 0 0 0 0.02698937880301314 0 0 0 0 0 0 0 0 0 0 0 0 0 0 0 0 0 0 0 0 0 0 0 0 0 0 0 0.03468129619119177 0 0 0 0 0 0 0 0 0 0 0 0 0 0.03794695583201163 0 0 0 0 0.04060507525449383 0 0 0 0 0 0.05053900887056244 0 0 0 0 0 0 0 0 0 0 0 0 0 0 0 0 0 0 0 0 0 0 0.06060371024425051 0 0 0 0 0 0 0 0 0 0 0 0 0
0 0.178419374791608 0 0 0.2554994993503543 0 0 0 0 0 0 0 0 0 0 0 0 0 0 0 0 0 0 0 0 0 0 0 0 0 0 0 0 0 0 0 0 0 0 0 0 0 0 0 0 0 0 0 0 0 0 0 0 0 0 0.2529693730544775 0 0 0 0 0 0 0 0 0 0 0 0 0 0 0 0 0 0 0 0 0 0 0 0 0 0.150607504644464 0 0 0 0 0 0 0 0 0 0 0 0 0 0 0 0 0 0
0 0 0 0 0 0 0 0 0 0 0 0 0 0 0 0 0 0 0 0 0 0 0 0.2378121560497455 0 0 0 0 0 0 0 0 0 0 0 0 0 0 0 0 0 0 0 0 0 0 0 0 0 0 0 0 0 0 0 0 0 0 0 0 0 0 0 0 0 0 0 0 0 0 0 0 0.3686111783455042 0 0 0 0 0 0 0 0 0 0 0 0 0 0 0 0 0 0 0 0 0 0.287799053916057 0 0 0 0 0
0 0 0 0 0 0 0 0 0 0 0 0 0 0 0 0 0.1131950833995387 0 0 0 0 0 0.242472345483108 0 0 0 0 0 0 0 0.3400437377788601 0.276553849968456 0 0 0 0 0 0 0 0 0 0 0 0 0 0 0 0 0 0 0 0 0 0 0 0 0 0 0 0 0 0 0 0 0 0 0 0.008846789924914842 0 0 0 0 0 0 0.01369630352649823 0.2898936471423575 0 0 0.1767526350939259 0.3924016055353304 0 0 0 0 0 0 0 0 0 0 0 0 0 0.181042867793496 0 0 0 0 0 0
0 0 0 0 0 0 0 0 0 0 0 0 0 0 0 0 0 0 0 0 0 0 0 0 0 0 0 0 0 0 0 0 0 0 0 0 0 0 0 0 0 0 0 0 0 0 0 0 0 0 0 0 0 0 0 0 0 0 0.05130485967951195 0 0 0 0 0 0 0 0 0 0 0 0 0 0 0.1503801902818966 0 0 0 0 0 0 0 0 0 0 0 0 0 0 0 0 0 0 0 0 0 0 0 0 0 0
0 0 0 0 0 0 0 0 0.009047502025224433 0 0 0 0 0 0 0 0 0 0.005664233094091527 0 0 0 0 0 0 0.009322265905026128 0 0 0 0 0 0 0 0 0 0 0 0 0 0 0 0 0 0 0 0 0 0 0 0 0 0 0 0 0 0 0 0 0 0 0 0 0 0 0 0 0 0 0 0 0 0 0 0 0 0 0 0 0 0 0 0 0 0 0 0 0 0.003498316060359091 0 0 0 0 0 0 0 0 0 0 0 0
0 0 0 0 0 0 0 0 0.08498707596030276 0 0 0 0 0 0 0 0 0 0.05320657645417616 0 0 0 0 0 0 0.0875680512017286 0 0 0 0 0 0 0 0 0 0 0 0 0 0 0 0 0 0 0 0 0 0 0 0 0 0 0 0 0 0 0 0 0 0 0 0 0 0 0 0 0 0 0 0 0 0 0 0 0 0 0 0 0 0 0 0 0 0 0 0 0 0.03286118664864406 0 0 0 0 0 0 0 0 0 0 0 0
0 0 0 0 0 0 0 0 0 0 0 0 0 0 0 0 0 0 0 0 0 0 0 0 0 0 0 0 0 0 0 0 0.07785835618443725 0 0 0 0 0 0 0 0.2180842678094586 0 0 0 0 0 0 0 0 0 0 0 0 0 0 0 0 0 0 0 0 0 0 0 0 0 0 0 0 0 0.2291747388469138 0 0 0 0 0 0 0 0 0 0 0 0 0 0 0 0 0 0.1671333266582033 0 0 0 0 0 0 0 0 0 0 0
0 0 0 0 0 0 0 0 0 0 0 0 0 0.2604129139347567 0 0 0 0 0 0 0 0.0545253628105032 0 0 0 0 0 0 0.1861096954541803 0 0 0 0 0 0 0 0 0 0 0 0 0 0 0 0.2172426410576981 0 0.1379977841993356 0 0 0 0 0 0 0 0.09253088168418487 0 0 0 0 0 0 0 0 0 0 0 0 0 0 0 0 0 0 0 0 0 0 0 0 0 0 0 0 0 0 0 0 0 0 0 0 0 0 0 0 0 0 0.2500443189274579 0 0
0 0 0 0 0 0 0 0.08114106090192082 0 0 0 0.1298948942748279 0 0 0 0 0 0 0 0 0 0 0 0 0 0 0 0 0 0 0 0 0 0 0 0 0 0 0 0 0 0 0 0 0 0 0 0 0 0 0 0 0 0 0 0 0 0 0 0 0 0 0 0 0 0.1205938836614933 0 0 0 0 0 0 0 0 0 0 0 0 0 0 0 0 0 0 0 0 0 0 0 0 0 0 0 0 0 0 0 0 0 0
0 0 0 0 0 0 0 0 0 0 0 0 0 0.2998645969521561 0 0 0 0 0 0 0 0.06278577239429059 0 0 0 0 0 0 0.2143046900901321 0 0 0 0 0 0 0 0 0 0 0 0 0 0 0 0.2501541725304354 0 0.1589039856510026 0 0 0 0 0 0 0 0.1065489999040806 0 0 0 0 0 0 0 0 0 0 0 0 0 0 0 0 0 0 0 0 0 0 0 0 0 0 0 0 0 0 0 0 0 0 0 0 0 0 0 0 0 0 0.2879251945782678 0 0
0 0 0 0 0 0 0 0 0 0 0 0 0 0.005767003332840747 0 0 0 0 0 0 0 0.001207497524993342 0 0 0 0 0 0 0.00412151309142501 0 0 0 0 0 0 0 0 0 0 0 0 0 0 0 0.004810971222912374 0 0.003056045375697431 0 0 0 0 0 0 0 0.002049152997063273 0 0 0 0 0 0 0 0 0 0 0 0 0 0 0 0 0 0 0 0 0 0 0 0 0 0 0 0 0 0 0 0 0 0 0 0 0 0 0 0 0 0 0.005537384451578395 0 0
0 0 0 0 0 0 0 0 0 0.002028473762140995 0 0 0 0 0.122282902846639 0 0 0 0 0 0 0 0 0 0 0 0 0 0 0 0 0 0 0 0 0 0 0 0 0 0 0 0 0 0 0 0 0 0 0 0.1181729153360614 0 0 0 0 0 0 0 0 0 0 0 0 0 0 0 0 0 0 0.07272215294120797 0 0.1153574132233022 0 0 0 0 0 0 0 0 0 0 0 0 0 0 0 0 0 0 0 0 0 0 0 0 0 0 0 0
0 0 0 0 0 0 0 0 0 0.003377047288870021 0 0 0 0 0.2035792393476838 0 0 0 0 0 0 0 0 0 0 0 0 0 0 0 0 0 0 0 0 0 0 0 0 0 0 0 0 0 0 0 0 0 0 0 0.1967368426458226 0 0 0 0 0 0 0 0 0 0 0 0 0 0 0 0 0 0 0.1210694237285516 0 0.1920495334214401 0 0 0 0 0 0 0 0 0 0 0 0 0 0 0 0 0 0 0 0 0 0 0 0 0 0 0 0
0 0 0 0 0 0 0 0 0 0 0 0 0 0 0 0 0 0 0 0 0 0 0 0 0 0 0 0 0 0 0 0 0.1079552884435229 0 0 0 0 0 0 0 0.302386939439014 0 0 0 0 0 0 0 0 0 0 0 0 0 0 0 0 0 0 0 0 0 0 0 0 0 0 0 0 0 0.3177645438285391 0 0 0 0 0 0 0 0 0 0 0 0 0 0 0 0 0 0.2317403984894096 0 0 0 0 0 0 0 0 0 0 0
0 0 0 0 0 0 0 0 0 0 0 0 0 0.04220118674784676 0 0 0 0 0 0 0 0.008836101803448352 0 0 0 0 0 0 0.03015998667183797 0 0 0 0 0 0 0 0 0 0 0 0 0 0 0 0.03520523282178036 0 0.02236321607016873 0 0 0 0 0 0 0 0.01499508207521355 0 0 0 0 0 0 0 0 0 0 0 0 0 0 0 0 0 0 0 0 0 0 0 0 0 0 0 0 0 0 0 0 0 0 0 0 0 0 0 0 0 0 0.04052090519957671 0 0
0 0 0 0 0 0 0 0 0 0 0 0 0 0 0 0 0 0 0 0 0 0 0 0.03819769707178054 0 0 0 0 0 0 0 0 0 0 0 0 0 0 0 0 0 0 0 0 0 0 0 0 0 0 0 0 0 0 0 0 0 0 0 0 0 0 0 0 0 0 0 0 0 0 0 0 0.05920680574784565 0 0 0 0 0 0 0 0 0 0 0 0 0 0 0 0 0 0 0 0 0 0.04622665746628616 0 0 0 0 0
0 0 0 0 0 0 0 0 0.03710479713428241 0 0 0 0 0 0 0 0 0 0.02322964054515825 0 0 0 0 0 0 0.03823163391104648 0 0 0 0 0 0 0 0 0 0 0 0 0 0 0 0 0 0 0 0 0 0 0 0 0 0 0 0 0 0 0 0 0 0 0 0 0 0 0 0 0 0 0 0 0 0 0 0 0 0 0 0 0 0 0 0 0 0 0 0 0 0.01434697747171891 0 0 0 0 0 0 0 0 0 0 0 0
0 0 0 0 0 0 0 0 0 0 0 0 0 0 0 0 0 0 0 0 0 0 0 0 0 0 0 0 0 0 0 0 0 0 0 0 0 0 0 0 0 0 0 0 0 0 0 0 0 0 0 0 0 0 0 0 0 0 0 0.3676159599056406 0 0.0440131851900859 0 0 0 0 0.2241732116107858 0 0 0 0 0 0 0 0 0 0 0 0 0 0 0 0 0 0 0 0 0 0 0 0 0 0.1131644858647022 0 0 0.3447098285876574 0 0 0 0
0 0 0 0 0 0 0 0 0 0 0 0 0 0.003883158456787288 0 0 0 0 0 0 0 0.0008130573115895747 0 0 0 0 0 0 0.002775182792870514 0 0 0 0 0 0 0 0 0 0 0 0 0 0 0 0.003239423061059701 0 0.002057759942219349 0 0 0 0 0 0 0 0.001379778254069027 0 0 0 0 0 0 0 0 0 0 0 0 0 0 0 0 0 0 0 0 0 0 0 0 0 0 0 0 0 0 0 0 0 0 0 0 0 0 0 0 0 0 0.003728546702787707 0 0
0 0 0 0 0 0 0 0 0 0 0 0 0 0 0 0 0 0 0 0 0 0 0 0.3044888413018054 0 0 0 0 0 0 0 0 0 0 0 0 0 0 0 0 0 0 0 0 0 0 0 0 0 0 0 0 0 0 0 0 0 0 0 0 0 0 0 0 0 0 0 0 0 0 0 0 0.4719606955745264 0 0 0 0 0 0 0 0 0 0 0 0 0 0 0 0 0 0 0 0 0 0.3684908370971803 0 0 0 0 0
0 0 0 0 0 0 0 0 0 0 0 0 0 0.06287202061308896 0 0 0 0 0 0 0 0.01316416948284287 0 0 0 0 0 0 0.04493284312245167 0 0 0 0 0 0 0 0 0 0 0 0 0 0 0 0.05244933363805241 0 0.03331708632128337 0 0 0 0 0 0 0 0.02233991937148284 0 0 0 0 0 0 0 0 0 0 0 0 0 0 0 0 0 0 0 0 0 0 0 0 0 0 0 0 0 0 0 0 0 0 0 0 0 0 0 0 0 0 0.06036870958608287 0 0
0 0 0 0 0 0 0 0 0 0 0 0 0 0 0 0 0 0 0 0 0 0 0 0 0 0 0 0 0 0.2496757822290977 0 0 0 0 0 0 0 0 0 0 0 0 0.3637273102622032 0 0 0 0 0 0 0 0 0 0 0 0 0 0.04718012821956152 0 0 0 0 0 0 0 0 0 0 0 0 0 0 0 0 0 0 0 0.1093734350518447 0 0 0 0 0 0 0 0 0 0 0 0 0 0 0 0 0 0 0 0.01174533236516624 0 0 0
0 0 0 0 0 0 0.04352814458327317 0 0 0 0.1144159444284486 0 0 0 0 0 0 0 0 0 0 0 0 0 0 0 0 0 0 0 0 0 0 0 0 0 0 0 0.1470242530100381 0 0 0 0 0 0 0 0 0 0 0 0 0 0.1608683483007589 0 0 0 0 0.1721369012506679 0 0 0 0 0 0.2142497785001847 0 0 0 0 0 0 0 0 0 0 0 0 0 0 0 0 0 0 0 0 0 0 0.2569170188789169 0 0 0 0 0 0 0 0 0 0 0 0 0
0.3033005506591228 0 0 0 0 0 0 0 0 0 0 0 0 0 0 0 0 0 0 0 0 0 0 0 0 0 0 0 0 0 0 0 0 0 0 0 0 0.3693096311472086 0 0 0 0 0 0 0 0 0 0 0 0.09895439204074488 0 0 0 0 0 0 0 0 0 0 0 0 0 0 0 0 0 0 0 0 0 0 0 0 0 0 0 0 0 0 0 0 0.3468631262108273 0.2975345854614264 0 0 0 0 0 0 0 0.1111012596488477 0 0 0 0 0 0 0 0
0 0 0 0 0 0 0 0 0 0 0 0 0 0 0 0 0 0 0 0 0 0 0 0 0 0 0 0 0 0 0 0 0 0 0 0 0 0 0 0 0 0 0 0 0 0 0 0 0 0 0 0 0 0 0 0 0 0 0 0.2545868624586717 0 0.03048066446090257 0 0 0 0 0.1552477607498948 0 0 0 0 0 0 0 0 0 0 0 0 0 0 0 0 0 0 0 0 0 0 0 0 0 0.07837034987664361 0 0 0.238723568316577 0 0 0 0
0 0 0 0.2864537221436784 0 0 0 0 0 0 0 0 0 0 0 0 0 0 0 0 0 0 0 0 0 0 0 0.4320386948739549 0 0 0 0 0 0 0 0 0.2242678524387615 0 0 0 0 0 0 0 0 0 0 0 0 0 0 0 0 0 0 0 0 0 0 0 0 0 0 0 0 0 0 0 0 0 0 0 0 0 0 0 0 0.1799874756108744 0 0 0 0 0 0 0 0 0 0 0 0 0 0 0 0 0 0 0 0 0 0
0 0 0 0 0 0 0.001390857826814333 0 0 0 0.00365594061828709 0 0 0 0 0 0 0 0 0 0 0 0 0 0 0 0 0 0 0 0 0 0 0 0 0 0 0 0.004697876166978248 0 0 0 0 0 0 0 0 0 0 0 0 0 0.005140237505248148 0 0 0 0 0.00550030236023568 0 0 0 0 0 0.006845938051646933 0 0 0 0 0 0 0 0 0 0 0 0 0 0 0 0 0 0 0 0 0 0 0.008209287346625448 0 0 0 0 0 0 0 0 0 0 0 0 0
0 0 0 0 0 0 0 0 0 0 0 0 0 0 0 0 0 0 0 0 0 0 0 0.1530965399535551 0 0 0 0 0 0 0 0 0 0 0 0 0 0 0 0 0 0 0 0 0 0 0 0 0 0 0 0 0 0 0 0 0 0 0 0 0 0 0 0 0 0 0 0 0 0 0 0 0.2373011410783175 0 0 0 0 0 0 0 0 0 0 0 0 0 0 0 0 0 0 0 0 0 0.1852766489667513 0 0 0 0 0
0 0 0 0.1965661833567247 0 0 0 0 0 0 0 0 0 0 0 0 0 0 0 0 0 0 0 0 0 0 0 0.296467424749321 0 0 0 0 0 0 0 0 0.1538938837086755 0 0 0 0 0 0 0 0 0 0 0 0 0 0 0 0 0 0 0 0 0 0 0 0 0 0 0 0 0 0 0 0 0 0 0 0 0 0 0 0 0.1235084357364212 0 0 0 0 0 0 0 0 0 0 0 0 0 0 0 0 0 0 0 0 0 0
0 0 0 0 0 0 0 0 0 0 0 0 0.3973028597545034 0 0 0 0 0 0 0 0.377347531006835 0 0 0 0 0 0 0 0 0 0 0 0 0 0 0 0 0 0 0.3370935598526854 0 0 0 0 0 0 0 0.02882624561256086 0 0 0 0 0 0.09510510285127559 0 0 0 0 0 0 0 0 0 0 0 0 0 0 0.3689094736557781 0 0 0 0 0 0 0 0 0 0 0 0.06043630712042006 0 0 0 0 0 0 0 0 0 0 0 0 0 0 0 0 0 0 0
0 0 0 0 0 0 0 0 0 0 0 0 0 0.1175653665058134 0 0 0 0 0 0 0 0.02461588469566173 0 0 0 0 0 0 0.08402062027476025 0 0 0 0 0 0 0 0 0 0 0 0 0 0 0 0.09807582247260567 0 0.06230013646884537 0 0 0 0 0 0 0 0.04177376173069783 0 0 0 0 0 0 0 0 0 0 0 0 0 0 0 0 0 0 0 0 0 0 0 0 0 0 0 0 0 0 0 0 0 0 0 0 0 0 0 0 0 0 0.1128843863894093 0 0
0 0 0 0 0 0 0 0 0 0 0 0 0 0.230507826695477 0 0 0 0 0 0 0 0.04826382336929867 0 0 0 0 0 0 0.1647373810226946 0 0 0 0 0 0 0 0 0 0 0 0 0 0 0 0.1922951066410691 0 0.1221505064551053 0 0 0 0 0 0 0 0.08190489525639083 0 0 0 0 0 0 0 0 0 0 0 0 0 0 0 0 0 0 0 0 0 0 0 0 0 0 0 0 0 0 0 0 0 0 0 0 0 0 0 0 0 0 0.2213299320016031 0 0
0 0 0 0 0 0 0 0 0 0 0 0 0 0 0 0 0 0 0 0 0 0 0 0 0.1220961492919487 0 0 0 0 0 0 0 0 0.05992800446497688 0 0 0 0 0 0 0 0.03591478820489553 0 0 0 0 0 0 0 0 0 0.07569447012456275 0 0 0 0 0 0 0 0 0 0 0 0 0 0 0 0 0 0 0 0 0 0 0 0 0 0 0 0 0 0 0 0 0 0 0 0 0 0.02507270023154553 0 0 0 0 0 0 0 0 0 0
0 0 0 0 0 0 0 0 0 0 0 0 0 0 0 0 0 0 0 0 0 0 0 0.1164987761118299 0 0 0 0 0 0 0 0 0 0 0 0 0 0 0 0 0 0 0 0 0 0 0 0 0 0 0 0 0 0 0 0 0 0 0 0 0 0 0 0 0 0 0 0 0 0 0 0 0.1805742475561592 0 0 0 0 0 0 0 0 0 0 0 0 0 0 0 0 0 0 0 0 0 0.1409862225055887 0 0 0 0 0
0 0 0 0.07262546998445517 0 0 0 0 0 0 0 0 0 0 0 0 0 0 0 0 0 0 0 0 0 0 0 0.1095360640870068 0 0 0 0 0 0 0 0 0.05685930021743632 0 0 0 0 0 0 0 0 0 0 0 0 0 0 0 0 0 0 0 0 0 0 0 0 0 0 0 0 0 0 0 0 0 0 0 0 0 0 0 0 0.04563276367901052 0 0 0 0 0 0 0 0 0 0 0 0 0 0 0 0 0 0 0 0 0 0
0 0 0 0 0 0 0 0 0 0 0 0 0 0 0 0 0.008159699191020695 0 0 0 0 0 0.0174786867226379 0 0 0 0 0 0 0 0.0245121477782941 0.01993546148904967 0 0 0 0 0 0 0 0 0 0 0 0 0 0 0 0 0 0 0 0 0 0 0 0 0 0 0 0 0 0 0 0 0 0 0 0.0006377233217688662 0 0 0 0 0 0 0.0009873018637273862 0.02089706449281323 0 0 0.01274126305023386 0.02828637929388111 0 0 0 0 0 0 0 0 0 0 0 0 0 0.01305052567221904 0 0 0 0 0 0
0 0 0 0 0 0 0 0 0 0 0 0 0 0 0 0 0 0 0 0 0 0 0 0 0 0 0 0 0 0.2701273747131293 0 0 0 0 0 0 0 0 0 0 0 0 0.3935211599435063 0 0 0 0 0 0 0 0 0 0 0 0 0 0.05104477519123075 0 0 0 0 0 0 0 0 0 0 0 0 0 0 0 0 0 0 0 0.1183324974898929 0 0 0 0 0 0 0 0 0 0 0 0 0 0 0 0 0 0 0 0.01270742307727813 0 0 0
0 0 0 0 0 0 0.04787841791445667 0 0 0 0.1258508593892053 0 0 0 0 0 0 0 0 0 0 0 0 0 0 0 0 0 0 0 0 0 0 0 0 0 0 0 0.1617180951903117 0 0 0 0 0 0 0 0 0 0 0 0 0 0.1769457918064316 0 0 0 0 0.1893405422051024 0 0 0 0 0 0.2356622486742405 0 0 0 0 0 0 0 0 0 0 0 0 0 0 0 0 0 0 0 0 0 0 0.282593722222381 0 0 0 0 0 0 0 0 0 0 0 0 0
0 0 0 0 0 0 0 0 0 0 0 0 0 0 0 0 0 0 0 0 0 0 0 0 0 0 0 0 0 0 0 0 0 0 0 0 0 0 0 0 0 0 0 0.5402948796153166 0 0.519228167418322 0 0 0 0 0 0 0 0 0 0 0 0 0 0 0 0 0.3213778844401255 0 0.4405936241247713 0 0 0 0 0 0 0 0 0 0 0 0 0 0 0 0 0 0 0 0.09121734280806046 0 0 0 0 0 0 0 0 0 0 0 0 0 0 0.3643576036880625
0 0 0 0 0 0 0 0 0 0 0 0 0 0 0 0 0 0 0 0 0 0 0 0 0 0 0 0 0 0.02214078311878021 0 0 0 0 0 0 0 0 0 0 0 0 0.03225466009956565 0 0 0 0 0 0 0 0 0 0 0 0 0 0.004183845854409074 0 0 0 0 0 0 0 0 0 0 0 0 0 0 0 0 0 0 0 0.009699032412430213 0 0 0 0 0 0 0 0 0 0 0 0 0 0 0 0 0 0 0 0.001041554187728619 0 0 0
0 0 0 0 0 0 0 0 0 0 0 0 0 0 0 0 0 0 0 0 0 0 0 0 0 0 0 0 0 0 0 0 0 0 0 0 0 0 0 0 0 0 0 0 0 0 0 0 0 0 0 0 0 0 0 0 0 0 0.3187911707176772 0 0 0 0 0 0 0 0 0 0 0 0 0 0 0.9344120072090785 0 0 0 0 0 0 0 0 0 0 0 0 0 0 0 0 0 0 0 0 0 0 0 0 0 0
0 0.2386302239221287 0 0 0.3417224324049955 0 0 0 0 0 0 0 0 0 0 0 0 0 0 0 0 0 0 0 0 0 0 0 0 0 0 0 0 0 0 0 0 0 0 0 0 0 0 0 0 0 0 0 0 0 0 0 0 0 0 0.3383384691709491 0 0 0 0 0 0 0 0 0 0 0 0 0 0 0 0 0 0 0 0 0 0 0 0 0 0.2014327345314288 0 0 0 0 0 0 0 0 0 0 0 0 0 0 0 0 0 0
0 0 0 0 0 0 0 0 0.08089704743707378 0 0 0 0 0 0 0 0 0 0.05064599400252678 0 0 0 0 0 0 0.0833538124708192 0 0 0 0 0 0 0 0 0 0 0 0 0 0 0 0 0 0 0 0 0 0 0 0 0 0 0 0 0 0 0 0 0 0 0 0 0 0 0 0 0 0 0 0 0 0 0 0 0 0 0 0 0 0 0 0 0 0 0 0 0 0.03127973218416896 0 0 0 0 0 0 0 0 0 0 0 0
0 0 0 0.3279318710281228 0 0 0 0 0 0 0 0 0 0 0 0 0 0 0 0 0 0 0 0 0 0 0 0.4945973698868585 0 0 0 0 0 0 0 0 0.256741563388776 0 0 0 0 0 0 0 0 0 0 0 0 0 0 0 0 0 0 0 0 0 0 0 0 0 0 0 0 0 0 0 0 0 0 0 0 0 0 0 0 0.2060494421123207 0 0 0 0 0 0 0 0 0 0 0 0 0 0 0 0 0 0 0 0 0 0
