0.3168524031127268 0 0 0 0 0 0.3189487731314716 0 0 0 0 0 0 0.09112317556335589 0 0 0 0 0 0.4920635092253991 0 0 0 0 0 0 0 0 0 0 0.723561092870276 0 0 0 0 0 0 0 0 0 0 0 0 0 0 0 0 0 0 0.1546145187491336
0 0 0 0 0 0 0 0 0 0 0 0 0 0 0 0 0 0 0 0 0 0 0.02222806476196244 0 0 0 0 0.6379346767669576 0 0 0 0 0 0 0 0 0 0 0 0 0 0 0 0 0 0 0 0 0.7697696157391348 0
0 0 0 0 0 0 0 0 0 0 0 0 0 0 0 0 0 0 0 0 0 0 0 0 0 0 0 0 0 0 0 0 0 0 0 0 0 0 0.5773753680695122 0 0 0 0 0 0.7903433945441199 0 0 0.2049268236397395 0 0
0 0.190384158991325 0 0 0 0 0 0 0 0 0 0 0 0 0 0 0 0 0 0 0 0 0 0 0 0.5707151033548973 0 0 0 0 0 0 0 0 0 0 0 0 0 0 0 0 0 0 0 0.7987728981430047 0 0 0 0
0 0 0 0 0 0 0 0 0 0 0 0 0 0 0.2394430192919943 0 0 0 0 0 0.4656340554948002 0.2917215038980869 0 0 0 0 0 0 0 0 0 0 0 0.5834295217612745 0 0.5480515707272883 0 0 0 0 0 0 0 0 0 0 0 0 0 0
0 0 0 0 0 0.2758161177911727 0 0 0.1380869517619157 0.7877662768687234 0 0 0.02562756737973385 0 0 0 0 0 0 0 0 0 0 0 0 0 0 0 0.5325645348108486 0 0 0 0 0 0 0 0 0 0 0 0 0 0 0 0 0 0 0 0 0
0 0 0.3294145348270718 0 0 0 0 0.3960512295758493 0 0 0 0 0 0 0 0 0 0 0.3798286557929891 0 0 0 0 0 0 0 0 0 0 0 0 0 0.5470310539551542 0 0.004173441437920907 0 0 0.4607650615733617 0 0.2807041974449022 0 0 0 0 0 0 0 0 0 0
0 0 0 0 0.2856245082219407 0 0 0 0 0 0 0 0 0 0 0 0 0 0 0 0 0 0 0.3802131615913316 0 0 0.5512213475120421 0 0 0.154883387323163 0 0 0 0 0 0 0 0 0 0 0 0.3441468948824009 0.508297920701733 0 0 0 0.2630948364888727 0 0 0
0 0 0 0.1580325882833312 0 0 0 0 0 0 0.5073734244997691 0 0 0 0 0 0 0.5400189047782359 0 0 0 0 0 0 0 0 0 0 0 0 0 0.01075893502350157 0 0 0 0 0.5541365379422614 0 0 0 0.1664895609495703 0 0 0.301787442355223 0 0 0 0 0 0
0 0 0 0 0 0 0 0 0 0 0 0.74144210500325 0 0 0 0.1381489079440708 0.6311688084478349 0 0 0 0 0 0 0 0.1811199033920634 0 0 0 0 0 0 0 0 0 0 0 0 0 0 0 0 0 0 0 0 0 0 0 0 0
