0 0 0 0 0 0 0 0 0 0 0 0.4807803130042619 0 0 0 0.08958120230069234 0.4092747569046499 0 0 0 0 0 0 0 0.1174452910841315 0 0 0 0 0 0 0 0 0 0 0 0 0 0 0 0 0 0 0 0 0 0 0 0 0
0 0 0 0 0 0 0 0 0 0 0 0 0 0 0 0 0 0 0 0.3380927024996895 0 0 0 0 0 0 0 0 0 0 0.4971527470046202 0 0 0 0 0 0 0 0 0 0 0 0 0 0 0 0 0 0 0.1062343366446187
0 0 0 0 0 0 0 0 0 0 0 0 0 0 0 0 0 0 0 0 0.4319001551940456 0.2705870872634897 0 0 0 0 0 0 0 0 0 0 0 0 0 0.5083467492512466 0 0 0 0 0 0 0 0 0 0 0 0 0 0
0 0 0 0 0 0 0 0 0 0 0 0 0 0 0 0 0 0 0 0 0 0 0 0 0 0 0 0 0 0 0 0 0 0 0 0 0 0 0 0 0 0 0 0 0.8118364737835059 0 0 0.2104997283912307 0 0
0.6907264214175627 0 0 0 0 0 0.6952964298719393 0 0 0 0 0 0 0.1986451241863818 0 0 0 0 0 0 0 0 0 0 0 0 0 0 0 0 0 0 0 0 0 0 0 0 0 0 0 0 0 0 0 0 0 0 0 0
0 0 0 0 0 0 0 0 0 0 0 0 0 0 0 0 0 0 0 0 0 0 0.01306393443547883 0 0 0 0 0.3749285815319056 0 0 0 0 0 0 0 0 0 0 0 0 0 0 0 0 0 0 0 0 0.4524109452680917 0
0 0 0 0 0 0 0 0 0 0 0.3161272003380598 0 0 0 0 0 0 0.3364674936719054 0 0 0 0 0 0 0 0 0 0 0 0 0 0.006703528098563616 0 0 0 0 0.3452637128509908 0 0 0 0 0 0 0.1880335363307616 0 0 0 0 0 0
0 0 0 0 0 0 0 0 0 0 0 0 0 0 0 0 0 0 0 0 0 0 0 0.1545892332818133 0 0 0.224118715732531 0 0 0.06297336997532217 0 0 0 0 0 0 0 0 0 0 0 0 0.2066666643288876 0 0 0 0 0 0 0
0 0 0 0 0 0 0 0 0 0 0.1945255107992568 0 0 0 0 0 0 0.2070416939886243 0 0 0 0 0 0 0 0 0 0 0 0 0 0.00412494472521118 0 0 0 0 0.212454353915021 0 0 0 0 0 0 0.1157044368944431 0 0 0 0 0 0
0 0 0 0 0 0 0 0 0 0 0.2842312509121528 0 0 0 0 0 0 0.302519291333909 0 0 0 0 0 0 0 0 0 0 0 0 0 0.006027169363920466 0 0 0 0 0.3104280077553219 0 0 0 0 0 0 0.1690617168898315 0 0 0 0 0 0
0 0 0 0 0 0 0 0 0 0 0 0 0 0 0 0 0 0 0 0 0 0 0.001615750570928269 0 0 0 0 0.04637125765284804 0 0 0 0 0 0 0 0 0 0 0 0 0 0 0 0 0 0 0 0 0.05595429514143339 0
0 0 0 0 0 0 0 0 0 0 0 0 0 0 0 0 0 0 0 0.03180101522408105 0 0 0 0 0 0 0 0 0 0 0.04676221036211856 0 0 0 0 0 0 0 0 0 0 0 0 0 0 0 0 0 0 0.009992406615043031
0 0 0 0 0 0 0 0 0 0 0 0 0 0 0 0 0 0 0 0 0.05166212729997886 0.03236651892763575 0 0 0 0 0 0 0 0 0 0 0 0 0 0.06080635572022226 0 0 0 0 0 0 0 0 0 0 0 0 0 0
0 0 0 0 0 0 0 0 0 0 0 0 0 0 0 0 0 0 0 0.3597656397309714 0 0 0 0 0 0 0 0 0 0 0.5290219952922267 0 0 0 0 0 0 0 0 0 0 0 0 0 0 0 0 0 0 0.1130443331126963
0 0 0 0.6254348871952524 0 0 0 0 0 0 0 0 0 0 0 0 0 0 0 0 0 0 0 0 0 0 0 0 0 0 0 0 0 0 0 0 0 0 0 0 0 0 0 0 0 0 0 0 0 0
0 0 0 0 0 0 0 0 0 0 0 0 0 0 0 0 0 0 0 0 0.2051530294511257 0.1285291519692104 0 0 0 0 0 0 0 0 0 0 0 0 0 0.2414652422934873 0 0 0 0 0 0 0 0 0 0 0 0 0 0
0 0 0 0 0 0 0 0 0 0 0 0 0 0 0 0 0 0 0 0 0.216054665359428 0.135359068262038 0 0 0 0 0 0 0 0 0 0 0 0 0 0.2542964744865305 0 0 0 0 0 0 0 0 0 0 0 0 0 0
0 0 0 0 0 0 0 0 0 0 0.1825590272221383 0 0 0 0 0 0 0.1943052615242448 0 0 0 0 0 0 0 0 0 0 0 0 0 0.003871193517423839 0 0 0 0 0.199384954808623 0 0 0 0 0 0 0.1085867316731165 0 0 0 0 0 0
0 0 0 0 0 0 0 0 0 0 0 0 0 0 0 0 0 0 0.4431581050330934 0 0 0 0 0 0 0 0 0 0 0 0 0 0.6382384308495785 0 0 0 0 0.5375891693216386 0 0.3275064646052288 0 0 0 0 0 0 0 0 0 0
0 0 0 0 0 0 0 0 0 0 0 0 0 0 0 0 0 0 0 0 0 0 0 0.05671651661666717 0 0 0.08222586136886947 0 0 0.02310400348581763 0 0 0 0 0 0 0 0 0 0 0 0 0.075822960323198 0 0 0 0 0 0 0
0 0 0.9999197544683358 0 0 0 0 0 0 0 0 0 0 0 0 0 0 0 0 0 0 0 0 0 0 0 0 0 0 0 0 0 0 0 0.01266825260180019 0 0 0 0 0 0 0 0 0 0 0 0 0 0 0
0 0 0 0 0 0 0 0 0.0007818103923835592 0 0 0 0 0 0 0 0 0 0 0 0 0 0 0 0 0 0 0 0.00301523411602218 0 0 0 0 0 0 0 0 0 0 0 0 0 0 0 0 0 0 0 0 0
0 0 0 0 0 0 0 0 0 0 0 0.5414435922957449 0 0 0 0.1008842639016892 0.4609157002076684 0 0 0 0 0 0 0 0.1322641518024219 0 0 0 0 0 0 0 0 0 0 0 0 0 0 0 0 0 0 0 0 0 0 0 0 0
0 0 0 0 0 0 0 0 0 0 0 0 0 0 0 0 0 0 0 0 0 0 0 0.4131693770330838 0 0 0.599000255029782 0 0 0.1683084099068285 0 0 0 0 0 0 0 0 0 0 0 0 0.5523563002515872 0 0 0 0 0 0 0
0 0 0 0 0 0 0 0 0 0 0 0 0 0 0 0 0 0 0 0 0 0 0.003251212267833847 0 0 0 0 0.09330821506020483 0 0 0 0 0 0 0 0 0 0 0 0 0 0 0 0 0 0 0 0 0.112591196979933 0
0 0 0 0 0 0 0 1 0 0 0 0 0 0 0 0 0 0 0 0 0 0 0 0 0 0 0 0 0 0 0 0 0 0 0 0 0 0 0 0 0 0 0 0 0 0 0 0 0 0
0 0 0 0 0 0 0 0 0 0 0 0 0 0 0 0 0 0 0 0 0 0 0 0 0 0 0 0 0 0 0 0 0 0 0 0 0 0 0 0 1 0 0 0 0 0 0 0 0 0
0 0 0 0 0.3493695273079931 0 0 0 0 0 0 0 0 0 0 0 0 0 0 0 0 0 0 0 0 0 0 0 0 0 0 0 0 0 0 0 0 0 0 0 0 0.4209528052689073 0 0 0 0 0.3218117353916565 0 0 0
0 0 0 0 0 0 0 0 0 0 0 0 0 0 0.3892064257611309 0 0 0 0 0 0 0 0 0 0 0 0 0 0 0 0 0 0 0 0 0 0 0 0 0 0 0 0 0 0 0 0 0 0 0
0 0 0 0 0 0 0 0 0 0 0 0 0 0 0 0 0 0 0 0 0 0 0 0 0 0 0 0 0 0 0 0 0 0 0 0 0 0 0 0 0 0 0 0 0.527187155232088 0 0 0.1366934802405705 0 0
0 0 0 0 0 0 0 0 0 0 0 0 0 0 0 0 0 0 0 0 0 0 0.01674994194165113 0 0 0 0 0.4807152090315012 0 0 0 0 0 0 0 0 0 0 0 0 0 0 0 0 0 0 0 0 0.5800593308573426 0
0 0 0 0 0 0 0 0 0 0 0 0 0 0 0 0 0 0 0 0 0 0 0.005447833877868798 0 0 0 0 0.1563501897792511 0 0 0 0 0 0 0 0 0 0 0 0 0 0 0 0 0 0 0 0 0.1886613628170601 0
0 0 0 0 0 0 0 0 0 0 0.1409084507216848 0 0 0 0 0 0 0.1499747987544761 0 0 0 0 0 0 0 0 0 0 0 0 0 0.002987986347671957 0 0 0 0 0.1538955674052212 0 0 0 0 0 0 0.0838128267980531 0 0 0 0 0 0
0 0 0 0 0 0 0 0 0 0 0 0.1594538242283755 0 0 0 0.02971017094390578 0.135738555392984 0 0 0 0 0 0 0 0.03895147179375771 0 0 0 0 0 0 0 0 0 0 0 0 0 0 0 0 0 0 0 0 0 0 0 0 0
0 0 0 0 0 0 0 0 0.08146358890996118 0 0 0 0 0 0 0 0 0 0 0 0 0 0 0 0 0 0 0 0.3141833299836889 0 0 0 0 0 0 0 0 0 0 0 0 0 0 0 0 0 0 0 0 0
0 0 0 0 0 0 0 0 0 0 0 0 0 0 0.3558881255413793 0 0 0 0 0 0 0 0 0 0 0 0 0 0 0 0 0 0 0 0 0 0 0 0 0 0 0 0 0 0 0 0 0 0 0
0 0 0 0 0 0 0 0 0 0 0 0 0 0 0 0 0 0 0 0 0 0 0 0 0 0 0 0 0 0 0 0 0 0.9004949745239151 0 0 0 0 0 0 0 0 0 0 0 0 0 0 0 0
0 0 0 0 0 0 0 0 0 0 0 0 0 0 0.030048244968323 0 0 0 0 0 0 0 0 0 0 0 0 0 0 0 0 0 0 0 0 0 0 0 0 0 0 0 0 0 0 0 0 0 0 0
0 0 0 0 0.4253822039378594 0 0 0 0 0 0 0 0 0 0 0 0 0 0 0 0 0 0 0 0 0 0 0 0 0 0 0 0 0 0 0 0 0 0 0 0 0.5125399271049004 0 0 0 0 0.3918286357392857 0 0 0
0 0 0 0 0 0 0 0 0 0 0 0 0 0 0 0 0 0 0 0.2488086961255337 0 0 0 0 0 0 0 0 0 0 0.3658639356688289 0 0 0 0 0 0 0 0 0 0 0 0 0 0 0 0 0 0 0.07817982047196914
0 0.190384158991325 0 0 0 0 0 0 0 0 0 0 0 0 0 0 0 0 0 0 0 0 0 0 0 0.5707151033548973 0 0 0 0 0 0 0 0 0 0 0 0 0 0 0 0 0 0 0 0.7987728981430047 0 0 0 0
0 0 0 0 0 0.3010694740820702 0 0 0 0.859893107682801 0 0 0.02797399330687781 0 0 0 0 0 0 0 0 0 0 0 0 0 0 0 0 0 0 0 0 0 0 0 0 0 0 0 0 0 0 0 0 0 0 0 0 0
0 0 0 0 0 0 0 0 0 0 0 0 0 0 0 0 0 0 0 0 0.2863881314834836 0.1794232518627664 0 0 0 0 0 0 0 0 0 0 0 0 0 0.3370790075274662 0 0 0 0 0 0 0 0 0 0 0 0 0 0
0 0 0 0 0 0 0 0 0 0 0 0 0 0 0 0 0 0 0 0 0 0 0 0 0 0 0 0 0 0 0 0 0 0 0 0 0 0 1 0 0 0 0 0 0 0 0 0 0 0
0 0 0 0 0 0.1358483916396363 0 0 0 0.3880004640685487 0 0 0.01262240886447817 0 0 0 0 0 0 0 0 0 0 0 0 0 0 0 0 0 0 0 0 0 0 0 0 0 0 0 0 0 0 0 0 0 0 0 0 0
0 0 0 0 0 0 0 0 0.2373975871311499 0 0 0 0 0 0 0 0 0 0 0 0 0 0 0 0 0 0 0 0.9155791618436461 0 0 0 0 0 0 0 0 0 0 0 0 0 0 0 0 0 0 0 0 0
0 0 0 0 0 0 0 0 0 0 0 0 0 0 0 0 0 0 0 0 0 0 0 0 0 0 0 0 0 0 0 0 0 0.4348664172561193 0 0 0 0 0 0 0 0 0 0 0 0 0 0 0 0
0 0 0 0.7802763625018138 0 0 0 0 0 0 0 0 0 0 0 0 0 0 0 0 0 0 0 0 0 0 0 0 0 0 0 0 0 0 0 0 0 0 0 0 0 0 0 0 0 0 0 0 0 0
0 0 0 0 0 0 0 0 0 0 0 0 0 0 0.8197559852589995 0 0 0 0 0 0 0 0 0 0 0 0 0 0 0 0 0 0 0 0 0 0 0 0 0 0 0 0 0 0 0 0 0 0 0
0 0 0 0 0 0 0 0 0 0 0 0 0 0 0.2212673221496102 0 0 0 0 0 0 0 0 0 0 0 0 0 0 0 0 0 0 0 0 0 0 0 0 0 0 0 0 0 0 0 0 0 0 0
