0.3174492322477293 0 0 0 0 0 0 0 0 0 0 0 0 0 0 0 0 0 0 0
0 0 0 0 0 0 0 0 0 0 0 0 0 0.606601623008591 0 0 0 0 0 0
0 0 0 0.6309281699412901 0 0 0 0 0 0 0 0 0 0 0 0 0 0 0 0
0 0 0 0 0 0 0 0.4204453442059643 0 0 0 0 0 0 0 0 0 0 0 0
0.05693689076518119 0 0 0 0 0 0 0 0 0 0 0 0 0 0 0 0 0 0 0
0 0 0 0 0 0 0 0 0 0 0 0 0 0 0 0 0 0 0 0.6897143265936404
0 0 0 0 0 0 0 0 0.3311528285092482 0 0 0 0 0 0 0 0 0 0 0
0 0 0 0 0 0 0 0 0 0 0 0 0.02132029651441445 0 0 0 0 0 0 0
0 0 0 0 0 0 0.2290799146829481 0 0 0 0 0 0 0 0 0 0 0 0 0
0 0 0 0 0 0 0 0 0 0 0 0 0.3752776124256457 0 0 0 0 0 0 0
0 0 0 0 0 0 0 0 0 0 0 0 0 0 0 0 0.6581514185166177 0 0 0
0 0 0 0 0 0 0 0 0 0 0 0 0 0.4158799751969414 0 0 0 0 0 0
0 0 0 0 0 0 0 0.4554741642091855 0 0 0 0 0 0 0 0 0 0 0 0
0 0 0 0.6596150074217983 0 0 0 0 0 0 0 0 0 0 0 0 0 0 0 0
0 0 0 0 0 0 0.388426319326749 0 0 0 0 0 0 0 0 0 0 0 0 0
0 0 0 0 0 0 0 0 0 0 0 0 0 0.1700924057575036 0 0 0 0 0 0
0 0 0 0.3747149034277454 0 0 0 0 0 0 0 0 0 0 0 0 0 0 0 0
0 0 0 0 0 0 0 0 0 0 0 0 0 0 0 0.5705169951946087 0 0 0 0
0 0 0.6593496593830781 0 0 0 0 0 0 0 0 0 0 0 0 0 0 0 0 0
0 0 0 0 0 0 0 0 0 0.6580197143389928 0 0 0 0 0 0 0 0 0 0
0 0 0 0 0 0 0 0 0 0 0 0.07810590994568815 0 0 0 0 0 0 0 0
0 0 0 0 0.4473949926204929 0 0 0 0 0 0 0 0 0 0 0 0 0 0 0
0 0 0 0 0 0 0 0 0 0 0 0 0 0 0.6515991651147384 0 0 0 0 0
0 0 0 0 0 0 0.3739174451404049 0 0 0 0 0 0 0 0 0 0 0 0 0
0 0 0 0 0 0 0 0 0 0 0 0 0 0.4274728720550002 0 0 0 0 0 0
0 0 0 0 0.2235416131581335 0 0 0 0 0 0 0 0 0 0 0 0 0 0 0
0 0 0 0 0.4428788133774685 0 0 0 0 0 0 0 0 0 0 0 0 0 0 0
0 0 0 0 0 0 0 0 0 0 0 0 0 0 0 0 0 0 0 0.07533173352156015
0 0 0 0 0 0 0 0 0 0 0 0 0 0 0.2403548098619576 0 0 0 0 0
0 0 0 0 0 0 0 0 0 0 0 0 0.1488408515804264 0 0 0 0 0 0 0
0 0 0 0 0 0 0 0 0 0 0 0 0 0.266965833210949 0 0 0 0 0 0
0 0 0 0 0 0.5251365902126502 0 0 0 0 0 0 0 0 0 0 0 0 0 0
0 0 0 0 0 0 0 0 0 0 0 0 0 0 0 0 0 0 0.299455630621984 0
0 0 0 0 0.4920072768267739 0 0 0 0 0 0 0 0 0 0 0 0 0 0 0
0 0 0 0 0 0 0 0 0 0 0 0 0 0 0 0.6188627237131683 0 0 0 0
0 0 0 0 0.4347826772769691 0 0 0 0 0 0 0 0 0 0 0 0 0 0 0
0 0 0 0 0.3308023848382662 0 0 0 0 0 0 0 0 0 0 0 0 0 0 0
0 0 0 0 0 0 0 0 0 0 0 0 0 0 0.5405241495084543 0 0 0 0 0
0 0 0 0 0 0 0 0.3580347245132314 0 0 0 0 0 0 0 0 0 0 0 0
0 0 0 0 0 0 0 0 0 0 0 0 0 0 0 0 0 0 0.2867023464850679 0
0 0.1635238876560805 0 0 0 0 0 0 0 0 0 0 0 0 0 0 0 0 0 0
0 0 0.1264377223609691 0 0 0 0 0 0 0 0 0 0 0 0 0 0 0 0 0
0 0 0.5697217452196008 0 0 0 0 0 0 0 0 0 0 0 0 0 0 0 0 0
0.1610676052618679 0 0 0 0 0 0 0 0 0 0 0 0 0 0 0 0 0 0 0
0 0 0 0 0 0 0 0 0 0 0 0 0 0 0 0 0 0.5929696792470257 0 0
0 0 0 0 0 0 0 0 0 0 0 0 0.5629114479751119 0 0 0 0 0 0 0
0.6324943916292903 0 0 0 0 0 0 0 0 0 0 0 0 0 0 0 0 0 0 0
0 0 0 0 0 0 0.5658126760782323 0 0 0 0 0 0 0 0 0 0 0 0 0
0 0 0 0 0 0 0 0 0 0 0 0 0 0 0 0 0.6101993550944222 0 0 0
0 0 0 0 0 0 0 0 0 0.6468759297796873 0 0 0 0 0 0 0 0 0 0
0 0 0 0 0 0.5382006356940354 0 0 0 0 0 0 0 0 0 0 0 0 0 0
0 0 0 0 0 0 0 0 0 0 0 0 0.5682201201374766 0 0 0 0 0 0 0
0.4835304786300042 0 0 0 0 0 0 0 0 0 0 0 0 0 0 0 0 0 0 0
0 0 0 0 0 0 0 0 0 0 0 0.4535424776041819 0 0 0 0 0 0 0 0
0 0 0 0 0 0.1882404953158154 0 0 0 0 0 0 0 0 0 0 0 0 0 0
0 0 0 0 0.114838450445932 0 0 0 0 0 0 0 0 0 0 0 0 0 0 0
0 0 0 0 0 0 0 0 0 0 0 0 0 0 0 0.4139498881476152 0 0 0 0
0 0.9851095657272003 0 0 0 0 0 0 0 0 0 0 0 0 0 0 0 0 0 0
0 0 0 0 0 0 0 0 0 0 0.5768653398755792 0 0 0 0 0 0 0 0 0
0 0 0 0 0 0 0 0 0 0 0.3120350989290174 0 0 0 0 0 0 0 0 0
0 0 0 0 0 0 0 0 0 0 0 0 0 0 0 0 0 0 0 0.03195943921289957
0 0 0 0 0 0 0 0 0 0 0 0 0 0 0 0 0 0 0.4543227924721585 0
0 0 0 0 0 0 0 0.1010572578724613 0 0 0 0 0 0 0 0 0 0 0 0
0 0 0 0 0 0 0 0 0 0 0 0 0.1026211209864212 0 0 0 0 0 0 0
0 0 0 0 0 0 0 0 0 0 0 0 0 0 0 0 0.1801750335526658 0 0 0
0 0 0 0 0 0.5275283195931911 0 0 0 0 0 0 0 0 0 0 0 0 0 0
0 0 0 0 0 0 0 0 0 0 0 0 0 0 0 0 0 0 0.2613035866936107 0
0 0 0 0 0 0 0 0 0 0 0 0 0 0 0 0 0 0.2147273490612112 0 0
0 0 0 0 0 0 0 0 0 0 0 0 0 0 0 0 0 0 0 0.4907646947705215
0 0 0 0 0 0.0239449805460172 0 0 0 0 0 0 0 0 0 0 0 0 0 0
0 0 0 0 0 0 0 0 0 0 0 0 0 0 0 0 0 0 0 0.5260683284784512
0 0 0 0 0 0 0 0 0 0 0 0 0 0 0.4665675204019391 0 0 0 0 0
0 0 0 0 0 0 0 0 0 0 0 0 0 0 0.03721348930446854 0 0 0 0 0
0 0 0 0 0 0 0 0 0 0 0 0 0 0 0 0 0 0 0.4523637998183027 0
0 0 0 0 0 0 0 0 0 0 0 0.887805546186898 0 0 0 0 0 0 0 0
0 0 0 0 0 0.3468107022792961 0 0 0 0 0 0 0 0 0 0 0 0 0 0
0 0 0 0 0 0 0 0.2959286774845818 0 0 0 0 0 0 0 0 0 0 0 0
0 0 0 0 0 0 0.5802492110739914 0 0 0 0 0 0 0 0 0 0 0 0 0
0 0.05309502498924184 0 0 0 0 0 0 0 0 0 0 0 0 0 0 0 0 0 0
0.1003212033989694 0 0 0 0 0 0 0 0 0 0 0 0 0 0 0 0 0 0 0
0 0 0 0 0 0 0 0.4501860468006976 0 0 0 0 0 0 0 0 0 0 0 0
0 0 0.4740133564146919 0 0 0 0 0 0 0 0 0 0 0 0 0 0 0 0 0
0 0 0 0 0 0 0 0 0 0 0.2755973307555088 0 0 0 0 0 0 0 0 0
0 0 0 0.1625620727833244 0 0 0 0 0 0 0 0 0 0 0 0 0 0 0 0
0.4755272640894985 0 0 0 0 0 0 0 0 0 0 0 0 0 0 0 0 0 0 0
0 0 0 0 0 0 0 0 0 0 0 0 0 0.319203209476327 0 0 0 0 0 0
0 0 0 0 0 0 0 0 0 0 0 0 0 0 0.08007273141296431 0 0 0 0 0
0 0 0 0 0 0 0 0 0 0 0 0 0 0 0 0 0 0 0.4137015398245439 0
0 0 0 0 0 0 0 0 0 0 0 0 0 0.2724929160771061 0 0 0 0 0 0
0 0 0 0 0 0 0 0 0.9435771320725849 0 0 0 0 0 0 0 0 0 0 0
0 0 0 0 0 0 0 0 0 0 0 0 0 0 0 0 0 0 0.4214941923572001 0
0 0 0 0 0 0 0 0 0 0.3854368781174102 0 0 0 0 0 0 0 0 0 0
0 0 0 0 0 0 0 0 0 0 0 0 0 0 0 0 0 0.5781963241380064 0 0
0 0 0 0 0 0 0 0 0 0 0 0 0.4316063736860967 0 0 0 0 0 0 0
0 0 0 0 0 0 0 0.4325809820781448 0 0 0 0 0 0 0 0 0 0 0 0
0 0 0 0 0 0 0 0 0 0 0 0 0 0 0 0 0.3917031330021218 0 0 0
0 0 0 0 0 0 0 0 0 0 0 0 0 0 0 0 0 0.5176563877825925 0 0
0 0 0 0 0 0 0 0 0 0 0 0 0 0 0 0 0.09273117182227884 0 0 0
0 0 0 0 0 0 0 0 0 0 0.7027848802919919 0 0 0 0 0 0 0 0 0
0 0 0 0 0 0 0 0 0 0 0 0 0 0 0 0.3466479157517183 0 0 0 0
