0 0 0 0 0 0 0 0 0 0 0 0.3150682428049357 0 0 0 0.05870496614320065 0.2682087327507152 0 0 0 0 0 0 0 0.07696505136903035 0 0 0 0 0 0 0 0 0 0 0 0 0 0 0 0 0 0 0 0 0 0 0 0 0
0.1814943469760253 0 0 0 0 0 0.1826951562608356 0 0 0 0 0 0 0.05219572608817844 0 0 0 0 0 0.2818559821552702 0 0 0 0 0 0 0 0 0 0 0.4144587409079216 0 0 0 0 0 0 0 0 0 0 0 0 0 0 0 0 0 0 0.08856382605185076
0 0 0 0 0 0 0 0 0 0 0 0 0 0 0.1582168649651313 0 0 0 0 0 0.3076772114686179 0.1927609413134887 0 0 0 0 0 0 0 0 0 0 0 0.3855129714540023 0 0.3621362678105298 0 0 0 0 0 0 0 0 0 0 0 0 0 0
0 0 0 0 0 0 0 0 0 0 0 0 0 0 0 0 0 0 0 0 0 0 0 0 0 0 0 0 0 0 0 0 0 0 0 0 0 0 0.4840261735511945 0 0 0 0 0 0.6625618448735006 0 0 0.1717945582541751 0 0
0.1096606885378024 0 0 0 0 0 0.1103862294440008 0 0 0 0 0 0 0.03153717653980857 0 0 0 0 0 0.1703001861304714 0 0 0 0 0 0 0 0 0 0 0.2504200910702583 0 0 0 0 0 0 0 0 0 0 0 0 0 0 0 0 0 0 0.05351114404500448
0 0 0 0 0 0 0 0 0 0 0 0 0 0 0 0 0 0 0 0 0 0 0.01131417902766831 0 0 0 0 0.3247114500606596 0 0 0 0 0 0 0 0 0 0 0 0 0 0 0 0 0 0 0 0 0.3918159918912841 0
0 0 0 0.09583544396006083 0 0 0 0 0 0 0.3076856357202403 0 0 0 0 0 0 0.327482780915174 0 0 0 0 0 0 0 0 0 0 0 0 0 0.006524523363916047 0 0 0 0 0.3360441140973779 0 0 0 0.100963992057837 0 0 0.1830124649216712 0 0 0 0 0 0
0 0 0 0 0.06449288865129167 0 0 0 0 0 0 0 0 0 0 0 0 0 0 0 0 0 0 0.08585063392113244 0 0 0.1244636085629093 0 0 0.03497205864703286 0 0 0 0 0 0 0 0 0 0 0 0.07770701299235888 0.1147716678991266 0 0 0 0.05940577753650642 0 0 0
0 0 0 0.05897132125634411 0 0 0 0 0 0 0.189331083785478 0 0 0 0 0 0 0.2015130465438022 0 0 0 0 0 0 0 0 0 0 0 0 0 0.004014796065413584 0 0 0 0 0.2067811718699681 0 0 0 0.06212711878756453 0 0 0.1126147740006195 0 0 0 0 0 0
0 0 0 0.08616603724500876 0 0 0 0 0 0 0.2766414058484798 0 0 0 0 0 0 0.2944410995705896 0 0 0 0 0 0 0 0 0 0 0 0 0 0.005866225479326962 0 0 0 0 0.3021386290373717 0 0 0 0.09077713568777243 0 0 0.1645472511747685 0 0 0 0 0 0
0 0 0 0 0 0 0 0 0 0 0 0 0 0 0 0 0 0 0 0 0 0 0.001399340398853562 0 0 0 0 0.04016039068579627 0 0 0 0 0 0 0 0 0 0 0 0 0 0 0 0 0 0 0 0 0.0484598966508794 0
0.01707136666540306 0 0 0 0 0 0.01718431484223484 0 0 0 0 0 0 0.00490953240838924 0 0 0 0 0 0.02651138670917129 0 0 0 0 0 0 0 0 0 0 0.03898400832646894 0 0 0 0 0 0 0 0 0 0 0 0 0 0 0 0 0 0 0.008330317571939782
0 0 0 0 0 0 0 0 0 0 0 0 0 0 0.01892525325710944 0 0 0 0 0 0.03680308764661772 0.02305727416126314 0 0 0 0 0 0 0 0 0 0 0 0.04611348240451933 0 0.04331725687656052 0 0 0 0 0 0 0 0 0 0 0 0 0 0
0.1931287761156117 0 0 0 0 0 0.1944065615198828 0 0 0 0 0 0 0.05554165661813809 0 0 0 0 0 0.2999239468417251 0 0 0 0 0 0 0 0 0 0 0.4410270111197336 0 0 0 0 0 0 0 0 0 0 0 0 0 0 0 0 0 0 0.09424108033386441
0 0.09664653449916825 0 0 0 0 0 0 0 0 0 0 0 0 0 0 0 0 0 0 0 0 0 0 0 0.2897175753372357 0 0 0 0 0 0 0 0 0 0 0 0 0 0 0 0 0 0 0 0.4054887384874082 0 0 0 0
0 0 0 0 0 0 0 0 0 0 0 0 0 0 0.07515317780627613 0 0 0 0 0 0.1461470001035364 0.09156165052208819 0 0 0 0 0 0 0 0 0 0 0 0.1831190682276103 0 0.1720151093302469 0 0 0 0 0 0 0 0 0 0 0 0 0 0
0 0 0 0 0 0 0 0 0 0 0 0 0 0 0.07914674584662096 0 0 0 0 0 0.1539131120078159 0.0964271491200157 0 0 0 0 0 0 0 0 0 0 0 0.1928498404956385 0 0.1811558278351712 0 0 0 0 0 0 0 0 0 0 0 0 0 0
0 0 0 0.05534362561665368 0 0 0 0 0 0 0.1776841419759022 0 0 0 0 0 0 0.189116715840782 0 0 0 0 0 0 0 0 0 0 0 0 0 0.003767820792171248 0 0 0 0 0.1940607657542231 0 0 0 0.05830529025921133 0 0 0.105687133311836 0 0 0 0 0 0
0 0 0 0 0 0 0 0 0 0 0 0.01452403889152012 0 0 0 0.002706185821200325 0.01236390577113312 0 0 0 0 0 0 0 0.003547940564938871 0 0 0 0 0 0 0 0 0 0 0 0 0 0 0 0 0 0 0 0 0 0 0 0 0
0 0 0 0 0.02366149254508383 0 0 0 0 0 0 0 0 0 0 0 0 0 0 0 0 0 0 0.03149733524108339 0 0 0.04566386787338492 0 0 0.01283073408972555 0 0 0 0 0 0 0 0 0 0 0 0.02850956046582055 0.042108037353784 0 0 0 0.02179510627776482 0 0 0
0 0 0.3294145348270718 0 0 0 0 0.3960512295758493 0 0 0 0 0 0 0 0 0 0 0.3798286557929891 0 0 0 0 0 0 0 0 0 0 0 0 0 0.5470310539551542 0 0.004173441437920907 0 0 0.4607650615733617 0 0.2807041974449022 0 0 0 0 0 0 0 0 0 0
0 0 0 0 0 0.0006769255361915422 0 0 0.0003389018183964954 0.001933386321414035 0 0 6.289681302434177e-05 0 0 0 0 0 0 0 0 0 0 0 0 0 0 0 0.001307053903051385 0 0 0 0 0 0 0 0 0 0 0 0 0 0 0 0 0 0 0 0 0
0 0 0 0 0 0 0 0 0 0 0 0.354822517870236 0 0 0 0.06611216577391944 0.3020504288917282 0 0 0 0 0 0 0 0.08667624852206651 0 0 0 0 0 0 0 0 0 0 0 0 0 0 0 0 0 0 0 0 0 0 0 0 0
0 0 0 0 0.1723696150206151 0 0 0 0 0 0 0 0 0 0 0 0 0 0 0 0 0 0 0.2294522857903495 0 0 0.332652866706964 0 0 0.09346953457242445 0 0 0 0 0 0 0 0 0 0 0 0.2076868968657457 0.3067492963140849 0 0 0 0.1587733348297283 0 0 0
0 0 0 0 0 0 0 0 0 0 0 0 0 0 0 0 0 0 0 0 0 0 0.002815751857673449 0 0 0 0 0.08081071251217128 0 0 0 0 0 0 0 0 0 0 0 0 0 0 0 0 0 0 0 0 0.09751097311931199 0
0 0 0 0 0 0 0 0 0 0 0 0 0 0 0 0 0 0 0 0 0 0 0.0111126178713661 0 0 0 0 0.3189267426436442 0 0 0 0 0 0 0 0 0 0 0 0 0 0 0 0 0 0 0 0 0.3848358226549504 0
0 0 0 0 0 0 0 0 0 0 0 0.3879584713627393 0 0 0 0.07228620924647726 0.3302581340402704 0 0 0 0 0 0 0 0.09477071827886538 0 0 0 0 0 0 0 0 0 0 0 0 0 0 0 0 0 0 0 0 0 0 0 0 0
0 0 0 0 0.1378167747648921 0 0 0 0 0 0 0 0 0 0 0 0 0 0 0 0 0 0 0.1834567768006923 0 0 0.2659699924512005 0 0 0.07473283381184374 0 0 0 0 0 0 0 0 0 0 0 0.1660544306694809 0.2452589957594982 0 0 0 0.1269459754973779 0 0 0
0 0 0 0 0 0 0 0 0 0 0 0.1571004059779414 0 0 0 0.02927167121609266 0.1337351566341566 0 0 0 0 0 0 0 0.03837657743142867 0 0 0 0 0 0 0 0 0 0 0 0 0 0 0 0 0 0 0 0 0 0 0 0 0
0 0 0 0 0 0 0 0 0 0 0 0 0 0 0 0 0 0 0 0 0 0 0 0 0 0 0 0 0 0 0 0 0 0 0 0 0 0 0.3143150002895467 0 0 0 0 0 0.4302517876984814 0 0 0.1115592700932573 0 0
0 0 0 0 0 0 0 0 0 0 0 0 0 0 0 0 0 0 0 0 0 0 0.01450649058037354 0 0 0 0 0.416329243166938 0 0 0 0 0 0 0 0 0 0 0 0 0 0 0 0 0 0 0 0 0.5023674260157073 0
0 0 0 0 0 0 0 0 0 0 0 0 0 0 0 0 0 0 0 0 0 0 0.004718162672327044 0 0 0 0 0.1354089801130823 0 0 0 0 0 0 0 0 0 0 0 0 0 0 0 0 0 0 0 0 0.1633924638138975 0
0 0 0 0.04271705793805813 0 0 0 0 0 0 0.1371457634531045 0 0 0 0 0 0 0.1459700122211549 0 0 0 0 0 0 0 0 0 0 0 0 0 0.002908197959314163 0 0 0 0 0.149786084338728 0 0 0 0.04500302310061451 0 0 0.08157476758498546 0 0 0 0 0 0
0 0 0 0 0 0 0 0 0 0 0 0.1044943706081327 0 0 0 0.01946987241269938 0.08895311844469966 0 0 0 0 0 0 0 0.02552594488746562 0 0 0 0 0 0 0 0 0 0 0 0 0 0 0 0 0 0 0 0 0 0 0 0 0
0 0 0 0 0 0.07053472829241773 0 0 0.03531311259565063 0.2014562482491849 0 0 0.006553763124509496 0 0 0 0 0 0 0 0 0 0 0 0 0 0 0 0.1361932546288028 0 0 0 0 0 0 0 0 0 0 0 0 0 0 0 0 0 0 0 0 0
0 0 0 0 0 0 0 0 0 0 0 0.1436517110321124 0 0 0 0.02676584843168108 0.1222866609163417 0 0 0 0 0 0 0 0.03509132250336223 0 0 0 0 0 0 0 0 0 0 0 0 0 0 0 0 0 0 0 0 0 0 0 0 0
0 0 0 0 0 0 0 0 0 0 0 0 0 0 0.08554000767231321 0 0 0 0 0 0.1663458003381736 0.1042162755690553 0 0 0 0 0 0 0 0 0 0 0 0.2084277333090832 0 0.1957891096740066 0 0 0 0 0 0 0 0 0 0 0 0 0 0
0 0 0 0 0 0 0 0 0 0 0 0.01212876039807566 0 0 0 0.002259886500109272 0.01032487256489048 0 0 0 0 0 0 0 0.002962820558397232 0 0 0 0 0 0 0 0 0 0 0 0 0 0 0 0 0 0 0 0 0 0 0 0 0
0 0 0 0 0.16780170795324 0 0 0 0 0 0 0 0 0 0 0 0 0 0 0 0 0 0 0.2233716507679776 0 0 0.3238373490727708 0 0 0.09099253102683681 0 0 0 0 0 0 0 0 0 0 0 0.2021830588263048 0.2986202401670495 0 0 0 0.1545657380430633 0 0 0
0.1335650592023694 0 0 0 0 0 0.1344487570468957 0 0 0 0 0 0 0.03841180379022559 0 0 0 0 0 0.2074230496450863 0 0 0 0 0 0 0 0 0 0 0.3050078814499851 0 0 0 0 0 0 0 0 0 0 0 0 0 0 0 0 0 0 0.0651757636912314
0 0.1112095102731852 0 0 0 0 0 0 0 0 0 0 0 0 0 0 0 0 0 0 0 0 0 0 0 0.3333730468221381 0 0 0 0 0 0 0 0 0 0 0 0 0 0 0 0 0 0 0 0.4665889393981777 0 0 0 0
0 0 0 0 0 0.1548176228632814 0 0 0.0775092253180158 0.4421790261329555 0 0 0.01438494274110165 0 0 0 0 0 0 0 0 0 0 0 0 0 0 0 0.2989324045345678 0 0 0 0 0 0 0 0 0 0 0 0 0 0 0 0 0 0 0 0 0
0 0 0 0 0 0 0 0 0 0 0 0 0 0 0.1049118222849004 0 0 0 0 0 0.2040172957403951 0.1278176104867687 0 0 0 0 0 0 0 0 0 0 0 0.2556293120750409 0 0.2401284830149324 0 0 0 0 0 0 0 0 0 0 0 0 0 0
0 0 0 0 0 0 0 0 0 0 0 0 0 0 0 0 0 0 0 0 0 0 0 0 0 0 0 0 0 0 0 0 0 0 0 0 0 0 0.01694283222415204 0 0 0 0 0 0.02319228750266963 0 0 0.006013489634595028 0 0
0 0 0 0 0 0.069856717050349 0 0 0.03497366722013249 0.1995197610122642 0 0 0.006490765432679575 0 0 0 0 0 0 0 0 0 0 0 0 0 0 0 0.1348841043709406 0 0 0 0 0 0 0 0 0 0 0 0 0 0 0 0 0 0 0 0 0
0 0 0 0 0 0.2055491849748804 0 0 0.1029079105950486 0.5870748869130966 0 0 0.01909868658140367 0 0 0 0 0 0 0 0 0 0 0 0 0 0 0 0.3968883579159698 0 0 0 0 0 0 0 0 0 0 0 0 0 0 0 0 0 0 0 0 0
0 0 0 0 0 0 0 0 0 0 0 0 0 0 0.0413089220050188 0 0 0 0 0 0.08033160013681137 0.05032805252517032 0 0 0 0 0 0 0 0 0 0 0 0.1006537784276416 0 0.09455034294523922 0 0 0 0 0 0 0 0 0 0 0 0 0 0
0 0.120573712677903 0 0 0 0 0 0 0 0 0 0 0 0 0 0 0 0 0 0 0 0 0 0 0 0.3614441414529066 0 0 0 0 0 0 0 0 0 0 0 0 0 0 0 0 0 0 0 0.5058772453856261 0 0 0 0
0 0 0 0 0 0 0 0 0 0 0 0.3308886738834967 0 0 0 0.06165270172762373 0.2816762207253058 0 0 0 0 0 0 0 0.08082967536223774 0 0 0 0 0 0 0 0 0 0 0 0 0 0 0 0 0 0 0 0 0 0 0 0 0
0 0 0 0 0 0 0 0 0 0 0 0.08931298107778372 0 0 0 0.01664120599284175 0.076029628564919 0 0 0 0 0 0 0 0.02181742633080498 0 0 0 0 0 0 0 0 0 0 0 0 0 0 0 0 0 0 0 0 0 0 0 0 0
