0 0 0 0.3521141515240854 0 0 0 0 0 0 0 0 0 0 0 0 0 0 0 0 0 0 0 0 0 0 0 0 0.1367629904690667 0 0 0 0 0 0 0 0 0 0 0 0 0 0 0 0 0 0.1995403844908318 0 0 0 0 0 0 0 0 0 0 0 0 0 0 0 0 0 0 0 0 0 0 0 0 0 0 0 0 0 0 0 0 0 0 0 0 0 0 0 0 0 0.2167163871480375 0 0 0 0 0 0 0 0 0 0 0.8777978988543913
0 0 0 0 0 0 0 0 0 0 0 0 0 0 0 0 0 0 0 0 0 0 0 0 0 0 0 0 0 0 0 0 0 0 0 0 0 0 0 0 0 0 0 0 0 0 0 0 0.9910416743870925 0 0 0 0 0 0 0 0 0 0 0 0 0 0 0 0 0 0 0 0 0 0 0 0 0 0 0 0 0 0 0 0 0 0 0 0 0.1335529843471421 0 0 0 0 0 0 0 0 0 0 0 0 0 0
0 0 0 0 0 0 0 0 0 0 0 0 0 0 0 0 0 0 0 0 0 0 0 0 0 0 0 0 0 0 0 0 0 0 0 0 0 0 0 0 0 0 0 0 0 0 0 0.5292409661084014 0 0 0 0 0 0 0 0 0 0 0 0 0 0 0 0 0 0 0 0 0 0 0 0 0 0.4608744739632002 0 0.5507553179380809 0 0 0 0 0 0 0 0 0 0 0.4518487565598835 0 0 0 0 0 0 0 0 0 0 0 0 0
0 0 0 0 0 0 0 0 0 0 0 0 0 0 0 0 0 0 0 0 0 0 0 0 0 0 0.4686124501428767 0 0 0 0 0.5437452132947845 0.2991071591459308 0 0 0 0 0 0 0 0 0 0 0 0 0 0 0 0 0 0.2443452191924055 0 0 0 0.06316340421418951 0.02909214070083025 0 0 0 0 0 0 0 0 0 0 0 0 0 0 0 0 0 0 0 0 0 0 0 0 0 0 0 0 0 0 0 0.189074283517519 0 0 0.2898677539152343 0 0 0 0 0 0 0 0.4593097735358539 0
0 0 0 0 0.2730210544016197 0 0 0 0 0 0 0 0 0 0.8430857270439632 0 0 0 0 0 0 0 0 0 0 0 0 0 0 0 0 0 0 0 0 0 0 0 0 0 0 0 0 0 0 0 0 0 0 0 0 0 0 0 0 0 0 0 0 0 0 0 0 0 0 0 0.3955990226939714 0 0 0 0 0 0 0 0 0 0 0.2411791324964797 0 0 0 0 0 0 0 0 0 0 0 0 0 0 0 0 0 0 0 0 0 0
0 0 0 0 0 0 0 0 0 0 0.9918789055747952 0 0 0 0 0 0 0 0 0 0 0 0 0 0 0 0 0 0 0 0 0 0 0 0 0 0 0 0 0 0 0 0 0 0 0 0 0 0 0 0 0 0 0 0 0 0 0 0 0 0 0 0 0 0 0 0 0 0 0 0 0 0 0 0 0 0 0 0 0 0 0 0 0 0 0 0 0 0 0 0 0 0 0 0.1271858352008846 0 0 0 0 0
0 0.8138817448898902 0 0 0 0 0 0 0 0 0 0 0 0 0 0 0 0 0 0 0 0 0 0 0 0 0 0 0 0 0 0 0 0 0 0 0 0 0 0 0 0 0 0 0 0 0 0 0 0 0 0 0 0 0 0 0 0 0 0 0 0 0 0 0 0 0 0 0 0 0 0 0 0 0 0 0 0 0 0 0 0 0 0 0.5810305545623118 0 0 0 0 0 0 0 0 0 0 0 0 0 0 0
0 0 0 0 0 0 0 0 0 0.5621754675400239 0 0 0 0 0 0 0 0 0 0 0 0 0 0 0 0 0 0 0 0 0.4509531701098288 0 0 0 0 0 0 0 0 0 0 0 0 0 0 0 0 0 0 0.6594150584085275 0 0 0 0 0 0 0 0.0548618777437745 0 0 0 0 0 0 0 0 0 0 0 0 0 0 0 0 0 0 0 0 0 0 0 0 0 0 0 0 0 0 0 0 0 0 0.2067895963982632 0 0 0 0 0 0 0
0 0 0 0 0 0 0 0 0 0 0 0 0 0 0 0 0 0 0 0 0 0 0 0.5481439025171531 0 0 0 0 0 0 0 0 0 0 0 0 0 0 0 0 0 0 0 0.4288095653025803 0 0 0 0 0 0 0 0 0 0 0 0 0 0 0.3772367233900406 0.5080229894099625 0 0 0 0 0 0 0 0 0 0 0 0 0 0 0 0 0 0 0.3395080493820272 0 0 0 0 0 0 0 0 0 0 0 0 0 0 0 0 0 0 0 0 0
0 0 0 0 0 0 0.231424689316658 0 0 0 0 0 0 0 0 0 0 0 0 0 0 0 0 0 0 0 0 0 0 0 0 0 0 0 0.3110852478733617 0 0.4225506769366498 0.3330718531328544 0 0 0 0.5674462573173819 0 0 0 0 0 0 0 0 0 0 0.324796340755578 0 0 0 0 0 0 0 0 0 0 0 0 0 0 0 0 0 0 0.2120863458706101 0 0 0 0 0 0 0 0.2961656829965566 0 0 0 0 0 0 0 0 0 0 0 0 0 0 0 0 0 0 0 0
0 0 0 0 0 0 0 0 0 0 0 0 0 0.6584763699757407 0 0 0 0 0 0 0.6906225047787399 0 0 0 0 0 0 0 0 0 0 0 0 0 0 0 0 0 0 0 0 0 0 0 0 0 0 0 0 0 0 0 0 0 0 0 0 0 0 0 0 0 0 0 0 0 0 0 0 0 0 0 0.2990809690981872 0 0 0 0 0 0 0 0 0 0 0 0 0 0 0 0 0 0 0 0 0 0 0 0 0 0 0
0 0 0 0 0 0 0 0.2686319180531045 0.3097889897525186 0 0 0 0 0 0 0 0 0.04779437986488937 0.1273328564541533 0 0 0 0 0 0 0.4574316987882735 0 0 0 0 0 0 0 0 0 0 0 0 0 0 0 0 0 0 0 0 0 0 0 0 0 0 0 0.2216265217476464 0 0 0.4266846790158876 0 0 0 0 0 0 0 0 0 0 0 0 0 0 0 0 0 0 0 0 0 0 0 0 0 0.4852297410384003 0 0 0 0 0 0 0 0 0 0 0 0 0 0.3708098222248312 0 0 0
0 0 0 0 0 0 0 0 0 0 0 0 0 0 0 0.1415683544846938 0 0 0 0.4373792217760465 0 0 0.2756292467555811 0 0 0 0 0 0 0 0 0 0 0.1411377478646856 0 0 0 0 0 0 0 0 0.4435699351232709 0 0 0 0 0 0 0 0 0 0 0 0 0 0 0 0 0 0 0 0 0 0 0 0 0 0 0.5992193778190846 0.02779997909352305 0 0 0 0 0 0 0 0 0 0 0 0 0.3690196239916753 0 0 0 0 0 0 0 0 0 0 0 0 0 0 0 0
0 0 0 0 0 0 0 0 0 0 0 0 0 0 0 0 0 0 0 0 0 0 0 0 0 0 0 0 0 0 0 0 0 0 0 0 0 0 0.2045164450180383 0 0 0 0 0 0 0 0 0 0 0 0 0 0 0 0 0 0 0 0 0 0 0 0.01514533727944686 0 0 0 0 0 0 0 0 0 0 0 0.9787459540023016 0 0 0 0 0 0 0 0 0 0 0 0 0 0 0 0 0 0 0 0 0 0 0 0 0
0 0 0 0 0 0.8138555184023797 0 0 0 0 0 0 0.1225080326860689 0 0 0 0 0 0 0 0 0 0 0 0.2078629176843419 0 0 0 0 0 0 0 0 0 0 0 0 0 0 0 0 0 0 0 0 0 0 0 0 0 0 0 0 0 0 0 0 0 0 0 0 0.5286056985552988 0 0 0 0 0 0 0 0 0 0 0 0 0 0 0 0 0 0 0 0 0 0 0 0 0 0 0 0 0 0 0 0 0 0 0 0 0 0
0 0 0 0 0 0 0 0 0 0 0 0 0 0 0 0 0.1037084692265438 0 0 0 0 0 0 0 0 0 0 0 0 0 0 0 0 0 0 0.6234679789422657 0 0 0 0.5925881116928853 0 0 0 0 0 0 0 0 0 0 0 0 0 0 0 0 0 0 0 0 0 0 0 0 0 0 0 0 0 0 0 0 0 0 0 0 0 0 0 0 0 0 0 0 0 0 0 0 0 0 0 0 0 0.2363847165416501 0 0 0 0.4398793338065768 0 0
0 0 0.3937970574628527 0 0 0 0 0 0 0 0 0 0 0 0 0 0 0 0 0 0 0.3531954093398325 0 0 0 0 0 0.2184053306264243 0 0 0 0 0 0 0 0 0 0 0 0 0 0 0 0 0 0.4240633697831002 0 0 0 0 0 0.2603632925908826 0 0 0 0 0 0 0 0 0 0 0 0 0 0.117629148622557 0 0.1969902226469765 0 0 0 0 0 0 0 0 0.2827925682808922 0 0 0 0.380571505690027 0.3839389719031072 0 0 0 0 0 0 0 0 0 0 0 0 0 0 0 0 0 0
0 0 0 0 0 0 0 0 0 0 0 0 0 0 0 0 0 0 0 0 0 0 0 0 0 0 0 0 0 0 0 0 0 0 0 0 0 0 0 0 0 0 0 0 0 0 0 0 0 0 0 0 0 0 0 0 0 0 0 0 0 0 0 0 0 0 0 0 0 0 0 0 0 0 0 0 0 0 0 0 0 0 0 0 0 0 0 0 0 0 0 0 0 0 0 1 0 0 0 0
0 0 0 0 0 0 0 0 0 0 0 0 0 0 0 0 0 0 0 0 0 0 0 0 0 0 0 0 0 0.02896414635880864 0 0 0 0 0 0 0 0 0 0 0 0 0 0 0.1313157126325251 0 0 0 0 0 0 0 0 0 0 0 0 0 0 0 0.5706338885104851 0 0 0 0.5294385077134437 0 0 0 0.2313464576956542 0 0 0 0 0 0 0 0 0 0 0 0 0 0 0 0 0 0 0 0 0 0 0.5678625803720082 0 0 0 0 0 0 0 0
0.3959198501004063 0 0 0 0 0 0 0 0 0 0 0.005612244344212649 0 0 0 0 0 0 0 0 0 0 0 0 0 0 0 0 0 0 0 0 0 0 0 0 0 0 0 0 0.3510978679529123 0 0 0 0 0 0 0 0 0 0 0 0 0 0 0 0 0 0 0 0 0 0 0.2716751359166065 0 0 0 0 0 0 0 0 0 0 0 0 0 0 0 0 0 0 0 0 0 0 0 0 0 0.8038276448676702 0 0 0 0 0 0 0 0 0 0
