0 0 0 0 0 0.2584092708008667 0 0 0 0 0 0 0 0 0 0 0 0 0 0 0 0 0 0 0 0 0 0 0 0 0 0.1538461948274383 0.1808465855616998 0.1551278005679669 0 0 0 0 0 0 0 0.05792568290146141 0 0 0 0 0 0 0 0
0 0 0 0 0 0.2978275517685108 0 0 0 0 0 0 0 0 0 0 0 0 0 0 0 0 0 0 0 0 0 0 0 0 0 0.1773142094025971 0.2084332952010905 0.1787913139153381 0 0 0 0 0 0 0 0.06676178555666386 0 0 0 0 0 0 0 0
0 0 0 0.04311368471987992 0 0 0 0 0 0 0 0 0 0 0 0 0 0 0.1672365231784063 0 0 0 0 0 0 0 0 0 0 0 0.0273973931230408 0 0 0 0 0.005023014824579057 0 0 0 0 0 0 0 0 0 0 0 0 0.1436596198615414 0
0 0.2985012940714792 0 0 0 0 0 0 0 0 0 0 0 0 0 0 0 0 0 0 0 0 0 0 0 0 0 0.1809881481148415 0 0 0 0 0 0 0 0 0 0 0 0.09887424342447433 0 0 0 0 0 0 0 0 0 0
0 0 0 0 0 0.4264939861967018 0 0 0 0 0 0 0 0 0 0 0 0 0 0 0 0 0 0 0 0 0 0 0 0 0 0.2539168842116036 0.2984799304112798 0.2560321223348976 0 0 0 0 0 0 0 0.09560398250126387 0 0 0 0 0 0 0 0
0 0 0 0.08545389812061123 0 0 0 0 0 0 0 0 0 0 0 0 0 0 0.3314727772999443 0 0 0 0 0 0 0 0 0 0 0 0.05430326950521856 0 0 0 0 0.009955915386651602 0 0 0 0 0 0 0 0 0 0 0 0 0.2847419467729523 0
0 0 0.03800842330068758 0 0 0 0 0.04067084841433146 0 0 0 0 0 0.0506208732751386 0 0.06118142992466254 0 0 0 0 0 0 0 0 0 0 0 0 0 0 0 0 0 0 0 0 0.06070187771458926 0 0 0 0 0 0 0 0 0 0 0 0 0
0 0 0.1521372180108174 0 0 0 0 0.1627941702013227 0 0 0 0 0 0.2026213708585592 0 0.2448923615964241 0 0 0 0 0 0 0 0 0 0 0 0 0 0 0 0 0 0 0 0 0.2429728465838093 0 0 0 0 0 0 0 0 0 0 0 0 0
0 0 0 0 0 0 0 0 0 0 0 0 0 0 0 0 0 0 0 0 0 0 0.442594649800391 0 0 0 0 0 0 0 0 0 0 0 0 0 0 0.2490848067572964 0 0 0 0 0 0 0.3455628287036582 0 0 0 0 0
0.005596410512017699 0 0 0 0 0 0 0 0 0 0 0 0 0 0 0 0 0 0 0.003443961926633971 0.006075128281373696 0.005463074496944834 0 0 0 0 0 0 0 0 0 0 0 0 0 0 0 0 0.004430490047245416 0 0 0 0 0 0 0 0 0 0 0
0 0 0.09990707598080233 0 0 0 0 0.1069053959589216 0 0 0 0 0 0.1330595429466907 0 0.1608185038285136 0 0 0 0 0 0 0 0 0 0 0 0 0 0 0 0 0 0 0 0 0.1595579764262184 0 0 0 0 0 0 0 0 0 0 0 0 0
0 0 0.2435492909399927 0 0 0 0 0.2606095026588268 0 0 0 0 0 0.3243669882170619 0 0.3920366219605025 0 0 0 0 0 0 0 0 0 0 0 0 0 0 0 0 0 0 0 0 0.3889637609841847 0 0 0 0 0 0 0 0 0 0 0 0 0
0 0 0 0.08339974476925217 0 0 0 0 0 0 0 0 0 0 0 0 0 0 0.3235047860046386 0 0 0 0 0 0 0 0 0 0 0 0.05299791953877866 0 0 0 0 0.009716593630627405 0 0 0 0 0 0 0 0 0 0 0 0 0.2778972780439656 0
0 0 0 0 0.1152433374897409 0 0 0 0 0 0 0 0.1760891164046889 0 0.2414097102569137 0 0 0 0 0 0 0 0 0 0 0 0 0 0 0 0 0 0 0 0.04997973436733941 0 0 0 0 0 0 0 0 0 0 0 0 0.3114197261396526 0 0.1996385302010849
0.3373695710062637 0 0 0 0 0 0 0 0 0 0 0 0 0 0 0 0 0 0 0.2076130682792796 0.3662282131901946 0.3293316484649813 0 0 0 0 0 0 0 0 0 0 0 0 0 0 0 0 0.2670841467717514 0 0 0 0 0 0 0 0 0 0 0
0 0 0 0 0 0 0 0 0 0 0.3347343657778054 0 0 0 0 0 0 0 0 0 0 0 0 0 0 0 0 0 0 0 0 0 0 0 0 0 0 0 0 0 0.3156780583258181 0 0 0 0 0 0 0 0 0
0 0 0 0 0 0 0 0 0.02998853226870927 0 0 0 0 0 0 0 0 0.003216496874385721 0 0 0 0 0 0.08789968858728195 0.004979672610915279 0.105398909418169 0 0 0.06426334333066296 0.1426685327017617 0 0 0 0 0 0 0 0 0 0 0 0 0 0.06582317691840213 0 0 0 0 0 0
0 0 0 0 0 0 0 0 0 0 0.3670613664806472 0 0 0 0 0 0 0 0 0 0 0 0 0 0 0 0 0 0 0 0 0 0 0 0 0 0 0 0 0 0.3461646944668602 0 0 0 0 0 0 0 0 0
0 0 0 0 0 0 0 0 0 0 0 0 0 0 0 0 0 0 0 0 0 0 0.2770885550152763 0 0 0 0 0 0 0 0 0 0 0 0 0 0 0.1559407670467002 0 0 0 0 0 0 0.2163413066915106 0 0 0 0 0
0 0 0 0 0 0 0 0 0 0 0.4946515778362718 0 0 0 0 0 0 0 0 0 0 0 0 0 0 0 0 0 0 0 0 0 0 0 0 0 0 0 0 0 0.4664912408270873 0 0 0 0 0 0 0 0 0
0 0 0 0.07921082620629386 0 0 0 0 0 0 0 0 0 0 0 0 0 0 0.3072561127377116 0 0 0 0 0 0 0 0 0 0 0 0.05033599329945509 0 0 0 0 0.009228558330991048 0 0 0 0 0 0 0 0 0 0 0 0 0.263939332851031 0
0 0 0 0 0.02412969730716077 0 0 0 0 0 0 0 0.03686961147154203 0 0.05054646422425308 0 0 0 0 0 0 0 0 0 0 0 0 0 0 0 0 0 0 0 0.01046477729685292 0 0 0 0 0 0 0 0 0 0 0 0 0.065205190086565 0 0.04180039739848289
0 0 0 0 0 0 0 0 0.06423768187107885 0 0 0 0 0 0 0 0 0.006889977178766494 0 0 0 0 0 0.1882877154987801 0.0106668316453711 0.2257723569828585 0 0 0.1376568939038884 0.3056066810669502 0 0 0 0 0 0 0 0 0 0 0 0 0 0.1409981742600985 0 0 0 0 0 0
0 0 0 0 0 0 0 0 0 0 0 0 0 0 0 0 0 0 0 0 0 0 0.196182825628614 0 0 0 0 0 0 0 0 0 0 0 0 0 0 0.110408386619319 0 0 0 0 0 0 0.1531728686686002 0 0 0 0 0
0 0.4989625267072923 0 0 0 0 0 0 0 0 0 0 0 0 0 0 0 0 0 0 0 0 0 0 0 0 0 0.3025323691421927 0 0 0 0 0 0 0 0 0 0 0 0.1652741321568071 0 0 0 0 0 0 0 0 0 0
0 0 0 0 0 0 0 0 0 0 0 0 0 0 0 0 0 0 0 0 0 0 0.4560358209457063 0 0 0 0 0 0 0 0 0 0 0 0 0 0 0.2566492712595956 0 0 0 0 0 0 0.3560572373553668 0 0 0 0 0
0 0 0 0.08638724835803904 0 0 0 0 0 0 0 0 0 0 0 0 0 0 0.3350932112672409 0 0 0 0 0 0 0 0 0 0 0 0.05489638427938914 0 0 0 0 0.01006465654643845 0 0 0 0 0 0 0 0 0 0 0 0 0.2878519741616512 0
0 0.4502092294131307 0 0 0 0 0 0 0 0 0 0 0 0 0 0 0 0 0 0 0 0 0 0 0 0 0 0.272972132161613 0 0 0 0 0 0 0 0 0 0 0 0.1491253064058058 0 0 0 0 0 0 0 0 0 0
0 0 0 0 0.08236113224673841 0 0 0 0 0 0 0 0.1258458781160252 0 0.172528646819921 0 0 0 0 0 0 0 0 0 0 0 0 0 0 0 0 0 0 0 0.03571909319488202 0 0 0 0 0 0 0 0 0 0 0 0 0.2225628119379506 0 0.1426759736882816
0 0 0 0 0 0 0.04689224143420192 0 0 0.36014369850726 0 0.04311856128746733 0 0 0 0 0.2196166062988177 0 0 0 0 0 0 0 0 0 0.1087060530881018 0 0 0 0 0 0 0 0 0 0 0 0 0 0 0 0.1108642739271915 0 0 0.337703163407889 0.01167366392963651 0 0 0
0 0 0 0 0 0 0 0 0.09008706294389651 0 0 0 0 0 0 0 0 0.009662518785021704 0 0 0 0 0 0.2640550963800868 0.01495918759610673 0.3166236380591399 0 0 0.1930503234950032 0.4285834655211737 0 0 0 0 0 0 0 0 0 0 0 0 0 0.1977361422386996 0 0 0 0 0 0
0 0 0 0 0 0 0 0 0.07326682223945975 0 0 0 0 0 0 0 0 0.00785842076623711 0 0 0 0 0 0.2147531196566108 0.01216614353531812 0.2575065392123735 0 0 0.1570057150557475 0.3485622414249093 0 0 0 0 0 0 0 0 0 0 0 0 0 0.1608166401511137 0 0 0 0 0 0
0.1202382074877291 0 0 0 0 0 0 0 0 0 0 0 0 0 0 0 0 0 0 0.07399310822986049 0.1305234012483163 0.1173734992231207 0 0 0 0 0 0 0 0 0 0 0 0 0 0 0 0 0.09518854637790877 0 0 0 0 0 0 0 0 0 0 0
0 0.2449039441601992 0 0 0 0 0 0 0 0 0 0 0 0 0 0 0 0 0 0 0 0 0 0 0 0 0 0.1484908514633139 0 0 0 0 0 0 0 0 0 0 0 0.08112089519019287 0 0 0 0 0 0 0 0 0 0
0 0 0 0.03644430277991649 0 0 0 0 0 0 0 0 0 0 0 0 0 0 0.141366216461754 0 0 0 0 0 0 0 0 0 0 0 0.02315921027960983 0 0 0 0 0.00424598997567374 0 0 0 0 0 0 0 0 0 0 0 0 0.1214364932503106 0
0 0 0 0 0 0 0 0 0 0 0.1944539818722754 0 0 0 0 0 0 0 0 0 0 0 0 0 0 0 0 0 0 0 0 0 0 0 0 0 0 0 0 0 0.1833837863899239 0 0 0 0 0 0 0 0 0
0 0.2337000324891021 0 0 0 0 0 0 0 0 0 0 0 0 0 0 0 0 0 0 0 0 0 0 0 0 0 0.1416976640793136 0 0 0 0 0 0 0 0 0 0 0 0.07740976122904797 0 0 0 0 0 0 0 0 0 0
0 0 0 0 0 0.3146483983530371 0 0 0 0 0 0 0 0 0 0 0 0 0 0 0 0 0 0 0 0 0 0 0 0 0 0.1873286459310748 0.2202052903065329 0.1888891750573232 0 0 0 0 0 0 0 0.07053238953836177 0 0 0 0 0 0 0 0
0 0 0.1283803869283304 0 0 0 0 0.1373732136907897 0 0 0 0 0 0.1709812387191212 0 0.206651446297027 0 0 0 0 0 0 0 0 0 0 0 0 0 0 0 0 0 0 0 0 0.2050316711804825 0 0 0 0 0 0 0 0 0 0 0 0 0
0 0 0 0.07076092246716813 0 0 0 0 0 0 0 0 0 0 0 0 0 0 0.2744792222514293 0 0 0 0 0 0 0 0 0 0 0 0.04496634475058188 0 0 0 0 0.00824409151903416 0 0 0 0 0 0 0 0 0 0 0 0 0.2357833084491157 0
0.3367918708759556 0 0 0 0 0 0 0 0 0 0 0 0 0 0 0 0 0 0 0.2072575587523212 0.365601096506697 0.3287677121986923 0 0 0 0 0 0 0 0 0 0 0 0 0 0 0 0 0.2666268010012568 0 0 0 0 0 0 0 0 0 0 0
0 0.146770668631182 0 0 0 0 0 0 0 0 0 0 0 0 0 0 0 0 0 0 0 0 0 0 0 0 0 0.08899040654334221 0 0 0 0 0 0 0 0 0 0 0 0.04861566467560217 0 0 0 0 0 0 0 0 0 0
0 0 0 0 0 0 0.06831254796421488 0 0 0.5246568073059239 0 0.06281505630800696 0 0 0 0 0.3199371472267396 0 0 0 0 0 0 0 0 0 0.1583628173543679 0 0 0 0 0 0 0 0 0 0 0 0 0 0 0 0.1615069102805839 0 0 0.4919654689643893 0.01700617634647287 0 0 0
0 0 0 0 0.1051892991661495 0 0 0 0 0 0 0 0.1607267816852724 0 0.2203486881494433 0 0 0 0 0 0 0 0 0 0 0 0 0 0 0 0 0 0 0 0.04561941145689886 0 0 0 0 0 0 0 0 0 0 0 0 0.2842509029388395 0 0.1822217017993055
0 0 0 0 0.09613873068847641 0 0 0 0 0 0 0 0.1468977253518816 0 0.2013897169720429 0 0 0 0 0 0 0 0 0 0 0 0 0 0 0 0 0 0 0 0.04169428208941776 0 0 0 0 0 0 0 0 0 0 0 0 0.2597937358858978 0 0.166543205951094
0 0 0 0 0.1010878486891163 0 0 0 0 0 0 0 0.1544598615646826 0 0.211757042047717 0 0 0 0 0 0 0 0 0 0 0 0 0 0 0 0 0 0 0 0.04384065869055204 0 0 0 0 0 0 0 0 0 0 0 0 0.2731676367635021 0 0.1751166702828385
0 0 0 0 0.06106964887810769 0 0 0 0 0 0 0 0.09331299096616227 0 0.1279276230824871 0 0 0 0 0 0 0 0 0 0 0 0 0 0 0 0 0 0 0 0.02648521723961893 0 0 0 0 0 0 0 0 0 0 0 0 0.165027269630733 0 0.1057922757834663
0 0 0 0.006051055177978996 0 0 0 0 0 0 0 0 0 0 0 0 0 0 0.02347183814375489 0 0 0 0 0 0 0 0 0 0 0 0.003845255598018017 0 0 0 0 0.0007049859008993331 0 0 0 0 0 0 0 0 0 0 0 0 0.02016279267888322 0
0 0 0 0.007063867357515646 0 0 0 0 0 0 0 0 0 0 0 0 0 0 0.02740050229387221 0 0 0 0 0 0 0 0 0 0 0 0.004488865941760557 0 0 0 0 0.0008229848755956668 0 0 0 0 0 0 0 0 0 0 0 0 0.02353759614670845 0
0 0 0 0 0 0.08430822902966215 0 0 0 0 0 0 0 0 0 0 0 0 0 0 0 0 0 0 0 0 0 0 0 0 0 0.05019363348944597 0.05900274130070818 0.0506117682953813 0 0 0 0 0 0 0 0.0188987481974645 0 0 0 0 0 0 0 0
