0 0 0 0 0 0 0.6828966222465966 0 0 0 0 0 0 0 0 0 0 0 0 0 0 0 0 0 0 0 0 0 0 0 0 0 0 0 0 0 0 0 0 0 0 0 0 0 0 0 0 0 0 0 0 0 0 0 0 0 0 0.1690322671260602 0 0 0 0.3180706676020543 0 0 0 0 0 0 0 0 0 0 0 0 0 0.6355402004638234 0 0 0 0 0 0 0 0 0 0 0 0 0 0 0 0 0 0 0 0 0 0 0 0
0 0 0 0 0 0 0 0 0.2369688726844448 0 0 0 0 0 0 0 0 0 0 0 0 0 0 0 0 0 0 0 0 0 0 0.002438415334603903 0 0 0 0 0 0 0 0 0 0 0 0 0 0 0 0 0.1592869025808176 0 0 0 0 0 0 0 0.04382132921261849 0 0 0 0 0 0 0 0 0 0 0 0 0 0 0 0 0 0 0 0 0 0 0 0 0 0 0.183243313231465 0 0.01994450102220579 0 0 0 0 0 0 0 0 0.1803148938999984 0 0 0 0 0
0 0 0 0 0 0 0 0.2534161229011495 0 0 0 0 0 0 0 0 0 0 0 0 0 0 0.2592075201432172 0 0 0 0.05810331856088807 0 0 0 0 0 0 0 0 0 0 0 0 0 0 0 0 0 0 0 0 0 0 0 0 0 0 0 0 0 0 0 0 0 0 0 0 0.004355498011803564 0 0 0 0 0 0 0 0 0 0 0 0 0 0 0 0 0 0 0 0 0 0 0 0 0 0 0 0 0 0 0 0 0 0 0 0
0 0 0 0 0 0 0 0 0 0 0 0 0 0 0 0 0 0 0 0 0 0 0 0 0.1240235592442577 0 0 0 0 0 0 0 0 0 0 0 0 0 0 0 0 0 0 0 0 0 0 0 0 0 0 0 0 0 0 0 0 0 0 0 0 0 0 0 0 0 0.605078813026759 0 0 0 0 0 0 0 0 0 0 0 0 0 0 0 0 0 0 0 0 0 0 0 0 0 0 0 0 0 0 0 0 0
0 0 0 0 0 0 0 0 0 0 0 0 0.5237114610443531 0 0 0 0 0 0 0 0 0 0 0 0 0 0 0 0 0 0 0 0 0 0 0 0 0 0 0 0 0 0 0 0 0 0 0 0 0 0 0 0 0 0 0 0 0 0 0 0 0 0 0 0 0 0 0 0 0 0 0 0 0 0 0 0 0 0 0 0 0 0 0 0 0 0 0 0 0 0 0 0 0 0 0 0 0 0 0
0.03025627497070033 0 0 0 0 0.03385648828962458 0 0 0 0 0 0 0 0 0.05222180235919974 0 0 0 0 0 0 0 0 0 0 0 0 0 0 0 0.07006868337538952 0 0 0 0 0 0 0 0 0 0 0 0 0 0 0 0 0 0 0 0 0 0 0 0 0 0 0 0 0 0 0 0 0 0 0 0 0 0 0 0 0 0 0 0 0 0 0 0 0 0.06724732568392065 0.06695433314615204 0 0 0 0 0 0 0 0 0 0 0 0 0 0 0 0 0 0
0 0 0 0 0.0350373874251009 0 0 0 0 0 0 0.05568340977485761 0 0 0 0 0 0 0 0 0 0 0 0 0 0 0 0 0 0 0 0 0 0 0 0 0 0 0 0 0 0 0 0 0 0 0 0 0 0 0 0 0.0933650120808364 0 0 0 0 0 0.02630406206998127 0 0 0 0 0 0 0 0 0 0 0.1648500320238567 0.1295548927788468 0 0 0 0 0 0 0 0 0 0 0 0 0 0 0 0.1173186106713774 0 0 0 0 0.07031215866130962 0 0 0 0 0 0 0 0
0 0 0 0 0 0 0 0 0 0 0 0 0 0 0 0.405727880601207 0 0 0 0 0 0 0 0 0 0 0 0 0 0 0 0 0 0 0 0 0 0 0 0 0 0 0 0 0 0 0 0 0 0 0.3384340272809525 0 0 0 0 0 0 0 0 0 0 0 0 0 0 0 0 0.1310644081509304 0 0 0 0.005726293928282561 0 0 0 0 0 0 0 0 0 0 0 0 0 0 0 0 0 0.04510976575991422 0 0 0 0 0 0 0 0 0 0
0 0 0 0 0 0 0 0 0 0 0 0 0 0 0 0 0 0 0.0994584354735039 0 0 0 0 0 0 0.08202406751551997 0 0 0 0 0 0 0 0 0 0 0 0 0 0 0 0 0 0 0 0 0.1814445297129043 0 0 0 0 0 0 0 0 0 0 0 0 0 0 0 0 0 0 0 0 0 0 0 0 0 0 0 0 0 0 0 0 0 0 0 0 0 0 0 0 0 0 0 0 0 0 0 0 0.7282049287506929 0 0 0 0
0 0 0 0 0 0 0 0 0 0 0 0 0 0 0 0 0 0 0 0 0 0 0 0 0 0 0 0 0 0 0 0 0 0 0 0 0 0 0 0 0 0.095733003687704 0.0220505020217356 0.1113052627144216 0 0 0 0.05873908075876817 0 0 0 0 0 0 0 0 0 0 0 0.1056896320887933 0 0 0 0 0 0 0 0 0 0 0 0 0 0 0 0 0 0 0 0 0 0 0 0 0 0 0 0 0 0 0 0 0 0 0 0 0 0 0 0
0 0 0 0 0 0 0 0 0 0 0 0 0.2435120097397661 0 0 0 0 0 0 0 0 0 0 0 0 0 0 0 0 0 0 0 0 0 0 0 0 0 0 0 0 0 0 0 0 0 0 0 0 0 0 0 0 0 0 0 0 0 0 0 0 0 0 0 0 0 0 0 0 0 0 0 0 0 0 0 0 0 0 0 0 0 0 0 0 0 0 0 0 0 0 0 0 0 0 0 0 0 0 0
0 0 0 0 0 0 0 0 0 0 0 0 0 0 0 0 0 0 0 0 0 0 0 0 0 0 0 0 0 0 0 0 0 0 0 0 0 0.1390754208786374 0 0 0 0 0 0 0 0.06771845280828162 0 0 0 0 0 0 0 0 0 0 0 0 0 0 0 0 0 0 0 0 0 0 0 0 0 0 0.3315250359775144 0 0 0 0 0 0.1849779138775732 0 0 0 0 0 0 0 0 0 0.2434746178622164 0 0 0 0 0 0 0 0 0 0 0
0 0 0 0 0 0 0 0 0 0 0 0 0 0.05593532704878065 0 0 0 0 0 0 0 0 0 0 0 0 0 0 0 0 0 0 0 0 0.009143447867264043 0 0 0 0 0 0 0 0 0 0 0 0 0 0 0.1945394374528033 0 0 0 0.1621833644321513 0 0 0 0 0 0 0 0 0.126621736552068 0 0 0 0 0 0 0 0 0 0 0 0 0 0 0 0 0 0 0 0 0 0 0 0 0 0 0 0 0 0 0 0 0 0 0 0 0
0 0 0 0 0 0 0 0 0 0 0 0 0 0 0 0 0 0 0 0 0.2401238304096012 0 0 0 0 0 0 0 0 0 0 0 0.05923723693845706 0 0 0.1693561805537759 0.07135860151482828 0 0 0 0.03525053821887065 0 0 0 0.07267633685363979 0 0 0 0 0 0 0 0 0 0.1035840397847313 0 0 0 0 0 0.2508063758292381 0 0 0 0.004086841330814141 0 0 0 0.05184938231801683 0 0 0 0 0 0 0 0 0 0 0 0 0 0.04723500685932272 0 0.153812045547934 0 0 0 0 0 0 0 0 0 0 0 0.08320408724766372 0 0 0
0 0 0 0 0 0 0 0 0 0.03175288806669332 0.1724196824612878 0 0 0 0 0 0 0 0 0 0 0 0 0 0 0 0 0 0 0 0 0 0 0.005609329644523185 0 0 0 0 0 0 0 0 0 0 0 0 0 0 0 0 0 0 0 0 0 0 0 0 0 0 0 0 0 0 0 0 0 0 0 0 0 0 0 0 0.4416125276158686 0 0 0 0 0 0 0 0 0 0 0 0 0 0 0 0 0 0 0 0 0 0 0 0 0
0 0 0 0 0 0 0 0.4047738619354648 0 0 0 0 0 0 0 0 0 0 0 0 0 0 0.4140242845243566 0 0 0 0.09280666271708066 0 0 0 0 0 0 0 0 0 0 0 0 0 0 0 0 0 0 0 0 0 0 0 0 0 0 0 0 0 0 0 0 0 0 0 0 0.00695690444122871 0 0 0 0 0 0 0 0 0 0 0 0 0 0 0 0 0 0 0 0 0 0 0 0 0 0 0 0 0 0 0 0 0 0 0 0
0 0 0 0 0 0 0 0 0 0 0 0 0.5139577613538661 0 0 0 0 0 0 0 0 0 0 0 0 0 0 0 0 0 0 0 0 0 0 0 0 0 0 0 0 0 0 0 0 0 0 0 0 0 0 0 0 0 0 0 0 0 0 0 0 0 0 0 0 0 0 0 0 0 0 0 0 0 0 0 0 0 0 0 0 0 0 0 0 0 0 0 0 0 0 0 0 0 0 0 0 0 0 0
0 0 0 0 0 0 0 0 0 0 0 0 0 0 0 0.119937100423033 0 0 0 0 0 0 0 0 0 0 0 0 0 0 0 0 0 0 0 0 0 0 0 0 0 0 0 0 0 0 0 0 0 0 0.1000443840744188 0 0 0 0 0 0 0 0 0 0 0 0 0 0 0 0 0.03874391145856285 0 0 0 0.001692748077629118 0 0 0 0 0 0 0 0 0 0 0 0 0 0 0 0 0 0.01333488469658358 0 0 0 0 0 0 0 0 0 0
0 0 0 0 0 0 0 0 0 0 0 0 0 0 0 0 0.2096812909218841 0.09483591353072643 0 0 0 0.2291169274999396 0 0 0 0 0 0 0.06075830054580451 0 0 0 0 0 0 0 0 0 0 0 0 0 0 0 0 0 0 0 0 0 0 0 0 0 0 0 0 0 0 0 0 0 0 0 0 0 0 0 0 0 0 0 0 0.08405914710179117 0 0 0 0.1127150319294011 0 0 0 0 0 0 0 0 0 0 0 0 0 0 0 0.2359076696790234 0 0 0 0 0.0632336677483412 0
0 0 0 0 0 0 0 0 0 0 0 0 0 0 0 0 0 0 0 0 0 0 0 0 9.557163602972365e-05 0 0 0 0 0 0 0 0 0 0 0 0 0 0 0 0 0 0 0 0 0 0 0 0 0 0 0 0 0 0 0 0 0 0 0 0 0 0 0 0 0 0.0004662692511025326 0 0 0 0 0 0 0 0 0 0 0 0 0 0 0 0 0 0 0 0 0 0 0 0 0 0 0 0 0 0 0 0 0
0 0 0 0 0 0 0 0 0 0 0 0 0 0 0 0 0 0 0 0.06509551237216087 0 0 0 0 0 0 0 0 0 0 0 0 0 0 0 0 0 0 0 0 0 0 0 0 0 0 0 0 0 0 0 0 0 0 0 0.04600375183957155 0 0 0 0 0 0 0 0 0 0 0 0 0 0 0 0 0 0 0 0 0 0 0 0 0 0 0 0 0 0 0 0.05128074955508285 0 0 0 0 0 0 0 0 0 0 0 0
0 0 0 0 0 0 0 0 0 0 0 0 0 0 0 0 0 0 0 0.4012731622455162 0 0 0 0 0 0 0 0 0 0 0 0 0 0 0 0 0 0 0 0 0 0 0 0 0 0 0 0 0 0 0 0 0 0 0 0.2835843870508899 0 0 0 0 0 0 0 0 0 0 0 0 0 0 0 0 0 0 0 0 0 0 0 0 0 0 0 0 0 0 0 0.3161137809107833 0 0 0 0 0 0 0 0 0 0 0 0
0 0 0 0 0 0 0 0 0 0 0 0 0 0 0 0 0.2516900993787616 0.11383590970983 0 0 0 0.2750195880532792 0 0 0 0 0 0 0.07293098318512012 0 0 0 0 0 0 0 0 0 0 0 0 0 0 0 0 0 0 0 0 0 0 0 0 0 0 0 0 0 0 0 0 0 0 0 0 0 0 0 0 0 0 0 0 0.1009000612058692 0 0 0 0.1352970380097484 0 0 0 0 0 0 0 0 0 0 0 0 0 0 0 0.2831708282826513 0 0 0 0 0.0759022803116601 0
0 0 0 0 0 0 0 0 0 0 0 0 0 0.1101591264504685 0 0 0 0 0 0 0 0 0 0 0 0 0 0 0 0 0 0 0 0 0.01800712149094627 0 0 0 0 0 0 0 0 0 0 0 0 0 0 0.3831262928216586 0 0 0 0.3194041886098748 0 0 0 0 0 0 0 0 0.2493690593075963 0 0 0 0 0 0 0 0 0 0 0 0 0 0 0 0 0 0 0 0 0 0 0 0 0 0 0 0 0 0 0 0 0 0 0 0 0
0 0 0 0 0 0 0 0 0 0 0 0 0 0.04840992982096084 0 0 0 0 0 0 0 0 0 0 0 0 0 0 0 0 0 0 0 0 0.007913311549780516 0 0 0 0 0 0 0 0 0 0 0 0 0 0 0.1683665942685269 0 0 0 0.1403636253604226 0 0 0 0 0 0 0 0 0.1095863688246269 0 0 0 0 0 0 0 0 0 0 0 0 0 0 0 0 0 0 0 0 0 0 0 0 0 0 0 0 0 0 0 0 0 0 0 0 0
0 0 0 0 0 0 0 0 0 0 0 0 0 0 0 0 0 0 0 0 0.2437975511513028 0 0 0 0 0 0 0 0 0 0 0 0.06014352377242388 0 0 0.171947207492562 0.07245033645024335 0 0 0 0.03578984593018739 0 0 0 0.07378823218562194 0 0 0 0 0 0 0 0 0 0.1051688005925915 0 0 0 0 0 0.2546435317810783 0 0 0 0.004149367044065694 0 0 0 0.05264264032552569 0 0 0 0 0 0 0 0 0 0 0 0 0 0.04795766826338874 0 0.1561652584759849 0 0 0 0 0 0 0 0 0 0 0 0.08447704953797321 0 0 0
0 0 0 0 0 0 0 0 0 0 0 0 0.2600253200066079 0 0 0 0 0 0 0 0 0 0 0 0 0 0 0 0 0 0 0 0 0 0 0 0 0 0 0 0 0 0 0 0 0 0 0 0 0 0 0 0 0 0 0 0 0 0 0 0 0 0 0 0 0 0 0 0 0 0 0 0 0 0 0 0 0 0 0 0 0 0 0 0 0 0 0 0 0 0 0 0 0 0 0 0 0 0 0
0 0 0 0 0 0 0 0 0 0 0 0 0 0 0 0 0 0 0 0 0.2333115041371109 0 0 0 0 0 0 0 0 0 0 0 0.05755667326921515 0 0 0.16455153639902 0.06933415406603316 0 0 0 0.03425047851126808 0 0 0 0.07061450518082384 0 0 0 0 0 0 0 0 0 0.100645354880228 0 0 0 0 0 0.243690985155788 0 0 0 0.003970897417534424 0 0 0 0.05037841249059526 0 0 0 0 0 0 0 0 0 0 0 0 0 0.04589494711739651 0 0.1494483893580243 0 0 0 0 0 0 0 0 0 0 0 0.08084358271727635 0 0 0
0 0 0 0 0 0 0 0 0 0 0 0 0.156989172731913 0 0 0 0 0 0 0 0 0 0 0 0 0 0 0 0 0 0 0 0 0 0 0 0 0 0 0 0 0 0 0 0 0 0 0 0 0 0 0 0 0 0 0 0 0 0 0 0 0 0 0 0 0 0 0 0 0 0 0 0 0 0 0 0 0 0 0 0 0 0 0 0 0 0 0 0 0 0 0 0 0 0 0 0 0 0 0
0 0.09308540220443592 0 0 0 0 0 0 0 0 0 0 0 0 0 0 0 0 0 0 0 0 0 0 0 0 0 0 0 0 0 0 0 0 0 0 0 0 0.1013553472907615 0 0 0 0 0 0 0 0 0 0 0 0 0 0 0 0 0 0 0 0 0 0 0 0 0 0 0 0 0 0 0 0 0 0 0 0 0 0 0 0 0 0 0 0 0 0 0 0 0 0 0 0 0 0 0 0 0 0 0 0 0
0 0 0 0 0 0 0 0 0 0 0 0 0 0 0 0.5351982967972937 0 0 0 0 0 0 0 0 0 0 0 0 0 0 0 0 0 0 0 0 0 0 0 0 0 0 0 0 0 0 0 0 0 0 0.4464305354382288 0 0 0 0 0 0 0 0 0 0 0 0 0 0 0 0 0.1728879166725784 0 0 0 0.007553591714812006 0 0 0 0 0 0 0 0 0 0 0 0 0 0 0 0 0 0.05950458659103337 0 0 0 0 0 0 0 0 0 0
0 0.2879910884559371 0 0 0 0 0 0 0 0 0 0 0 0 0 0 0 0 0 0 0 0 0 0 0 0 0 0 0 0 0 0 0 0 0 0 0 0 0.3135769529468166 0 0 0 0 0 0 0 0 0 0 0 0 0 0 0 0 0 0 0 0 0 0 0 0 0 0 0 0 0 0 0 0 0 0 0 0 0 0 0 0 0 0 0 0 0 0 0 0 0 0 0 0 0 0 0 0 0 0 0 0 0
0 0 0 0 0 0 0 0 0 0 0 0 0 0 0 0 0 0 0 0.2790204830966883 0 0 0 0 0 0 0 0 0 0 0 0 0 0 0 0 0 0 0 0 0 0 0 0 0 0 0 0 0 0 0 0 0 0 0 0.1971870040618488 0 0 0 0 0 0 0 0 0 0 0 0 0 0 0 0 0 0 0 0 0 0 0 0 0 0 0 0 0 0 0 0.2198059281355116 0 0 0 0 0 0 0 0 0 0 0 0
0 0 0.1507079577540119 0 0 0 0 0 0 0 0 0 0 0 0 0 0 0 0 0 0 0 0 0.0320508319865376 0 0 0 0 0 0.005239330785301565 0 0 0 0 0 0 0 0 0 0.05377524947407648 0 0 0 0 0 0 0 0 0 0 0 0 0 0 0 0 0 0 0 0 0 0 0 0 0 0 0 0 0 0 0 0 0 0 0 0 0 0 0 0 0 0 0 0 0 0 0 0 0 0 0.06234791521639234 0 0 0 0 0 0 0.09051659504276828 0 0
0 0 0 0 0.08331433327745355 0 0 0 0 0 0 0.1324078791526546 0 0 0 0 0 0 0 0 0 0 0 0 0 0 0 0 0 0 0 0 0 0 0 0 0 0 0 0 0 0 0 0 0 0 0 0 0 0 0 0 0.2220098102229972 0 0 0 0 0 0.06254762569081397 0 0 0 0 0 0 0 0 0 0 0.3919918555056173 0.3080646220491001 0 0 0 0 0 0 0 0 0 0 0 0 0 0 0 0.2789683406052302 0 0 0 0 0.1671931342680203 0 0 0 0 0 0 0 0
0 0 0 0 0 0 0 0 0 0 0 0 0 0.1017336340145644 0 0 0 0 0 0 0 0 0 0 0 0 0 0 0 0 0 0 0 0 0.01662985143804156 0 0 0 0 0 0 0 0 0 0 0 0 0 0 0.3538229769169496 0 0 0 0.2949746414462214 0 0 0 0 0 0 0 0 0.2302961309843186 0 0 0 0 0 0 0 0 0 0 0 0 0 0 0 0 0 0 0 0 0 0 0 0 0 0 0 0 0 0 0 0 0 0 0 0 0
0 0 0 0 0 0 0 0 0 0 0 0 0 0 0 0 0 0 0 0 0.1559126024376636 0 0 0 0 0 0 0 0 0 0 0 0.03846278712336437 0 0 0.1099631086344118 0.04633319920605527 0 0 0 0.02288820373078928 0 0 0 0.04718880585553992 0 0 0 0 0 0 0 0 0 0.06725720302851788 0 0 0 0 0 0.1628487880473678 0 0 0 0.002653589469025727 0 0 0 0.03366584698485699 0 0 0 0 0 0 0 0 0 0 0 0 0 0.03066972916863579 0 0.09987028887025436 0 0 0 0 0 0 0 0 0 0 0 0.05402448292660158 0 0 0
0 0 0 0 0 0 0 0 0 0 0 0 0 0 0 0 0 0 0.03835153150677732 0 0 0 0 0 0 0.03162877632911824 0 0 0 0 0 0 0 0 0 0 0 0 0 0 0 0 0 0 0 0 0.06996566520363837 0 0 0 0 0 0 0 0 0 0 0 0 0 0 0 0 0 0 0 0 0 0 0 0 0 0 0 0 0 0 0 0 0 0 0 0 0 0 0 0 0 0 0 0 0 0 0 0 0.2807984474661558 0 0 0 0
0 0 0 0 0 0 0 0 0 0 0 0 0 0 0 0.1561905000131213 0 0 0 0 0 0 0 0 0 0 0 0 0 0 0 0 0 0 0 0 0 0 0 0 0 0 0 0 0 0 0 0 0 0 0.1302848102628248 0 0 0 0 0 0 0 0 0 0 0 0 0 0 0 0 0.05045503753077975 0 0 0 0.002204415211878572 0 0 0 0 0 0 0 0 0 0 0 0 0 0 0 0 0 0.01736562165527162 0 0 0 0 0 0 0 0 0 0
0 0 0 0 0.02865568619579063 0 0 0 0 0 0 0.04554124705304979 0 0 0 0 0 0 0 0 0 0 0 0 0 0 0 0 0 0 0 0 0 0 0 0 0 0 0 0 0 0 0 0 0 0 0 0 0 0 0 0 0.0763595314740264 0 0 0 0 0 0.02151304659810295 0 0 0 0 0 0 0 0 0 0 0.1348242872599988 0.1059577960981274 0 0 0 0 0 0 0 0 0 0 0 0 0 0 0 0.09595022743952333 0 0 0 0 0.05750551917303316 0 0 0 0 0 0 0 0
0 0.2999371465694912 0 0 0 0 0 0 0 0 0 0 0 0 0 0 0 0 0 0 0 0 0 0 0 0 0 0 0 0 0 0 0 0 0 0 0 0 0.3265843294009219 0 0 0 0 0 0 0 0 0 0 0 0 0 0 0 0 0 0 0 0 0 0 0 0 0 0 0 0 0 0 0 0 0 0 0 0 0 0 0 0 0 0 0 0 0 0 0 0 0 0 0 0 0 0 0 0 0 0 0 0 0
0 0 0 0 0 0 0 0 0 0 0 0 0 0 0 0 0 0 0 0 0 0 0 0 0 0 0 0.002966927304482082 0 0 0 0 0 0 0 0 0 0 0 0 0 0 0 0 0 0 0 0 0 0 0 0.002243228987027399 0 0 0 0 0 0 0 0 0 0 0 0 0 0.002851446087963666 0 0 0 0 0 0 0 0 0 0 0.0041767326226029 0 0 0.003531064658035955 0 0 0 0 0 0 0 0 0 0 0 0 0.0009802879428476572 0 0 0 0 0 0 0
0 0 0 0 0 0 0 0 0 0 0 0 0 0 0 0 0 0 0 0 0 0 0 0 0 0 0 0.1780849776507655 0 0 0 0 0 0 0 0 0 0 0 0 0 0 0 0 0 0 0 0 0 0 0 0.1346461652150454 0 0 0 0 0 0 0 0 0 0 0 0 0 0.1711534057744687 0 0 0 0 0 0 0 0 0 0 0.2507015708223776 0 0 0.2119464031895153 0 0 0 0 0 0 0 0 0 0 0 0 0.05884018665695429 0 0 0 0 0 0 0
0 0 0 0 0 0 0 0 0 0 0 0 0 0 0 0 0 0 0 0.07829912869215397 0 0 0 0 0 0 0 0 0 0 0 0 0 0 0 0 0 0 0 0 0 0 0 0 0 0 0 0 0 0 0 0 0 0 0 0.05533490027722715 0 0 0 0 0 0 0 0 0 0 0 0 0 0 0 0 0 0 0 0 0 0 0 0 0 0 0 0 0 0 0 0.06168225523578074 0 0 0 0 0 0 0 0 0 0 0 0
0 0 0 0 0 0 0 0.4983316728482771 0 0 0 0 0 0 0 0 0 0 0 0 0 0 0.5097202011026308 0 0 0 0.1142576234100864 0 0 0 0 0 0 0 0 0 0 0 0 0 0 0 0 0 0 0 0 0 0 0 0 0 0 0 0 0 0 0 0 0 0 0 0 0.008564895498602744 0 0 0 0 0 0 0 0 0 0 0 0 0 0 0 0 0 0 0 0 0 0 0 0 0 0 0 0 0 0 0 0 0 0 0 0
0 0 0 0 0 0 0 0 0.3670441772628082 0 0 0 0 0 0 0 0 0 0 0 0 0 0 0 0 0 0 0 0 0 0 0.003776893311665128 0 0 0 0 0 0 0 0 0 0 0 0 0 0 0 0 0.2467215607020739 0 0 0 0 0 0 0 0.06787542830077375 0 0 0 0 0 0 0 0 0 0 0 0 0 0 0 0 0 0 0 0 0 0 0 0 0 0 0.2838279575795489 0 0.03089229773380822 0 0 0 0 0 0 0 0 0.2792920906868959 0 0 0 0 0
0 0 0 0 0 0 0 0 0 0 0 0 0 0 0 0 0 0 0 0 0 0 0 0 0.09755200965940522 0 0 0 0 0 0 0 0 0 0 0 0 0 0 0 0 0 0 0 0 0 0 0 0 0 0 0 0 0 0 0 0 0 0 0 0 0 0 0 0 0 0.4759309809585293 0 0 0 0 0 0 0 0 0 0 0 0 0 0 0 0 0 0 0 0 0 0 0 0 0 0 0 0 0 0 0 0 0
0.1433860487706393 0 0 0 0 0.1604476455148478 0 0 0 0 0 0 0 0 0.2474818168204128 0 0 0 0 0 0 0 0 0 0 0 0 0 0 0 0.332059107126945 0 0 0 0 0 0 0 0 0 0 0 0 0 0 0 0 0 0 0 0 0 0 0 0 0 0 0 0 0 0 0 0 0 0 0 0 0 0 0 0 0 0 0 0 0 0 0 0 0 0.3186885474020573 0.3173000406426956 0 0 0 0 0 0 0 0 0 0 0 0 0 0 0 0 0 0
0 0 0 0 0 0 0 0 0 0 0 0 0 0.07857053675058628 0 0 0 0 0 0 0 0 0 0 0 0 0 0 0 0 0 0 0 0 0.01284350417859227 0 0 0 0 0 0 0 0 0 0 0 0 0 0 0.2732632278433612 0 0 0 0.2278137032136626 0 0 0 0 0 0 0 0 0.1778614398108573 0 0 0 0 0 0 0 0 0 0 0 0 0 0 0 0 0 0 0 0 0 0 0 0 0 0 0 0 0 0 0 0 0 0 0 0 0
0 0 0 0.04183893116133682 0 0 0 0 0 0 0 0 0 0 0 0 0 0 0 0 0 0 0 0 0 0 0 0 0 0 0 0 0 0 0 0 0 0 0 0 0 0 0 0 0 0 0 0 0 0 0 0 0 0 0 0 0 0 0 0 0 0 0 0 0 0 0 0 0 0 0 0 0 0 0 0 0 0 0 0 0 0 0 0 0 0 0 0 0 0 0 0 0 0 0 0 0 0 0 0.1177797436617395
0.06427508683026402 0 0 0 0 0.07192322011519142 0 0 0 0 0 0 0 0 0.1109376776989529 0 0 0 0 0 0 0 0 0 0 0 0 0 0 0 0.1488507991283368 0 0 0 0 0 0 0 0 0 0 0 0 0 0 0 0 0 0 0 0 0 0 0 0 0 0 0 0 0 0 0 0 0 0 0 0 0 0 0 0 0 0 0 0 0 0 0 0 0 0.1428572321484622 0.1422348118133769 0 0 0 0 0 0 0 0 0 0 0 0 0 0 0 0 0 0
0 0 0.4411252991335539 0 0 0 0 0 0 0 0 0 0 0 0 0 0 0 0 0 0 0 0 0.09381344594037738 0 0 0 0 0 0.01533562921540064 0 0 0 0 0 0 0 0 0 0.1574012637670554 0 0 0 0 0 0 0 0 0 0 0 0 0 0 0 0 0 0 0 0 0 0 0 0 0 0 0 0 0 0 0 0 0 0 0 0 0 0 0 0 0 0 0 0 0 0 0 0 0 0 0.1824936331170766 0 0 0 0 0 0 0.264943939655562 0 0
0 0 0 0 0 0 0 0 0 0 0 0 0.2073177009940586 0 0 0 0 0 0 0 0 0 0 0 0 0 0 0 0 0 0 0 0 0 0 0 0 0 0 0 0 0 0 0 0 0 0 0 0 0 0 0 0 0 0 0 0 0 0 0 0 0 0 0 0 0 0 0 0 0 0 0 0 0 0 0 0 0 0 0 0 0 0 0 0 0 0 0 0 0 0 0 0 0 0 0 0 0 0 0
0 0 0 0.2692621023774274 0 0 0 0 0 0 0 0 0 0 0 0 0 0 0 0 0 0 0 0 0 0 0 0 0 0 0 0 0 0 0 0 0 0 0 0 0 0 0 0 0 0 0 0 0 0 0 0 0 0 0 0 0 0 0 0 0 0 0 0 0 0 0 0 0 0 0 0 0 0 0 0 0 0 0 0 0 0 0 0 0 0 0 0 0 0 0 0 0 0 0 0 0 0 0 0.7579931063138842
0 0 0 0 0 0 0 0 0 0 0 0 0.3634666438546675 0 0 0 0 0 0 0 0 0 0 0 0 0 0 0 0 0 0 0 0 0 0 0 0 0 0 0 0 0 0 0 0 0 0 0 0 0 0 0 0 0 0 0 0 0 0 0 0 0 0 0 0 0 0 0 0 0 0 0 0 0 0 0 0 0 0 0 0 0 0 0 0 0 0 0 0 0 0 0 0 0 0 0 0 0 0 0
0 0 0 0 0 0 0 0 0 0 0 0 0 0 0 0 0 0 0.01366170935701152 0 0 0 0 0 0 0.01126690727983001 0 0 0 0 0 0 0 0 0 0 0 0 0 0 0 0 0 0 0 0 0.02492340058996518 0 0 0 0 0 0 0 0 0 0 0 0 0 0 0 0 0 0 0 0 0 0 0 0 0 0 0 0 0 0 0 0 0 0 0 0 0 0 0 0 0 0 0 0 0 0 0 0 0.1000269513749346 0 0 0 0
0 0 0 0 0 0 0 0 0 0 0 0 0 0.04453844115568812 0 0 0 0 0 0 0 0 0 0 0 0 0 0 0 0 0 0 0 0 0.007280460064908462 0 0 0 0 0 0 0 0 0 0 0 0 0 0 0.1549018079378733 0 0 0 0.1291383212418413 0 0 0 0 0 0 0 0 0.1008224150998017 0 0 0 0 0 0 0 0 0 0 0 0 0 0 0 0 0 0 0 0 0 0 0 0 0 0 0 0 0 0 0 0 0 0 0 0 0
0 0 0 0 0 0 0 0 0 0 0 0 0 0 0 0 0 0 0 0.4144585889977793 0 0 0 0 0 0 0 0 0 0 0 0 0 0 0 0 0 0 0 0 0 0 0 0 0 0 0 0 0 0 0 0 0 0 0 0.292902680710552 0 0 0 0 0 0 0 0 0 0 0 0 0 0 0 0 0 0 0 0 0 0 0 0 0 0 0 0 0 0 0 0.3265009572677953 0 0 0 0 0 0 0 0 0 0 0 0
0 0 0 0 0 0 0 0 0 0 0 0 0 0 0 0 0 0 0 0 0 0 0 0 0 0 0 0.2119338180652908 0 0 0 0 0 0 0 0 0 0 0 0 0 0 0 0 0 0 0 0 0 0 0 0.1602385347619569 0 0 0 0 0 0 0 0 0 0 0 0 0 0.2036847534203299 0 0 0 0 0 0 0 0 0 0 0.2983527403616685 0 0 0.2522313282440216 0 0 0 0 0 0 0 0 0 0 0 0 0.07002401650260193 0 0 0 0 0 0 0
0 0.2643139796118478 0 0 0 0 0 0 0 0 0 0 0 0 0 0 0 0 0 0 0 0 0 0 0 0 0 0 0 0 0 0 0 0 0 0 0 0 0.2877963092271565 0 0 0 0 0 0 0 0 0 0 0 0 0 0 0 0 0 0 0 0 0 0 0 0 0 0 0 0 0 0 0 0 0 0 0 0 0 0 0 0 0 0 0 0 0 0 0 0 0 0 0 0 0 0 0 0 0 0 0 0 0
0 0.4538249114055722 0 0 0 0 0 0 0 0 0 0 0 0 0 0 0 0 0 0 0 0 0 0 0 0 0 0 0 0 0 0 0 0 0 0 0 0 0.4941438766487796 0 0 0 0 0 0 0 0 0 0 0 0 0 0 0 0 0 0 0 0 0 0 0 0 0 0 0 0 0 0 0 0 0 0 0 0 0 0 0 0 0 0 0 0 0 0 0 0 0 0 0 0 0 0 0 0 0 0 0 0 0
0 0 0 0 0 0 0 0 0 0 0 0 0 0 0 0 0.06018005626130806 0.02721859726625715 0 0 0 0.06575822538454885 0 0 0 0 0 0 0.01743807437045097 0 0 0 0 0 0 0 0 0 0 0 0 0 0 0 0 0 0 0 0 0 0 0 0 0 0 0 0 0 0 0 0 0 0 0 0 0 0 0 0 0 0 0 0 0.02412558688294206 0 0 0 0.03235003434585657 0 0 0 0 0 0 0 0 0 0 0 0 0 0 0 0.06770721780345546 0 0 0 0 0.01814852276983417 0
0 0 0 0 0 0 0 0 0 0 0 0 0 0 0 0 0 0 0 0 0.01887924757897365 0 0 0 0 0 0 0 0 0 0 0 0.004657407222547527 0 0 0.01331528510206647 0.005610424848669666 0 0 0 0.002771501842157529 0 0 0 0.005714029108449085 0 0 0 0 0 0 0 0 0 0.008144084362598964 0 0 0 0 0 0.01971914097650498 0 0 0 0.0003213195840196678 0 0 0 0.004076552185299301 0 0 0 0 0 0 0 0 0 0 0 0 0 0.003713756303864191 0 0.0120931591153383 0 0 0 0 0 0 0 0 0 0 0 0.006541752062057558 0 0 0
0 0 0 0 0 0 0 0 0.09495419116342443 0 0 0 0 0 0 0 0 0 0 0 0 0 0 0 0 0 0 0 0 0 0 0.0009770808849064643 0 0 0 0 0 0 0 0 0 0 0 0 0 0 0 0 0.0638267753319213 0 0 0 0 0 0 0 0.01755934787532739 0 0 0 0 0 0 0 0 0 0 0 0 0 0 0 0 0 0 0 0 0 0 0 0 0 0 0.0734261863040966 0 0.007991825851505423 0 0 0 0 0 0 0 0 0.0722527592380995 0 0 0 0 0
0 0 0 0 0 0 0 0 0 0 0 0 0 0 0 0 0 0 0 0 0 0 0 0 0 0 0 0.03172196651286066 0 0 0 0 0 0 0 0 0 0 0 0 0 0 0 0 0 0 0 0 0 0 0 0.02398428660508869 0 0 0 0 0 0 0 0 0 0 0 0 0 0.03048725770225801 0 0 0 0 0 0 0 0 0 0 0.0446570336210211 0 0 0.03775364319434029 0 0 0 0 0 0 0 0 0 0 0 0 0.01048109983989068 0 0 0 0 0 0 0
0 0 0 0 0 0 0 0 0 0 0 0 0 0 0 0 0 0 0 0.2251086161973079 0 0 0 0 0 0 0 0 0 0 0 0 0 0 0 0 0 0 0 0 0 0 0 0 0 0 0 0 0 0 0 0 0 0 0 0.1590868638883185 0 0 0 0 0 0 0 0 0 0 0 0 0 0 0 0 0 0 0 0 0 0 0 0 0 0 0 0 0 0 0 0.1773353976216996 0 0 0 0 0 0 0 0 0 0 0 0
0 0 0 0 0 0 0 0 0 0 0 0 0 0 0 0.2486558354331381 0 0 0 0 0 0 0 0 0 0 0 0 0 0 0 0 0 0 0 0 0 0 0 0 0 0 0 0 0 0 0 0 0 0 0.207413884566789 0 0 0 0 0 0 0 0 0 0 0 0 0 0 0 0 0.08032460045887821 0 0 0 0.003509436912649208 0 0 0 0 0 0 0 0 0 0 0 0 0 0 0 0 0 0.02764613187194232 0 0 0 0 0 0 0 0 0 0
0.05957205057299535 0 0 0 0 0.06666056659541443 0 0 0 0 0 0 0 0 0.1028203192285837 0 0 0 0 0 0 0 0 0 0 0 0 0 0 0 0.1379593209562005 0 0 0 0 0 0 0 0 0 0 0 0 0 0 0 0 0 0 0 0 0 0 0 0 0 0 0 0 0 0 0 0 0 0 0 0 0 0 0 0 0 0 0 0 0 0 0 0 0 0.1324043058975572 0.1318274283310238 0 0 0 0 0 0 0 0 0 0 0 0 0 0 0 0 0 0
0 0 0 0 0 0 0 0 0 0 0 0 0 0 0 0 0 0 0 0 0 0 0 0 0 0 0 0 0 0 0 0 0 0 0 0 0 0.09566218571289634 0 0 0 0 0 0 0 0.04657972751625811 0 0 0 0 0 0 0 0 0 0 0 0 0 0 0 0 0 0 0 0 0 0 0 0 0 0 0.2280374875718036 0 0 0 0 0 0.127235937438451 0 0 0 0 0 0 0 0 0 0.1674725408930218 0 0 0 0 0 0 0 0 0 0 0
0 0 0 0 0 0 0 0 0 0 0 0 0.3673257797750994 0 0 0 0 0 0 0 0 0 0 0 0 0 0 0 0 0 0 0 0 0 0 0 0 0 0 0 0 0 0 0 0 0 0 0 0 0 0 0 0 0 0 0 0 0 0 0 0 0 0 0 0 0 0 0 0 0 0 0 0 0 0 0 0 0 0 0 0 0 0 0 0 0 0 0 0 0 0 0 0 0 0 0 0 0 0 0
0 0 0 0 0 0 0 0 0 0 0 0 0 0 0 0 0 0 0 0 0 0 0 0 0 0 0 0.2432493303023653 0 0 0 0 0 0 0 0 0 0 0 0 0 0 0 0 0 0 0 0 0 0 0 0.1839155101592626 0 0 0 0 0 0 0 0 0 0 0 0 0 0.2337813771987719 0 0 0 0 0 0 0 0 0 0 0.3424375823989228 0 0 0.2895012331525711 0 0 0 0 0 0 0 0 0 0 0 0 0.0803708217727301 0 0 0 0 0 0 0
0 0 0 0 0 0 0 0 0 0 0 0 0 0 0 0 0 0 0 0 0 0 0 0 0 0 0 0 0 0 0 0 0 0 0 0 0 0.06381655890273488 0 0 0 0 0 0 0 0.03107348951482186 0 0 0 0 0 0 0 0 0 0 0 0 0 0 0 0 0 0 0 0 0 0 0 0 0 0 0.1521245584052741 0 0 0 0 0 0.08487951258457359 0 0 0 0 0 0 0 0 0 0.1117214831633248 0 0 0 0 0 0 0 0 0 0 0
0 0 0.4305129928068869 0 0 0 0 0 0 0 0 0 0 0 0 0 0 0 0 0 0 0 0 0.09155654290662489 0 0 0 0 0 0.0149666945946349 0 0 0 0 0 0 0 0 0 0.153614606255955 0 0 0 0 0 0 0 0 0 0 0 0 0 0 0 0 0 0 0 0 0 0 0 0 0 0 0 0 0 0 0 0 0 0 0 0 0 0 0 0 0 0 0 0 0 0 0 0 0 0 0.1781033196594065 0 0 0 0 0 0 0.2585700902015828 0 0
0 0 0 0 0 0 0 0 0 0 0 0 0 0 0 0 0 0 0 0 0 0 0 0 0 0 0 0 0 0 0 0 0 0 0 0 0 0.1745813479509779 0 0 0 0 0 0 0 0.08500696023592233 0 0 0 0 0 0 0 0 0 0 0 0 0 0 0 0 0 0 0 0 0 0 0 0 0 0 0.4161633112076473 0 0 0 0 0 0.2322027382112858 0 0 0 0 0 0 0 0 0 0.3056336389974147 0 0 0 0 0 0 0 0 0 0 0
0 0 0 0 0 0 0 0 0 0 0 0 0 0 0 0 0 0 0.07423502691244416 0 0 0 0 0 0 0.06122214602003175 0 0 0 0 0 0 0 0 0 0 0 0 0 0 0 0 0 0 0 0 0.1354288299652729 0 0 0 0 0 0 0 0 0 0 0 0 0 0 0 0 0 0 0 0 0 0 0 0 0 0 0 0 0 0 0 0 0 0 0 0 0 0 0 0 0 0 0 0 0 0 0 0 0.5435266724860507 0 0 0 0
0 0 0 0 0 0 0 0 0 0.02957207623188462 0.1605777711593691 0 0 0 0 0 0 0 0 0 0 0 0 0 0 0 0 0 0 0 0 0 0 0.005224076736238884 0 0 0 0 0 0 0 0 0 0 0 0 0 0 0 0 0 0 0 0 0 0 0 0 0 0 0 0 0 0 0 0 0 0 0 0 0 0 0 0 0.4112822526310658 0 0 0 0 0 0 0 0 0 0 0 0 0 0 0 0 0 0 0 0 0 0 0 0 0
0.0009337053743576941 0 0 0 0 0.001044807568133001 0 0 0 0 0 0 0 0 0.001611559174705024 0 0 0 0 0 0 0 0 0 0 0 0 0 0 0 0.002162311993301351 0 0 0 0 0 0 0 0 0 0 0 0 0 0 0 0 0 0 0 0 0 0 0 0 0 0 0 0 0 0 0 0 0 0 0 0 0 0 0 0 0 0 0 0 0 0 0 0 0 0.002075245199981257 0.00206620348194339 0 0 0 0 0 0 0 0 0 0 0 0 0 0 0 0 0 0
0 0 0 0 0 0 0 0 0 0 0 0 0 0 0 0 0 0 0 0 0.1410025237949593 0 0 0 0 0 0 0 0 0 0 0 0.03478455219007058 0 0 0.09944722619834732 0.04190230886666414 0 0 0 0.02069938183774987 0 0 0 0.04267609299358435 0 0 0 0 0 0 0 0 0 0.06082532920456272 0 0 0 0 0 0.1472753950137538 0 0 0 0.002399824044999503 0 0 0 0.03044634825114711 0 0 0 0 0 0 0 0 0 0 0 0 0 0.02773675218855083 0 0.0903195929172415 0 0 0 0 0 0 0 0 0 0 0 0.04885806740615559 0 0 0
0 0 0 0.022161374326732 0 0 0 0 0 0 0 0 0 0 0 0 0 0 0 0 0 0 0 0 0 0 0 0 0 0 0 0 0 0 0 0 0 0 0 0 0 0 0 0 0 0 0 0 0 0 0 0 0 0 0 0 0 0 0 0 0 0 0 0 0 0 0 0 0 0 0 0 0 0 0 0 0 0 0 0 0 0 0 0 0 0 0 0 0 0 0 0 0 0 0 0 0 0 0 0.06238593852527449
0.1406730527303988 0 0 0 0 0.1574118283577407 0 0 0 0 0 0 0 0 0.24279923302079 0 0 0 0 0 0 0 0 0 0 0 0 0 0 0 0.3257762431350495 0 0 0 0 0 0 0 0 0 0 0 0 0 0 0 0 0 0 0 0 0 0 0 0 0 0 0 0 0 0 0 0 0 0 0 0 0 0 0 0 0 0 0 0 0 0 0 0 0 0.3126586667087493 0.3112964317754983 0 0 0 0 0 0 0 0 0 0 0 0 0 0 0 0 0 0
0 0 0.4285395964390266 0 0 0 0 0 0 0 0 0 0 0 0 0 0 0 0 0 0 0 0 0.09113686370473183 0 0 0 0 0 0.01489808988061834 0 0 0 0 0 0 0 0 0 0.1529104637304081 0 0 0 0 0 0 0 0 0 0 0 0 0 0 0 0 0 0 0 0 0 0 0 0 0 0 0 0 0 0 0 0 0 0 0 0 0 0 0 0 0 0 0 0 0 0 0 0 0 0 0.1772869251486898 0 0 0 0 0 0 0.2573848500686096 0 0
0 0 0 0 0.02619072683724519 0 0 0 0 0 0 0.04162379338063572 0 0 0 0 0 0 0 0 0 0 0 0 0 0 0 0 0 0 0 0 0 0 0 0 0 0 0 0 0 0 0 0 0 0 0 0 0 0 0 0 0.0697910919526341 0 0 0 0 0 0.01966249640780223 0 0 0 0 0 0 0 0 0 0 0.123226715093342 0.09684331671283547 0 0 0 0 0 0 0 0 0 0 0 0 0 0 0 0.08769659814355625 0 0 0 0 0.05255889996855551 0 0 0 0 0 0 0 0
0 0 0 0 0 0 0 0 0 0 0 0 0 0 0 0 0 0 0 0 0 0 0 0 0 0 0 0 0 0 0 0 0 0 0 0 0 0 0 0 0 0.4907410063752675 0.1130340126851808 0.5705666231629427 0 0 0 0.3011048906305067 0 0 0 0 0 0 0 0 0 0 0 0.5417801010807304 0 0 0 0 0 0 0 0 0 0 0 0 0 0 0 0 0 0 0 0 0 0 0 0 0 0 0 0 0 0 0 0 0 0 0 0 0 0 0 0
0 0 0 0 0 0 0 0 0 0 0 0 0 0 0 0 0 0 0 0 0 0 0 0 0 0 0 0 0 0 0 0 0 0 0 0 0 0.1484505512179044 0 0 0 0 0 0 0 0.07228338108561654 0 0 0 0 0 0 0 0 0 0 0 0 0 0 0 0 0 0 0 0 0 0 0 0 0 0 0.3538732726636477 0 0 0 0 0 0.1974473498248588 0 0 0 0 0 0 0 0 0 0.259887340270969 0 0 0 0 0 0 0 0 0 0 0
0 0 0 0 0 0 0 0 0 0 0 0 0 0 0 0 0.3496041338344719 0.1581210572509412 0 0 0 0.382009404049658 0 0 0 0 0 0 0.1013030439777476 0 0 0 0 0 0 0 0 0 0 0 0 0 0 0 0 0 0 0 0 0 0 0 0 0 0 0 0 0 0 0 0 0 0 0 0 0 0 0 0 0 0 0 0 0.1401528251957125 0 0 0 0.1879311260177406 0 0 0 0 0 0 0 0 0 0 0 0 0 0 0 0.3933316900160118 0 0 0 0 0.1054302534343486 0
0 0 0 0 0 0 0 0 0.05609636858669122 0 0 0 0 0 0 0 0 0 0 0 0 0 0 0 0 0 0 0 0 0 0 0.0005772329666248167 0 0 0 0 0 0 0 0 0 0 0 0 0 0 0 0 0.03770713299592138 0 0 0 0 0 0 0 0.01037358792158001 0 0 0 0 0 0 0 0 0 0 0 0 0 0 0 0 0 0 0 0 0 0 0 0 0 0 0.04337820543108627 0 0.004721354614828016 0 0 0 0 0 0 0 0 0.04268497644985591 0 0 0 0 0
0 0 0 0 0.006951228876360131 0 0 0 0 0 0 0.01104728846546039 0 0 0 0 0 0 0 0 0 0 0 0 0 0 0 0 0 0 0 0 0 0 0 0 0 0 0 0 0 0 0 0 0 0 0 0 0 0 0 0 0.01852311532660325 0 0 0 0 0 0.00521858418289007 0 0 0 0 0 0 0 0 0 0 0.03270535810704284 0.02570299265843355 0 0 0 0 0 0 0 0 0 0 0 0 0 0 0 0.02327538021996177 0 0 0 0 0.01394955342177037 0 0 0 0 0 0 0 0
0 0 0 0 0 0 0 0 0 0.03758040561963558 0.2040633781120728 0 0 0 0 0 0 0 0 0 0 0 0 0 0 0 0 0 0 0 0 0 0 0.006638794016237652 0 0 0 0 0 0 0 0 0 0 0 0 0 0 0 0 0 0 0 0 0 0 0 0 0 0 0 0 0 0 0 0 0 0 0 0 0 0 0 0 0.5226604231923377 0 0 0 0 0 0 0 0 0 0 0 0 0 0 0 0 0 0 0 0 0 0 0 0 0
0 0 0 0 0.0796430078848766 0 0 0 0 0 0 0.1265731999349557 0 0 0 0 0 0 0 0 0 0 0 0 0 0 0 0 0 0 0 0 0 0 0 0 0 0 0 0 0 0 0 0 0 0 0 0 0 0 0 0 0.2122267366315837 0 0 0 0 0 0.05979140503332685 0 0 0 0 0 0 0 0 0 0 0.3747183613037429 0.2944894612695376 0 0 0 0 0 0 0 0 0 0 0 0 0 0 0 0.2666753351606773 0 0 0 0 0.1598256096758404 0 0 0 0 0 0 0 0
0 0 0 0 0 0 0 0 0 0 0 0 0 0 0 0 0 0 0 0 0 0 0 0 0 0 0 0.1725555231083845 0 0 0 0 0 0 0 0 0 0 0 0 0 0 0 0 0 0 0 0 0 0 0 0.1304654653060246 0 0 0 0 0 0 0 0 0 0 0 0 0 0.1658391732687964 0 0 0 0 0 0 0 0 0 0 0.2429174053197469 0 0 0.2053655673586804 0 0 0 0 0 0 0 0 0 0 0 0 0.05701322661980347 0 0 0 0 0 0 0
0 0 0 0 0 0 0 0 0 0 0 0 0 0 0 0 0 0 0 0 0 0 0 0 0.04421682325572808 0 0 0 0 0 0 0 0 0 0 0 0 0 0 0 0 0 0 0 0 0 0 0 0 0 0 0 0 0 0 0 0 0 0 0 0 0 0 0 0 0 0.215722424791068 0 0 0 0 0 0 0 0 0 0 0 0 0 0 0 0 0 0 0 0 0 0 0 0 0 0 0 0 0 0 0 0 0
0 0 0 0 0 0 0 0 0 0 0 0 0 0 0 0 0 0 0 0 0.2401796782308138 0 0 0 0 0 0 0 0 0 0 0 0.05925101429080076 0 0 0.1693955692878165 0.07137519804509597 0 0 0 0.03525873676273336 0 0 0 0.07269323986180883 0 0 0 0 0 0 0 0 0 0.103608131283374 0 0 0 0 0 0.2508647081888894 0 0 0 0.004087791845319837 0 0 0 0.05186144140864829 0 0 0 0 0 0 0 0 0 0 0 0 0 0.04724599274195485 0 0.1538478190386594 0 0 0 0 0 0 0 0 0 0 0 0.08322343879215992 0 0 0
0 0.01264375526435826 0 0 0 0 0 0 0 0 0 0 0 0 0 0 0 0 0 0 0 0 0 0 0 0 0 0 0 0 0 0 0 0 0 0 0 0 0.01376705880331207 0 0 0 0 0 0 0 0 0 0 0 0 0 0 0 0 0 0 0 0 0 0 0 0 0 0 0 0 0 0 0 0 0 0 0 0 0 0 0 0 0 0 0 0 0 0 0 0 0 0 0 0 0 0 0 0 0 0 0 0 0
0 0 0 0 0 0 0 0 0 0 0 0 0 0.03746409582545462 0 0 0 0 0 0 0 0 0 0 0 0 0 0 0 0 0 0 0 0 0.006124054781614013 0 0 0 0 0 0 0 0 0 0 0 0 0 0 0.1302976939815844 0 0 0 0.1086263981451629 0 0 0 0 0 0 0 0 0.08480810110639299 0 0 0 0 0 0 0 0 0 0 0 0 0 0 0 0 0 0 0 0 0 0 0 0 0 0 0 0 0 0 0 0 0 0 0 0 0
0 0 0 0 0 0 0 0 0 0.03421076118608432 0.1857660496290685 0 0 0 0 0 0 0 0 0 0 0 0 0 0 0 0 0 0 0 0 0 0 0.006043527016495099 0 0 0 0 0 0 0 0 0 0 0 0 0 0 0 0 0 0 0 0 0 0 0 0 0 0 0 0 0 0 0 0 0 0 0 0 0 0 0 0 0.47579611301237 0 0 0 0 0 0 0 0 0 0 0 0 0 0 0 0 0 0 0 0 0 0 0 0 0
0 0 0 0.1376346825297117 0 0 0 0 0 0 0 0 0 0 0 0 0 0 0 0 0 0 0 0 0 0 0 0 0 0 0 0 0 0 0 0 0 0 0 0 0 0 0 0 0 0 0 0 0 0 0 0 0 0 0 0 0 0 0 0 0 0 0 0 0 0 0 0 0 0 0 0 0 0 0 0 0 0 0 0 0 0 0 0 0 0 0 0 0 0 0 0 0 0 0 0 0 0 0 0.3874520016967945
0 0 0 0.135507245743449 0 0 0 0 0 0 0 0 0 0 0 0 0 0 0 0 0 0 0 0 0 0 0 0 0 0 0 0 0 0 0 0 0 0 0 0 0 0 0 0 0 0 0 0 0 0 0 0 0 0 0 0 0 0 0 0 0 0 0 0 0 0 0 0 0 0 0 0 0 0 0 0 0 0 0 0 0 0 0 0 0 0 0 0 0 0 0 0 0 0 0 0 0 0 0 0.38146310684725
0 0 0 0 0 0 0 0 0 0 0 0 0 0 0 0 0 0 0 0 0 0 0 0 0.1160421090895385 0 0 0 0 0 0 0 0 0 0 0 0 0 0 0 0 0 0 0 0 0 0 0 0 0 0 0 0 0 0 0 0 0 0 0 0 0 0 0 0 0 0.5661393855883116 0 0 0 0 0 0 0 0 0 0 0 0 0 0 0 0 0 0 0 0 0 0 0 0 0 0 0 0 0 0 0 0 0
0 0 0 0 0 0 0 0 0.210309283790442 0 0 0 0 0 0 0 0 0 0 0 0 0 0 0 0 0 0 0 0 0 0 0.00216408753096896 0 0 0 0 0 0 0 0 0 0 0 0 0 0 0 0 0.1413667289694148 0 0 0 0 0 0 0 0.0388913204382051 0 0 0 0 0 0 0 0 0 0 0 0 0 0 0 0 0 0 0 0 0 0 0 0 0 0 0.1626279837032231 0 0.01770069493947159 0 0 0 0 0 0 0 0 0.1600290188465225 0 0 0 0 0
0 0 0 0 0 0 0 0 0.3567033032872882 0 0 0 0 0 0 0 0 0 0 0 0 0 0 0 0 0 0 0 0 0 0 0.003670485472570194 0 0 0 0 0 0 0 0 0 0 0 0 0 0 0 0 0.2397705811625266 0 0 0 0 0 0 0 0.06596314827135871 0 0 0 0 0 0 0 0 0 0 0 0 0 0 0 0 0 0 0 0 0 0 0 0 0 0 0.2758315655322837 0 0.03002195738387585 0 0 0 0 0 0 0 0 0.2714234893275431 0 0 0 0 0
