0 0 0 0 0 0 0 0 0 0 0 0 0 0 0 0 0 0 0 0.6214799443606084
0 0 0 0 0 0 0 0 0 0 0 0 0 0 0 0 0 0 0.5725353186785973 0
0 0 0 0 1 0 0 0 0 0 0 0 0 0 0 0 0 0 0 0
0 0 0 0 0 0 0 0 0 0 0 0 0.5071691630210912 0 0 0 0 0 0 0
0 0 0 0 0 0 0 0 0 0 0 0 0 0 0 0 0 0 0.8198800576094025 0
0 0 0 0 0 0 0 0.6725691138650626 0 0 0 0 0 0 0 0 0 0 0 0
0 0 0 0.2275195416546414 0 0 0 0 0 0 0 0 0 0 0 0 0 0 0 0
0 0 0.5297958649503515 0 0 0 0 0 0 0 0 0 0 0 0 0 0 0 0 0
0.6384070398940392 0 0 0 0 0 0 0 0 0 0 0 0 0 0 0 0 0 0 0
0 0 0 0 0 0 0 0 0 0 0 0 0 0 0 0 0.01658608587912826 0 0 0
0 0 0 0.5980467002112233 0 0 0 0 0 0 0 0 0 0 0 0 0 0 0 0
0 0 0.8481251921040366 0 0 0 0 0 0 0 0 0 0 0 0 0 0 0 0 0
0 0 0 0 0 0 0.6169539000894003 0 0 0 0 0 0 0 0 0 0 0 0 0
0 0 0 0 0 0 0 0 0 0 0 0 0 0 1 0 0 0 0 0
0 0 0 0 0 0 0 0 0 0 0 0 0 0 0 0 0.9998624414164232 0 0 0
0 0 0 0 0 0 0 0 0 0.6738206505971188 0 0 0 0 0 0 0 0 0 0
0 0 0 0 0 0 0 0 0 0 0 0 0 0 0 0.2204234981990495 0 0 0 0
0 0 0 0 0 0 0 0 0 0.7388949389655307 0 0 0 0 0 0 0 0 0 0
0.3996778638774746 0 0 0 0 0 0 0 0 0 0 0 0 0 0 0 0 0 0 0
0 0 0 0 0 0 0 0 0.9306704209476728 0 0 0 0 0 0 0 0 0 0 0
0 0 0 0 0 0 0.5859661596385828 0 0 0 0 0 0 0 0 0 0 0 0 0
0 0 0 0 0 0 0 0 0 0 0 0.1691999998033544 0 0 0 0 0 0 0 0
0 0 0 0 0 0 0 0 0 0 0 0 0 0 0 0.4721636399989875 0 0 0 0
0 1 0 0 0 0 0 0 0 0 0 0 0 0 0 0 0 0 0 0
0 0 0 0 0 0 0 0 0 0 0 0 0 0.8679470945943397 0 0 0 0 0 0
0.6577948438077555 0 0 0 0 0 0 0 0 0 0 0 0 0 0 0 0 0 0 0
0 0 0 0 0 0 0 0.6799150928773547 0 0 0 0 0 0 0 0 0 0 0 0
0 0 0 0 0 0 0 0 0 0 0 0 0.7649288046675987 0 0 0 0 0 0 0
0 0 0 0 0 0 0 0 0 0 0 0.5775250050822915 0 0 0 0 0 0 0 0
0 0 0 0 0 0.5659334096760472 0 0 0 0 0 0 0 0 0 0 0 0 0 0
0 0 0 0 0 0 0 0 0 0 0 0 0 0 0 0.6621633022464125 0 0 0 0
0 0 0 0 0 0 0 0 0 0 0 0 0 0 0 0.5385301659728322 0 0 0 0
0 0 0 0 0 0 0 0 0 0 0 0 0 0 0 0 0 0.3362257777396616 0 0
0 0 0 0 0 0 0 0 0 0 0 0 0 0.426011284236654 0 0 0 0 0 0
0 0 0 0 0 0 0 0.2868366799548775 0 0 0 0 0 0 0 0 0 0 0 0
0 0 0 0 0 0 0 0 0.3658586715838257 0 0 0 0 0 0 0 0 0 0 0
0 0 0 0 0 0 0 0 0 0 0 0 0.3970684624473272 0 0 0 0 0 0 0
0 0 0 0 0 0 0 0 0 0 0 0 0 0 0 0 0 0 0 0.7567362753493914
0 0 0 0.7684887784032561 0 0 0 0 0 0 0 0 0 0 0 0 0 0 0 0
0 0 0 0 0 0 0.5234575622602892 0 0 0 0 0 0 0 0 0 0 0 0 0
0 0 0 0 0 0 0 0 0 0 0 0 0 0 0 0 0 0.9417814111477035 0 0
0 0 0 0 0 0 0 0 0 0 0 0 0 0.2553081014936291 0 0 0 0 0 0
0 0 0 0 0 0.8244509541582467 0 0 0 0 0 0 0 0 0 0 0 0 0 0
0 0 0 0 0 0 0 0 0 0 0.7210238177719142 0 0 0 0 0 0 0 0 0
0 0 0 0 0 0 0 0 0 0 0 0.6741349883720928 0 0 0 0 0 0 0 0
0 0 0 0 0 0 0 0 0 0 0.6929102786116059 0 0 0 0 0 0 0 0 0
0 0 0 0 0 0 0 0 0 0 0 0.4282268628003181 0 0 0 0 0 0 0 0
0 0 0 0 0 0 0.04476299180578148 0 0 0 0 0 0 0 0 0 0 0 0 0
0 0 0 0 0 0 0 0.05559651594125145 0 0 0 0 0 0 0 0 0 0 0 0
0 0 0 0 0 0 0 0 0 0 0 0 0 0 0 0 0 0 0 0.202763133552096
