0 0 0 0 0 0 0 0 0 0.3880328718764668
0 0 0 0 0 0 0 0 0 0.4472242032126223
0 0 0 0.2263642610960392 0 0 0 0 0 0
0 0 0 0 0 0 0.3628165491445363 0 0 0
0 0 0 0 0 0 0 0 0 0.6404324650932507
0 0 0 0.4486674853130542 0 0 0 0 0 0
0 0.1144076758324666 0 0 0 0 0 0 0 0
0 0.4579423193258329 0 0 0 0 0 0 0 0
0.6142857100494235 0 0 0 0 0 0 0 0 0
0 0 0 0 0 0 0 0 0.01138254334602697 0
0 0.3007264014020405 0 0 0 0 0 0 0 0
0 0.7330982426357506 0 0 0 0 0 0 0 0
0 0 0 0.437882350417267 0 0 0 0 0 0
0 0 0 0 0 0.4918361661930331 0 0 0 0
0 0 0 0 0 0 0 0 0.6861762119421121 0
0 0 0 0 0.4601083917307184 0 0 0 0 0
0 0 0 0 0 0 0 0.2204234981990495 0 0
0 0 0 0 0.504543399974645 0 0 0 0 0
0.384576586817967 0 0 0 0 0 0 0 0 0
0 0 0 0 0.6799222464549228 0 0 0 0 0
0 0 0 0.4158888357952539 0 0 0 0 0 0
0 0 0 0 0 0.1029808583598926 0 0 0 0
0 0 0 0 0 0 0 0.4721636399989875 0 0
0.2722859537392196 0 0 0 0 0 0 0 0 0
0 0 0 0 0 0 0.6064692706123691 0 0 0
0.6329409725217999 0 0 0 0 0 0 0 0 0
0 0 0 0.4535679510981495 0 0 0 0 0 0
0 0 0 0 0 0 0.5472115607297122 0 0 0
0 0 0 0 0 0.3515013050638115 0 0 0 0
0 0 0.5659334096760472 0 0 0 0 0 0 0
0 0 0 0 0 0 0 0.6621633022464125 0 0
0 0 0 0 0 0 0 0.5385301659728322 0 0
0 0 0 0 0 0 0 0 0.2445525762698611 0
0 0 0 0 0 0 0.2976710843699471 0 0 0
0 0 0 0.1913473117302858 0 0 0 0 0 0
0 0 0 0 0.2672862962755264 0 0 0 0 0
0 0 0 0 0 0 0.2840531716500972 0 0 0
0 0 0 0 0 0 0 0 0 0.4724827451656973
0 0.3864328066109849 0 0 0 0 0 0 0 0
0 0 0 0.3715234277196626 0 0 0 0 0 0
0 0 0 0 0 0 0 0 0.6850012272335892 0
0 0 0 0 0 0 0.1783939586394229 0 0 0
0 0 0.8244509541582467 0 0 0 0 0 0 0
0 0 0 0 0 0.4489274846887923 0 0 0 0
0 0 0 0 0 0.4103014174567275 0 0 0 0
0 0 0 0 0 0.431423291193579 0 0 0 0
0 0 0 0 0 0.2606333921701722 0 0 0 0
0 0 0 0.03177048408444158 0 0 0 0 0 0
0 0 0 0.03708815716526197 0 0 0 0 0 0
0 0 0 0 0 0 0 0 0 0.1265990346701175
