0 0 0 0 0 0 0 0 0 0 0 0 0 0 0 0 0 0 0 0 0 0 0 0 0 0 0 0 0 0 0 0 0 0 0 0 0 1 0 0 0 0 0 0 0 0 0 0 0 0
0 0 0 0 0 0 0 0 0 0 0 0 0 0 0 0 0 0 0 0 0 0 0.7882094389118935 0 0 0 0 0 0 0 0 0 0 0 0 0 0 0 0 0 0 0 0 0 0.6154070851153715 0 0 0 0 0
0 0 0 0 0 0 0 0 0 0 0 0 0 0 0 1 0 0 0 0 0 0 0 0 0 0 0 0 0 0 0 0 0 0 0 0 0 0 0 0 0 0 0 0 0 0 0 0 0 0
0 0 0.3931589373907666 0 0 0 0 0.4206990492307592 0 0 0 0 0 0.5236220558058799 0 0 0 0 0 0 0 0 0 0 0 0 0 0 0 0 0 0 0 0 0 0 0.6278999144766007 0 0 0 0 0 0 0 0 0 0 0 0 0
0 0 0 0 0 0 0 0 0 0.6509145295142601 0 0.07793138724929767 0 0 0 0 0.3969294494253985 0 0 0 0 0 0 0 0 0 0 0 0 0 0 0 0 0 0 0 0 0 0 0 0 0 0.2003732593472081 0 0 0.6103560790768416 0 0 0 0
0 0 0 0 0 0 0.394175462402743 0 0 0 0 0 0 0 0 0 0 0 0 0 0 0 0 0 0 0 0.9137814152497856 0 0 0 0 0 0 0 0 0 0 0 0 0 0 0 0 0 0 0 0.0981286399767299 0 0 0
0 0 0 0.2465553475861097 0 0 0 0 0 0 0 0 0 0 0 0 0 0 0.9563798448043971 0 0 0 0 0 0 0 0 0 0 0 0.1566781830013677 0 0 0 0 0 0 0 0 0 0 0 0 0 0 0 0 0 0 0
0 0 0 0 0 0 0 0 0 0 0 0 0 0 0 0 0 0 0 0 0 0 0 0 0 0 0 0 0 0 0 0 0 0 0 0.03494334210860008 0 0 0 0 0 0 0 0 0 0 0 0 0.9993892949408061 0
0 0 0 0 0 0 0 0 0 0 0.7275119771640918 0 0 0 0 0 0 0 0 0 0 0 0 0 0 0 0 0 0 0 0 0 0 0 0 0 0 0 0 0 0.6860949810943044 0 0 0 0 0 0 0 0 0
0 0 0 0 0 0 0 0 0 0 0 0 0 0 0 0 0 1 0 0 0 0 0 0 0 0 0 0 0 0 0 0 0 0 0 0 0 0 0 0 0 0 0 0 0 0 0 0 0 0
0 0 0 0 0 0 0 0 0 0 0 0 0.4853324539865547 0 0.665367454203724 0 0 0 0 0 0 0 0 0 0 0 0 0 0 0 0 0 0 0 0.1377529039009424 0 0 0 0 0 0 0 0 0 0 0 0 0 0 0.5502387640476648
0 0 0 0 0.3470566640071943 0 0 0 0 0 0 0 0 0 0 0 0 0 0 0 0 0 0 0 0 0 0 0 0 0 0 0 0 0 0 0 0 0 0 0 0 0 0 0 0 0 0 0.9378441618777597 0 0
0 0 0 0 0 0 0 0 0 0 0 0 0 0 0 0 0 0 0 0 0 0 0 0 0 0 0 1 0 0 0 0 0 0 0 0 0 0 0 0 0 0 0 0 0 0 0 0 0 0
0 0.9492790166667647 0 0 0 0 0 0 0 0 0 0 0 0 0 0 0 0 0 0 0 0 0 0 0 0 0 0 0 0 0 0 0 0 0 0 0 0 0 0.3144349670697902 0 0 0 0 0 0 0 0 0 0
0 0 0 0 0 0 0 0 0.3228931698786482 0 0 0 0 0 0 0 0 0 0 0 0 0 0 0.946435418211786 0 0 0 0 0 0 0 0 0 0 0 0 0 0 0 0 0 0 0 0 0 0 0 0 0 0
0 0 0 0 0 0 0 0 0 0 0 0 0 0 0 0 0 0 0 0 0 0 0 0 0.02491378155102207 0.5273208923824372 0 0 0.3215156944191541 0.7137844062570263 0 0 0 0 0 0 0 0 0 0 0 0 0 0.3293196920505843 0 0 0 0 0 0
0.6548942868741515 0 0 0 0 0 0 0 0 0 0 0 0 0 0 0 0 0 0 0.4030138577435277 0 0.6392912509070308 0 0 0 0 0 0 0 0 0 0 0 0 0 0 0 0 0 0 0 0 0 0 0 0 0 0 0 0
0 0 0 0 0 0 0 0 0 0 0 0 0 0 0 0 0 0 0 0 0.8079626383429791 0 0 0 0 0 0 0 0 0 0 0 0 0 0 0 0 0 0.5892337185208026 0 0 0 0 0 0 0 0 0 0 0
0 0 0 0 0 0.8592473529888324 0 0 0 0 0 0 0 0 0 0 0 0 0 0 0 0 0 0 0 0 0 0 0 0 0 0.5115603448095688 0 0 0 0 0 0 0 0 0 0 0 0 0 0 0 0 0 0
0 0 0 0 0 0 0 0 0 0 0 0 0 0 0 0 0 0 0 0 0 0 0 0 0 0 0 0 0 0 0 0 0.7375321196738874 0.6326452623801768 0 0 0 0 0 0 0 0.2362336649109514 0 0 0 0 0 0 0 0
