0 0 0 0 0 0 0 0.08871437909745125 0 0 0 0 0 0.103593662185745 0 0 0 0 0 0 0 0 0 0 0 0 0 0 0 0 0 0 0 0 0 0 0 0 0 0 0 0.04650724679706659 0 0 0.1867477563688963 0 0 0 0 0
0 0 0.2324927566336179 0 0 0.1114817263790082 0 0 0 0 0 0 0 0 0 0 0 0 0 0 0 0 0 0 0 0 0 0 0 0 0 0 0 0 0 0 0 0 0 0 0 0 0 0 0 0 0 0.601923191525098 0 0
0 0 0 0 0 0 0 0 0 0 0 0.7279367860888315 0 0 0 0 0 0 0.6740068127673801 0 0.08332202537519827 0 0 0 0 0 0 0 0 0 0 0 0 0 0 0 0 0 0 0 0.09423530065318141 0 0 0 0 0 0 0 0 0
0 0 0 0 0 0 0 0 0 0 0 0 0 0 0 0 0 0 0 0 0 0 0 0.3624893275156916 0 0 0 0 0 0 0 0 0 0 0 0 0 0.4576163713035711 0 0 0 0 0 0 0 0 0 0 0 0
0 0 0 0 0 0 0 0 0 0 0 0 0 0 0 0 0 0 0 0 0 0 0 0 0 0 0 0 0.2236222335054882 0 0 0.5099703023260749 0 0 0 0 0 0 0 0 0 0 0 0 0 0 0 0 0 0
0 0.880656443043726 0 0 0 0 0 0 0 0 0 0 0 0 0 0 0.2696877929622508 0 0 0 0 0 0 0 0.3692667934044741 0 0 0.1054063982758306 0 0 0 0 0.06514790974403709 0 0 0 0 0 0 0 0 0 0 0 0 0 0 0 0 0
0 0 0 0 0 0 0 0 0 0 0 0 0 0 0 0 0 0 0 0 0 0 0 0 0 0 0 0 0 0 0 0 0 0 0.4695035636043299 0 0 0 0 0 0 0 0 0 0 0 0 0 0 0
0 0 0 0 0 0 0 0 0 0 0 0 0 0 0 0 0 0 0 0 0 0 0 0 0 0 0 0 0 0.2306095268054205 0 0 0 0 0 0 0 0 0 0 0 0 0 0 0 0 0 0 0 0
0 0 0 0 0 0 0 0 0 0 0 0 0 0 0 0 0 0 0 0 0 0 0 0 0 0 0 0 0 0 0 0 0 0 0 0 0 0 0.4718049550413667 0 0 0 0 0 0 0 0 0 0.5762639558496065 0.6673229634794359
0 0 0 0 0 0 0 0 0.6818951563014727 0 0 0 0 0 0 0 0 0 0 0 0 0 0 0 0 0 0 0 0 0 0 0 0 0 0 0 0 0 0 0 0 0 0 0 0 0 0 0 0 0
0 0 0 0 0 0 0 0 0 0 0 0 0 0 0 0 0 0 0 0 0 0 0 0 0 0 0 0 0.2483065888017481 0 0 0.5662629523717555 0 0 0 0 0 0 0 0 0 0 0 0 0 0 0 0 0 0
0 0 0 0 0 0 0 0 0 0 0 0 0 0 0 0 0 0 0 0 0 0 0 0 0 0 0 0 0.2227322820670136 0 0 0.5079407688712843 0 0 0 0 0 0 0 0 0 0 0 0 0 0 0 0 0 0
0 0 0 0 0 0 0 0 0 0 0 0 0 0 0.1253592500336674 0 0 0 0 0 0 0 0 0 0 0 0 0 0 0 0 0 0 0 0 0 0.4088792682949901 0 0 0 0 0 0 0 0 0 0 0 0 0
0 0 0 0 0 0 0 0 0 0 0 0 0 0 0 0 0 0 0 0 0 0.0763352134822838 0 0 0 0.06315385244143952 0 0 0 0 0 0 0 0 0 0 0 0 0 0 0 0 0.05474385713239505 0 0 0 0 0 0 0
0 0 0 0 0 0 0.679800256407422 0 0 0 0 0 0 0 0 0 0 0 0 0 0 0 0 0 0 0 0 0 0 0 0 0 0 0 0 0 0 0 0 0 0 0 0 0 0 0 0 0 0 0
0 0 0 0 0 0 0.6230918038696527 0 0 0 0 0 0 0 0 0 0 0 0 0 0 0 0 0 0 0 0 0 0 0 0 0 0 0 0 0 0 0 0 0 0 0 0 0 0 0 0 0 0 0
0 0 0 0 0 0 0 0 0 0 0.07421125417777179 0 0 0 0 0 0 0 0 0 0 0 0.1542439627294305 0 0 0 0 0 0 0 0 0 0 0 0 0 0 0 0 0 0 0 0 0 0 0 0 0 0 0
0 0 0 0 0.02160309397535194 0 0 0 0 0 0 0 0 0 0 0 0 0.6710323228738865 0 0 0 0 0 0 0 0 0 0 0 0 0 0 0 0 0 0.6219360994555873 0 0 0 0 0 0 0 0.05281368064036576 0 0 0.2357923141756525 0 0 0
0 0 0 0 0 0 0 0 0 0 0.229833437221536 0 0 0 0 0 0 0 0 0 0 0 0.4776960114412652 0 0 0 0 0 0 0 0 0 0 0 0 0 0 0 0 0 0 0 0 0 0 0 0 0 0 0
0 0 0 0 0 0 0 0 0 0 0 0 0 0 0.1676151962061139 0 0 0 0 0 0 0 0 0 0 0 0 0 0 0 0 0 0 0 0 0 0.5467038033609084 0 0 0 0 0 0 0 0 0 0 0 0 0
0 0 0 0 0 0 0 0 0 0 0.1700467968567918 0 0 0 0 0 0 0 0 0 0 0 0.3534328059435252 0 0 0 0 0 0 0 0 0 0 0 0 0 0 0 0 0 0 0 0 0 0 0 0 0 0 0
0 0 0 0 0 0 0 0 0 0 0 0 0 0 0 0 0 0 0 0 0 0 0 0.5028191996336446 0 0 0 0 0 0 0 0 0 0 0 0 0 0.6347726128520399 0 0 0 0 0 0 0 0 0 0 0 0
0 0 0 0 0 0 0 0 0 0 0 0 0 0 0 0 0 0 0 0 0 0 0 0 0 0 0 0 0 0 0 0 0 0 0 0 0 0 0 0 0 0 0 0 0 0.493891997048321 0 0 0 0
0 0 0 0 0 0 0.1398066421493841 0 0 0 0 0 0 0 0 0 0 0 0 0 0 0 0 0 0 0 0 0 0 0 0 0 0 0 0 0 0 0 0 0 0 0 0 0 0 0 0 0 0 0
0 0 0 0 0.007328614145020683 0 0 0 0 0 0 0 0 0 0 0 0 0.2276404008976929 0 0 0 0 0 0 0 0 0 0 0 0 0 0 0 0 0 0.2109850422800354 0 0 0 0 0 0 0 0.01791646545782728 0 0 0.07998997231259769 0 0 0
0 0 0 0 0 0 0 0.3231315646800986 0 0 0 0 0 0.3773275819949131 0 0 0 0 0 0 0 0 0 0 0 0 0 0 0 0 0 0 0 0 0 0 0 0 0 0 0 0.1693971099092254 0 0 0.6802064708100175 0 0 0 0 0
0 0 0 0 0 0 0.1198981692959792 0 0 0 0 0 0 0 0 0 0 0 0 0 0 0 0 0 0 0 0 0 0 0 0 0 0 0 0 0 0 0 0 0 0 0 0 0 0 0 0 0 0 0
0 0 0 0 0 0 0 0 0 0.4811536228509755 0 0 0.4086395328137703 0 0 0 0 0 0 0.7074360192416662 0 0 0 0 0 0 0 0 0 0 0 0 0 0.3178666420350361 0 0 0 0 0 0 0 0 0 0 0 0 0 0 0 0
0 0 0 0 0 0 0 0 0 0 0 0 0 0 0 0 0 0 0 0 0 0 0 0 0 0 0 0 0 0 0 0 0 0 0.8829305769780742 0 0 0 0 0 0 0 0 0 0 0 0 0 0 0
0 0 0 0 0 0 0 0 0 0 0.3173731746612691 0 0 0 0 0 0 0 0 0 0 0 0.6596424850401801 0 0 0 0 0 0 0 0 0 0 0 0 0 0 0 0 0 0 0 0 0 0 0 0 0 0 0
0 0 0.1213101763578705 0 0 0.05816898592255688 0 0 0 0 0 0 0 0 0 0 0 0 0 0 0 0 0 0 0 0 0 0 0 0 0 0 0 0 0 0 0 0 0 0 0 0 0 0 0 0 0 0.3140717567940072 0 0
0 0 0 0 0 0 0 0 0 0 0 0 0 0 0.2019885421181619 0 0 0 0 0 0 0 0 0 0 0 0 0 0 0 0 0 0 0 0 0 0.6588179754032122 0 0 0 0 0 0 0 0 0 0 0 0 0
0 0 0 0 0 0 0 0 0 0 0 0 0 0 0 0 0 0 0 0 0 0 0 0 0 0 0 0 0 0 0 0 0 0 0 0 0 0 0 0 0 0 0 0 0 0.8695232574529684 0 0 0 0
0 0 0.2393518330689079 0 0 0.1147706962955065 0 0 0 0 0 0 0 0 0 0 0 0 0 0 0 0 0 0 0 0 0 0 0 0 0 0 0 0 0 0 0 0 0 0 0 0 0 0 0 0 0 0.6196813240304933 0 0
0 0 0 0 0 0 0 0 0 0 0 0 0 0 0 0.9209306073740555 0 0 0 0 0 0 0 0 0 0 0.3361050890829365 0 0 0 0 0 0 0 0 0 0 0 0 0 0 0 0 0 0 0 0 0 0 0
0 0 0 0 0 0 0 0 0 0 0 0 0 0 0 0.1853252650365734 0 0 0 0 0 0 0 0 0 0 0.06763676243973114 0 0 0 0 0 0 0 0 0 0 0 0 0 0 0 0 0 0 0 0 0 0 0
0 0 0 0 0 0 0 0 0 0 0 0 0 0 0.03623670468995913 0 0 0 0 0 0 0 0 0 0 0 0 0 0 0 0 0 0 0 0 0 0.1181918150840318 0 0 0 0 0 0 0 0 0 0 0 0 0
0 0 0 0 0 0 0.04612553589492287 0 0 0 0 0 0 0 0 0 0 0 0 0 0 0 0 0 0 0 0 0 0 0 0 0 0 0 0 0 0 0 0 0 0 0 0 0 0 0 0 0 0 0
0 0 0 0 0 0 0 0 0 0 0 0 0 0 0 0 0 0 0 0 0 0 0 0.03634036237082806 0 0 0 0 0 0 0 0 0 0 0 0 0 0.04587706036469529 0 0 0 0 0 0 0 0 0 0 0 0
0 0 0 0 0 0 0 0 0.6518118885498285 0 0 0 0 0 0 0 0 0 0 0 0 0 0 0 0 0 0 0 0 0 0 0 0 0 0 0 0 0 0 0 0 0 0 0 0 0 0 0 0 0
0 0 0 0 0 0 0 0 0 0 0 0 0 0 0 0 0 0 0 0 0 0.2491700120581962 0 0 0 0.2061439990340385 0 0 0 0 0 0 0 0 0 0 0 0 0 0 0 0 0.1786924660262698 0 0 0 0 0 0 0
0 0 0 0 0 0 0 0 0.3319039887643657 0 0 0 0 0 0 0 0 0 0 0 0 0 0 0 0 0 0 0 0 0 0 0 0 0 0 0 0 0 0 0 0 0 0 0 0 0 0 0 0 0
0 0 0 0 0 0 0 0 0 0 0 0 0 0 0 0 0 0 0 0 0 0 0 0 0 0 0 0 0 0.6439108327944788 0 0 0 0 0 0 0 0 0 0 0 0 0 0 0 0 0 0 0 0
0 0 0 0 0.0007031503341217935 0 0 0 0 0 0 0 0 0 0 0 0 0.02184115861244869 0 0 0 0 0 0 0 0 0 0 0 0 0 0 0 0 0 0.02024314557134989 0 0 0 0 0 0 0 0.001719011046790111 0 0 0.007674708293410547 0 0 0
0 0 0 0 0 0 0.3370151066163921 0 0 0 0 0 0 0 0 0 0 0 0 0 0 0 0 0 0 0 0 0 0 0 0 0 0 0 0 0 0 0 0 0 0 0 0 0 0 0 0 0 0 0
0.8049917608772511 0 0 0 0 0 0 0 0 0 0 0 0 0 0 0 0 0 0 0 0 0 0 0 0 0 0 0 0 0 0 0 0 0 0 0 0 0 0 0.5932859891483556 0 0 0 0 0 0 0 0 0 0
0 0 0 0 0 0 0 0 0 0 0 0 0 0 0 0 0 0 0 0 0 0.6220027155162858 0 0 0 0.5145969457857992 0 0 0 0 0 0 0 0 0 0 0 0 0 0 0 0 0.446069726419092 0 0 0 0 0 0 0
0 0 0 0.06976797080862172 0 0 0 0 0 0 0 0 0 0 0 0 0 0 0 0 0 0 0 0 0 0 0 0 0 0 0.9975632462401807 0 0 0 0 0 0 0 0 0 0 0 0 0 0 0 0 0 0 0
0 0 0 0 0 0 0 0 0 0 0 0 0 0 0 0 0 0 0 0 0 0 0 0 0 0 0 0 0 0.7295190782676632 0 0 0 0 0 0 0 0 0 0 0 0 0 0 0 0 0 0 0 0
0 0 0 0 0 0 0 0.1707813381337056 0 0 0 0 0 0.1994249909681311 0 0 0 0 0 0 0 0 0 0 0 0 0 0 0 0 0 0 0 0 0 0 0 0 0 0 0 0.08952967852249458 0 0 0.3595023946581802 0 0 0 0 0
