0 0 0 0 0 0 0 0 0 1 0 0 0 0 0 0 0 0 0 0 0 0 0 0 0 0 0 0 0 0 0 0 0 0 0 0 0 0 0 0 0 0 0 0 0 0 0 0 0 0
0 0 0 0 0.2481197652056135 0 0 0 0 0 0 0 0 0 0 0 0 0 0 0 0 0 0 0 0 0 0 0 0 0 0 0 0 0 0 0 0 0 0 0 0 0 0 0 0 0 0 0 0 0
0 0 0 0 0 0.7688125154801706 0 0 0 0 0 0 0 0 0 0 0 0 0 0 0 0 0 0 0 0 0 0 0 0 0 0 0 0 0 0 0 0 0 0 0 0 0 0 0 0 0 0 0 0
0 0 0 0 0 0 0 0 0 0 0 0 0 0 0 0 0 0.2463113529827811 0 0 0 0 0 0 0 0 0 0 0 0 0 0 0 0.2573614611355954 0 0 0 0 0 0 0 0 0 0 0 0 0 0 0 0
0 0 0 0 0 0 0.2587758752595972 0 0 0 0 0 0 0 0 0 0 0 0 0 0 0.3905866254022692 0 0 0 0 0 0 0 0 0 0 0 0 0 0 0 0 0.0712539083821524 0 0 0.4055877515384533 0 0 0 0 0.2878848662163088 0 0 0
0 0 0 0 0 0 0 0 0 0 0.3735885203762464 0 0 0 0 0 0 0 0 0 0 0 0 0 0 0 0 0 0.2807998178490101 0 0 0 0 0 0 0 0 0 0 0.09918627926259482 0.4006676217784568 0 0 0 0 0.1468825548187598 0 0 0 0
0 0 0 0 0 0 0 0 0 0 0 0 0 0 0 0 0 0.212579544337851 0 0 0 0 0 0 0 0 0 0 0 0 0 0 0 0.2221163640076023 0 0 0 0 0 0 0 0 0 0 0 0 0 0 0 0
0.7193295168118141 0 0 0 0 0 0 0 0 0 0 0 0 0 0 0 0 0 0 0 0 0 0 0 0 0 0 0 0 0 0 0 0.03493777914544408 0 0 0 0 0 0 0 0 0 0 0 0 0 0 0 0 0
0 0 0 0 0 0 0 0 0 0 0 0 0 0 0 0 0 0 0 0 0 0 0 0 0 0 0 0 0 0 0.3001433186278159 0 0 0 0 0 0 0 0 0 0 0 0 0 0 0 0 0 0 0
0 0 0 0 0 0 0 0 0 0 0.1635217668575374 0 0 0 0 0 0 0 0 0 0 0 0 0 0 0 0 0 0.1229076372627865 0 0 0 0 0 0 0 0 0 0 0.0434143844053616 0.17537443969059 0 0 0 0 0.0642913086845477 0 0 0 0
0.5374971491941505 0 0 0 0 0 0 0 0 0 0 0 0 0 0 0 0 0 0 0 0 0 0 0 0 0 0 0 0 0 0 0 0.02610619507605143 0 0 0 0 0 0 0 0 0 0 0 0 0 0 0 0 0
0 0 0 0 0 0 0 0 0 0 0 0 0 0 0 0 0 0 0 0 0 0 0 0 0 0 0 0 0 0 0.9538941179623036 0 0 0 0 0 0 0 0 0 0 0 0 0 0 0 0 0 0 0
0 0 0 0 0 0 0 0 0.132880862429972 0 0 0 0 0 0 0 0 0 0 0 0 0 0 0 0 0 0 0 0 0 0 0 0 0 0.1474535560198883 0.2023209810424292 0.1182009812253058 0 0 0 0 0 0 0 0 0 0 0 0 0
0 0.2723407167396331 0 0 0 0 0 0 0 0 0 0.6442428819923323 0 0 0 0 0 0 0 0 0 0 0 0 0 0 0 0 0 0 0 0 0 0 0 0 0 0.1510629048477996 0 0 0 0 0.3151509227376222 0 0 0 0 0 0 0
0 0.2171396932529277 0 0 0 0 0 0 0 0 0 0.513660621338297 0 0 0 0 0 0 0 0 0 0 0 0 0 0 0 0 0 0 0 0 0 0 0 0 0 0.120443807349993 0 0 0 0 0.2512726540154018 0 0 0 0 0 0 0
0 0 0 0 0 0 0 0 0 0 0 0 0 0 0 0 0 0 0 0 0 0 0 0 0.5371503294190487 0 0 0 0 0 0 0.06923391085866142 0 0 0 0 0 0 0 0 0 0 0 0 0.5305696389328829 0 0 0.5408900835311322 0.3641195920563985 0
0 0 0 0 0 0 0 0 0 0 0 0 0 0 0 0 0 0 0.2540594038620543 0 0 0 0 0 0 0 0.3645942883383465 0 0 0 0 0 0 0 0 0 0 0 0 0 0 0 0 0 0 0 0 0 0 0
0 0 0 0 0 0 0 0 0.03540067900449285 0 0 0 0 0 0 0 0 0 0 0 0 0 0 0 0 0 0 0 0 0 0 0 0 0 0.03928297806978774 0.05390016270801706 0.03148982417673807 0 0 0 0 0 0 0 0 0 0 0 0 0
0 0 0 0.8531132116714302 0 0 0 0 0 0 0 0 0 0.1356801734789569 0 0 0.5035243492540088 0 0 0.01587350952703227 0 0 0 0 0 0 0 0 0 0 0 0 0 0 0 0 0 0 0 0 0 0 0 0 0 0 0 0 0 0
0 0 0 0 0 0 0 0 0 0 0 0 0 0 0 0 0 0 0 0 0 0 0 0 0 0 0 0 0 0.3036294515502855 0 0 0 0 0 0 0 0 0 0 0 0 0 0 0 0 0 0 0 0
0 0 0 0 0.9687293647424502 0 0 0 0 0 0 0 0 0 0 0 0 0 0 0 0 0 0 0 0 0 0 0 0 0 0 0 0 0 0 0 0 0 0 0 0 0 0 0 0 0 0 0 0 0
0 0 0 0 0 0 0 0 0 0 0 0 0 0 0 0 0 0 0 0 0 0 0 0 0 0 0 0 0 0.5369728424091575 0 0 0 0 0 0 0 0 0 0 0 0 0 0 0 0 0 0 0 0
0 0 0.3425560562511561 0 0 0 0 0 0 0 0 0 0 0 0 0 0 0 0 0 0 0 0 0 0 0.1036179495369926 0 0.6607910930498698 0 0 0 0 0 0 0 0 0 0 0 0 0 0 0 0 0 0 0 0 0 0.6597528326618708
0 0 0 0 0 0.06385344686049035 0 0 0 0 0 0 0 0 0 0 0 0 0 0 0 0 0 0 0 0 0 0 0 0 0 0 0 0 0 0 0 0 0 0 0 0 0 0 0 0 0 0 0 0
0 0 0 0 0 0 0 0 0 0 0 0 0.2915502688796849 0 0 0.113835797106677 0 0 0 0 0 0 0 0 0 0 0 0 0 0 0 0 0 0 0 0 0 0 0 0 0 0 0 0 0 0 0 0 0 0
0 0 0 0 0 0 0 0 0 0 0 0 0 0 0 0 0 0 0 0 0 0 0 0 0 0 0 0 0 0.1093431822151977 0 0 0 0 0 0 0 0 0 0 0 0 0 0 0 0 0 0 0 0
0 0 0 0 0 0 0 0 0.06720826033819197 0 0 0 0 0 0 0 0 0 0 0 0 0 0 0 0 0 0 0 0 0 0 0 0 0 0.07457881292725228 0.1023295673817885 0.0597834945766296 0 0 0 0 0 0 0 0 0 0 0 0 0
0 0 0 0 0 0 0 0 0 0 0 0 0 0 0 0 0 0 0 0 1 0 0 0 0 0 0 0 0 0 0 0 0 0 0 0 0 0 0 0 0 0 0 0 0 0 0 0 0 0
0 0 0 0 0 0 0 0 0 0 0 0 0 0 1 0 0 0 0 0 0 0 0 0 0 0 0 0 0 0 0 0 0 0 0 0 0 0 0 0 0 0 0 0 0 0 0 0 0 0
0 0 0 0 0 0 0 0 0.1195592268415277 0 0 0 0 0 0 0 0 0 0 0 0 0 0 0 0 0 0 0 0 0 0 0 0 0 0.1326709718042538 0.1820378015683032 0.1063510400879212 0 0 0 0 0 0 0 0 0 0 0 0 0
0 0 0 0 0 0 0 0 0 0 0 0 0.8249672201221131 0 0 0.3221084358808626 0 0 0 0 0 0 0 0 0 0 0 0 0 0 0 0 0 0 0 0 0 0 0 0 0 0 0 0 0 0 0 0 0 0
0.4061430153799285 0 0 0 0 0 0 0 0 0 0 0 0 0 0 0 0 0 0 0 0 0 0 0 0 0 0 0 0 0 0 0 0.01972633492880963 0 0 0 0 0 0 0 0 0 0 0 0 0 0 0 0 0
0 0 0 0 0 0.6362782829588695 0 0 0 0 0 0 0 0 0 0 0 0 0 0 0 0 0 0 0 0 0 0 0 0 0 0 0 0 0 0 0 0 0 0 0 0 0 0 0 0 0 0 0 0
0 0 0 0 0 0 0 0 0 0 0 0 0 0 0 0 0 0.07851099422683751 0 0 0 0 0 0 0 0 0 0 0 0 0 0 0 0.08203318257457549 0 0 0 0 0 0 0 0 0 0 0 0 0 0 0 0
0 0 0 0 0 0 0 0.01650246399767707 0 0 0 0 0 0 0 0 0 0 0 0 0 0 0 0.0162127998994501 0 0 0 0 0 0 0 0 0 0 0 0 0 0 0 0 0 0 0 0.0228388632656644 0 0 0 0 0 0
0 0 0 0 0 0 0 0.4664092847788086 0 0 0 0 0 0 0 0 0 0 0 0 0 0 0 0.4582225058287585 0 0 0 0 0 0 0 0 0 0 0 0 0 0 0 0 0 0 0 0.6454949928931203 0 0 0 0 0 0
0 0 0 0 0 0 0 0 0 0 0.3069546110144421 0 0 0 0 0 0 0 0 0 0 0 0 0 0 0 0 0 0.2307158656105468 0 0 0 0 0 0 0 0 0 0 0.08149523903560348 0.3292038359883919 0 0 0 0 0.1206843225102122 0 0 0 0
0 0 0 0 0 0 0 0 0 0 0 0 0 0 0 0 0 0.4390619293262932 0 0 0 0 0 0 0 0 0 0 0 0 0 0 0 0.4587592828834311 0 0 0 0 0 0 0 0 0 0 0 0 0 0 0 0
0 0 0 0 0 0 0 0 0 0 0 0 0 0 0 0 0 0 0 0 0 0 0 0 0.002785339474824905 0 0 0 0 0 0 0.0003590055415579899 0 0 0 0 0 0 0 0 0 0 0 0 0.002751215960458738 0 0 0.002804731596888371 0.001888105838841662 0
0 0 0 0 0 0 0 0 0 0 0 0 0 0 0 0 0 0 0.5121630672837241 0 0 0 0 0 0 0 0.7349923922945322 0 0 0 0 0 0 0 0 0 0 0 0 0 0 0 0 0 0 0 0 0 0 0
0 0 0 0 0 0 0 0 0 0 0 0 0 0 0 0 0 0.2297704443364958 0 0 0 0 0 0 0 0 0 0 0 0 0 0 0 0.2400784883202255 0 0 0 0 0 0 0 0 0 0 0 0 0 0 0 0
0 0 0 0 0 0 0 0 0 0 0 0 0 0 0 0 0 0.3470998965514051 0 0 0 0 0 0 0 0 0 0 0 0 0 0 0 0.3626716164509413 0 0 0 0 0 0 0 0 0 0 0 0 0 0 0 0
0 0 0 0 0 0 0 0 0 0 0 0 0 0 0 0 0 0 0 0 0 0 0 0 0 0 0 0 0 0.7794314537978031 0 0 0 0 0 0 0 0 0 0 0 0 0 0 0 0 0 0 0 0
0 0 0 0 0 0 0 0 0.38667066717257 0 0 0 0 0 0 0 0 0 0 0 0 0 0 0 0 0 0 0 0 0 0 0 0 0 0.4290758190497556 0.5887348056904201 0.343953609534464 0 0 0 0 0 0 0 0 0 0 0 0 0
0 0 0 0 0 0 0 0 0 0 0.2820992126085262 0 0 0 0 0 0 0 0 0 0 0 0 0 0 0 0 0 0.2120338372176061 0 0 0 0 0 0 0 0 0 0 0.07489622875287483 0.3025468247996519 0 0 0 0 0.1109120082666635 0 0 0 0
0 0 0 0 0 0 0 0 0 0 0 0 0 0 0 0 0 0 0 0 0 0 1 0 0 0 0 0 0 0 0 0 0 0 0 0 0 0 0 0 0 0 0 0 0 0 0 0 0 0
0 0 0 0 0 0 0 0.1997106938856068 0 0 0 0 0 0 0 0 0 0 0 0 0 0 0 0.1962052162757904 0 0 0 0 0 0 0 0 0 0 0 0 0 0 0 0 0 0 0 0.2763929817381436 0 0 0 0 0 0
0.1623460084594634 0 0 0 0 0 0 0 0 0 0 0 0 0 0 0 0 0 0 0 0 0 0 0 0 0 0 0 0 0 0 0 0.007885133108176068 0 0 0 0 0 0 0 0 0 0 0 0 0 0 0 0 0
0 0 0 0 0 0 0.2737082916840127 0 0 0 0 0 0 0 0 0 0 0 0 0 0 0.4131250561368303 0 0 0 0 0 0 0 0 0 0 0 0 0 0 0 0 0.0753655475786659 0 0 0.4289918080276408 0 0 0 0 0.3044969893530448 0 0 0
0 0 0 0 0 0 0 0 0 0 0 0 0.3195985538796484 0 0 0.1247872494675861 0 0 0 0 0 0 0 0 0 0 0 0 0 0 0 0 0 0 0 0 0 0 0 0 0 0 0 0 0 0 0 0 0 0
