0 0 0 0 0 0 0 0 0 0 0 0 0 1 0 0 0 0 0 0
0 0.2481197652056135 0 0 0 0 0 0 0 0 0 0 0 0 0 0 0 0 0 0
0 0 0 0 0.7688125154801706 0 0 0 0 0 0 0 0 0 0 0 0 0 0 0
0 0 0 0 0 0 0 0 0 0 0 0 0 0 0.3562361636415607 0 0 0 0 0
0 0 0 0 0 0 0.6870073547012693 0 0 0 0 0 0 0 0 0 0 0 0 0
0 0 0 0 0 0 0 0 0.6405964925806246 0 0 0 0 0 0 0 0 0 0 0
0 0 0 0 0 0 0 0 0 0 0 0 0 0 0.3074503892188885 0 0 0 0 0
0 0 0.7201774796314683 0 0 0 0 0 0 0 0 0 0 0 0 0 0 0 0 0
0 0 0 0.3001433186278159 0 0 0 0 0 0 0 0 0 0 0 0 0 0 0 0
0 0 0 0 0 0 0 0 0.2803926368080806 0 0 0 0 0 0 0 0 0 0 0
0 0 0.5381307636747669 0 0 0 0 0 0 0 0 0 0 0 0 0 0 0 0 0
0 0 0 0.9538941179623036 0 0 0 0 0 0 0 0 0 0 0 0 0 0 0 0
0 0 0 0 0 0 0 0 0 0 0 0 0 0 0 0.3070913970068839 0 0 0 0
0 0 0 0 0 0 0 0 0 0 0 0 0.7818941503269309 0 0 0 0 0 0 0
0 0 0 0 0 0 0 0 0 0 0 0 0.6234112107465881 0 0 0 0 0 0 0
0 0 0 0 0 0.9999865560830209 0 0 0 0 0 0 0 0 0 0 0 0 0 0
0 0 0 0 0 0 0 0 0 0 0 0 0 0 0 0 0 0 0.4443817905581728 0
0 0 0 0 0 0 0 0 0 0 0 0 0 0 0 0.08181196126877266 0 0 0 0
0 0 0 0 0 0 0 0 0 0 0 0 0 0 0 0 1 0 0 0
0 0 0 0 0 0 0 0.3036294515502855 0 0 0 0 0 0 0 0 0 0 0 0
0 0.9687293647424502 0 0 0 0 0 0 0 0 0 0 0 0 0 0 0 0 0 0
0 0 0 0 0 0 0 0.5369728424091575 0 0 0 0 0 0 0 0 0 0 0 0
0 0 0 0 0 0 0 0 0 1 0 0 0 0 0 0 0 0 0 0
0 0 0 0 0.06385344686049035 0 0 0 0 0 0 0 0 0 0 0 0 0 0 0
0 0 0 0 0 0 0 0 0 0 0.3129858590842869 0 0 0 0 0 0 0 0 0
0 0 0 0 0 0 0 0.1093431822151977 0 0 0 0 0 0 0 0 0 0 0 0
0 0 0 0 0 0 0 0 0 0 0 0 0 0 0 0.1553201731252646 0 0 0 0
0 0 0 0 0 0 0 0 0 0 0 0 0 0 0 0 0 0 0 1
0 0 0 0 0 0 0 0 0 0 0 1 0 0 0 0 0 0 0 0
0 0 0 0 0 0 0 0 0 0 0 0 0 0 0 0.2763047238286609 0 0 0 0
0 0 0 0 0 0 0 0 0 0 0.8856211146656469 0 0 0 0 0 0 0 0 0
0 0 0.4066217864694714 0 0 0 0 0 0 0 0 0 0 0 0 0 0 0 0 0
0 0 0 0 0.6362782829588695 0 0 0 0 0 0 0 0 0 0 0 0 0 0 0
0 0 0 0 0 0 0 0 0 0 0 0 0 0 0.1135491931182259 0 0 0 0 0
0 0 0 0 0 0 0 0 0 0 0 0 0 0 0 0 0 0.0325084584968582 0 0
0 0 0 0 0 0 0 0 0 0 0 0 0 0 0 0 0 0.9187868477650057 0 0
0 0 0 0 0 0 0 0 0.5263385689669173 0 0 0 0 0 0 0 0 0 0 0
0 0 0 0 0 0 0 0 0 0 0 0 0 0 0.6350082341320047 0 0 0 0 0
0 0 0 0 0 0.005185330579550554 0 0 0 0 0 0 0 0 0 0 0 0 0 0
0 0 0 0 0 0 0 0 0 0 0 0 0 0 0 0 0 0 0.8958374987799473 0
0 0 0 0 0 0 0 0 0 0 0 0 0 0 0.332313312469897 0 0 0 0 0
0 0 0 0 0 0 0 0 0 0 0 0 0 0 0.5020050194620914 0 0 0 0 0
0 0 0 0 0 0 0 0.7794314537978031 0 0 0 0 0 0 0 0 0 0 0 0
0 0 0 0 0 0 0 0 0 0 0 0 0 0 0 0.8936067481213548 0 0 0 0
0 0 0 0 0 0 0 0 0.4837187341162955 0 0 0 0 0 0 0 0 0 0 0
1 0 0 0 0 0 0 0 0 0 0 0 0 0 0 0 0 0 0 0
0 0 0 0 0 0 0 0 0 0 0 0 0 0 0 0 0 0.3934131778425858 0 0
0 0 0.1625373858127841 0 0 0 0 0 0 0 0 0 0 0 0 0 0 0 0 0
0 0 0 0 0 0 0.7266504624552058 0 0 0 0 0 0 0 0 0 0 0 0 0
0 0 0 0 0 0 0 0 0 0 0.3430963323494556 0 0 0 0 0 0 0 0 0
