0 0 0 0 0 0 0 0 0 0 0 0 0 0 0 0 0 0 0 0 0 0 0 0 0 0 0 0 0 0 0 0 0 0 0 0 0 0 0 0 0 0 0 0 1 0 0 0 0 0
0 0 0 0 0 0 0 0 0 0 0 0 0 0 0 0 0 0 0 0 0 0 0 0 0 0 0 0 0 0 0 0 0 0 0.5050928818302319 0 0 0 0 0 0.1866170838864615 0 0 0 0 0 0 0 0 0.842647758393829
0 0 0 0 0 0 0 0 0 0 0 0 0 0 0.06573462223684021 0 0 0 0 0 0 0 0 0 0 0 0 0 0 0 0 0 0 0 0 0 0 0 0 0 0 0 0 0 0 0 0 0 0 0
0 0 0 0 0 0.05737479259425857 0 0 0 0 0 0 0 0 0 0 0 0 0 0 0 0 0 0 0 0 0 0 0.2432286837341203 0 0 0 0.007771903023115501 0 0 0 0 0 0 0 0 0 0 0.2675373526736647 0 0 0 0 0 0
0 0 0 0 0 0 0 0 0 0 0 0 0 0.9559959689730773 0 0 0 0 0 0 0 0 0 0 0 0 0 0 0 0 0 0 0 0 0 0 0 0 0 0 0 0 0 0 0 0 0 0 0 0
0 0 0 0 0 0 0 0.4724761083682534 0 0 0 0 0 0 0 0 0 0 0 0 0 0 0 0 0 0 0 0 0 0 0 0 0 0 0 0 0 0 0 0 0 0 0 0 0 0 0 0 0 0
0 0 0 0 0 0 0 0 0 0 0 0 0 0 0 0 0 0 0 0 0 0 0 0.7869108915311822 0 0 0 0 0 0 0.5449632136779431 0 0 0 0 0 0 0 0 0 0 0 0 0 0 0 0 0 0 0
0 0 0 0 0 0 0 0 0 0.1588911270523117 0 0 0 0 0 0 0 0 0 0 0 0 0 0 0 0 0 0 0 0 0 0 0 0 0 0 0 0 0 0 0 0 0 0 0 0 0.9872961104673948 0 0 0
0 0 0 0 0 0 0 0.3852307118757302 0 0 0 0 0 0 0 0 0 0 0 0 0 0 0 0 0 0 0 0 0 0 0 0 0 0 0 0 0 0 0 0 0 0 0 0 0 0 0 0 0 0
0 0 0 0 0 0 0 0 0 0 0 0 0 0 0.1410258254650237 0 0 0 0 0 0 0 0 0 0 0 0 0 0 0 0 0 0 0 0 0 0 0 0 0 0 0 0 0 0 0 0 0 0 0
0 0 0 0 0 0 0 0 0 0 0 0 0 0 0 0 0 0.514914794905412 0.8572413627371918 0 0 0 0 0 0 0 0 0 0 0 0 0 0 0 0 0 0 0 0 0 0 0 0 0 0 0 0 0 0 0
0.4704465714899382 0 0 0 0 0 0 0 0 0 0 0 0 0 0 0 0 0 0 0 0 0 0 0 0 0 0 0 0 0 0 0 0 0 0 0.882428480599625 0 0 0 0 0 0 0 0 0 0 0 0 0 0
0 0.296634610335264 0 0 0 0 0 0 0 0 0 0 0.4473816726229597 0 0 0 0 0 0 0.620321566999783 0 0 0 0 0 0 0 0 0 0 0 0 0 0 0 0 0 0 0 0 0 0 0 0 0 0 0 0 0 0
0 0 0 0 0 0 0 0 0 0 0 0 0 0 0 0 0 0 0 0 0 0.009739120006289572 0 0 0 0.07763434953792391 0 0 0 0 0 0 0 0.03903443635236612 0 0 0 0 0 0.02970324517226412 0 0 0 0 0 0 0 0 0 0
0 0 0 0 0 0.1458014179840209 0 0 0 0 0 0 0 0 0 0 0 0 0 0 0 0 0 0 0 0 0 0 0.6180952536701713 0 0 0 0.01975004056603653 0 0 0 0 0 0 0 0 0 0 0.6798686952885792 0 0 0 0 0 0
0 0 0 0 0 0 0 0 0 0 0 0 0 0 0 0 0 0 0 0 0 0.1050119180288972 0 0 0 0.8370912304847122 0 0 0 0 0 0 0 0.4208882350655571 0 0 0 0 0 0.3202748035970031 0 0 0 0 0 0 0 0 0 0
0 0 0 0 0 0 0 0 0 0 0 0 0 0 0 0 0 0 0 0 0 0 0 0 0 0 0 0 0 0.5803450035786984 0 0 0 0 0 0 0 0 0 0 0 0 0 0 0 0 0 0 0 0
0 0 0 0 0.2396350355853483 0 0 0 0 0 0 0 0 0 0 0 0 0 0 0 0 0 0 0 0 0 0 0 0 0 0 0 0 0 0 0 0 0 0.06365442002962565 0 0 0 0 0 0 0 0 0 0 0
0 0 0 0 0.6339006151544008 0 0 0 0 0 0 0 0 0 0 0 0 0 0 0 0 0 0 0 0 0 0 0 0 0 0 0 0 0 0 0 0 0 0.1683834582681674 0 0 0 0 0 0 0 0 0 0 0
0 0 0 0.5383199483694406 0 0 0 0 0 0 0.01518111884316431 0.1426027755163044 0 0 0 0 0 0 0 0 0 0 0.06225943176100818 0 0 0 0 0 0 0 0 0 0 0 0 0 0 0 0 0 0 0 0 0 0 0 0 0 0.1357399741695945 0
0 0 0 0 0 0 0 0 0 0 0 0 0 0 0 0 0 0 0 0 0 0 0 0 0 0 0 0 0 0.8143707244377346 0 0 0 0 0 0 0 0 0 0 0 0 0 0 0 0 0 0 0 0
0 0 0 0 0 0 0 0 0 0 0 0 0 0 0 0 0 0 0 0 0 0 0 0 0 0 0 0.4452530816039803 0 0 0 0 0 0 0 0 0 0 0 0 0 0 0.4817249191843998 0 0 0.0394842135859077 0 0 0 0
0 0 0 0 0 0 0 0 0 0 0 0 0 0 0.3188494672159364 0 0 0 0 0 0 0 0 0 0 0 0 0 0 0 0 0 0 0 0 0 0 0 0 0 0 0 0 0 0 0 0 0 0 0
0 0 0.1462092152051838 0 0 0 0.1634388116133256 0 0 0 0 0 0 0 0 0 0 0 0 0 0 0 0 0 0 0 0 0 0 0 0 0 0 0 0 0 0 0 0 0 0 0 0 0 0 0 0 0.2185941984070272 0 0
0 0 0 0 0 0 0 0 0 0 0 0 0 0 0 0 0 0 0 0 0 0 0 0 0 0 0 0.07335251329312746 0 0 0 0 0 0 0 0 0 0 0 0 0 0 0.07936100837485716 0 0 0.006504764192749582 0 0 0 0
0 0 0 0.4871472085612657 0 0 0 0 0 0 0.01373800040233499 0.1290469436183355 0 0 0 0 0 0 0 0 0 0 0.05634104491363019 0 0 0 0 0 0 0 0 0 0 0 0 0 0 0 0 0 0 0 0 0 0 0 0 0 0.1228365207479093 0
0 0 0 0 0 0 0 0 0 0 0 0 0 0 0 0 0 0 0 0 0 0 0 0.2379653902882919 0 0 0 0 0 0 0.1647993250967663 0 0 0 0 0 0 0 0 0 0 0 0 0 0 0 0 0 0 0
0 0 0 0 0 0 0 0 0 0 0 0 0 0 0 0 0 0 0 0 0 0 0 0 0 0 0 0 0 0 0 1 0 0 0 0 0 0 0 0 0 0 0 0 0 0 0 0 0 0
0 0 0 0 0 0 0 0 0 0 0 0 0 0 0 0.1525852930195283 0.002934524122987753 0 0 0 0.02147396028454613 0 0 0 0.001975934728515765 0 0.0319922584576019 0 0 0 0 0 0 0 0 0 0.05982282029812253 0.1172932871606573 0 0 0 0 0 0 0 0 0 0 0 0
0 0 0 0 0 0 0 0 0 0 0 0 0 0 0 0.7276894393283607 0.01399494126527129 0 0 0 0.1024107488368552 0 0 0 0.009423364508393685 0 0.1525732143587445 0 0 0 0 0 0 0 0 0 0.2852990199796691 0.5593795095310751 0 0 0 0 0 0 0 0 0 0 0 0
0 0 0 0 0 0 0 0 0 0 0 0 0 0 0.2947609719681182 0 0 0 0 0 0 0 0 0 0 0 0 0 0 0 0 0 0 0 0 0 0 0 0 0 0 0 0 0 0 0 0 0 0 0
0 0 0 0 0.3145703548040245 0 0 0 0 0 0 0 0 0 0 0 0 0 0 0 0 0 0 0 0 0 0 0 0 0 0 0 0 0 0 0 0 0 0.08355954063500066 0 0 0 0 0 0 0 0 0 0 0
0 0 0 0.3845709683009075 0 0 0 0 0 0 0.01084525585776764 0.1018741505471123 0 0 0 0 0 0 0 0 0 0 0.0444775825802453 0 0 0 0 0 0 0 0 0 0 0 0 0 0 0 0 0 0 0 0 0 0 0 0 0 0.09697142649396288 0
0 0 0 0 0.3910597718952004 0 0 0 0 0 0 0 0 0 0 0 0 0 0 0 0 0 0 0 0 0 0 0 0 0 0 0 0 0 0 0 0 0 0.1038774773317356 0 0 0 0 0 0 0 0 0 0 0
0 0 0.2920831731762996 0 0 0 0.326502858586516 0 0 0 0 0 0 0 0 0 0 0 0 0 0 0 0 0 0 0 0 0 0 0 0 0 0 0 0 0 0 0 0 0 0 0 0 0 0 0 0 0.4366871610592603 0 0
0 0 0.06845742521305571 0 0 0 0.07652458982991146 0 0 0 0 0 0 0 0 0 0 0 0 0 0 0 0 0 0 0 0 0 0 0 0 0 0 0 0 0 0 0 0 0 0 0 0 0 0 0 0 0.1023491984992638 0 0
0 0 0 0 0 0 0 0 0 0 0 0 0 0 0.5747711614360658 0 0 0 0 0 0 0 0 0 0 0 0 0 0 0 0 0 0 0 0 0 0 0 0 0 0 0 0 0 0 0 0 0 0 0
0 0 0 0 0 0 0 0 0 0 0 0 0 0.2933798004417259 0 0 0 0 0 0 0 0 0 0 0 0 0 0 0 0 0 0 0 0 0 0 0 0 0 0 0 0 0 0 0 0 0 0 0 0
0 0 0.1731748068346987 0 0 0 0.1935820843488592 0 0 0 0 0 0 0 0 0 0 0 0 0 0 0 0 0 0 0 0 0 0 0 0 0 0 0 0 0 0 0 0 0 0 0 0 0 0 0 0 0.2589098644103838 0 0
0 0 0 0 0 0 0 0 0.8989872040301681 0 0 0 0 0 0 0 0 0 0 0 0 0 0 0 0 0 0 0 0 0 0 0 0 0 0 0 0 0 0 0 0 0.06480374360051766 0 0 0 0 0 0 0 0
0 0.2067978807493859 0 0 0 0 0 0 0 0 0 0 0.3118907186183632 0 0 0 0 0 0 0.4324552192129795 0 0 0 0 0 0 0 0 0 0 0 0 0 0 0 0 0 0 0 0 0 0 0 0 0 0 0 0 0 0
0 0 0 0 0 0 0 0 0.4320330789816386 0 0 0 0 0 0 0 0 0 0 0 0 0 0 0 0 0 0 0 0 0 0 0 0 0 0 0 0 0 0 0 0 0.03114322512239982 0 0 0 0 0 0 0 0
0 0 0 0 0 0 0 0 0 0 0 0 0 0 0 0 0 0 0 0 0 0 0 0 0 0 0 0.5053928122011522 0 0 0 0 0 0 0 0 0 0 0 0 0 0 0.5467908514791965 0 0 0.04481729283006145 0 0 0 0
0 0 0 0 0 0 0 0.6652815198787463 0 0 0 0 0 0 0 0 0 0 0 0 0 0 0 0 0 0 0 0 0 0 0 0 0 0 0 0 0 0 0 0 0 0 0 0 0 0 0 0 0 0
0 0 0 0 0.4721797001325391 0 0 0 0 0 0 0 0 0 0 0 0 0 0 0 0 0 0 0 0 0 0 0 0 0 0 0 0 0 0 0 0 0 0.1254254199027357 0 0 0 0 0 0 0 0 0 0 0
0 0 0 0 0 0 0 0 0 0 0 0 0 0 0.6759288236443601 0 0 0 0 0 0 0 0 0 0 0 0 0 0 0 0 0 0 0 0 0 0 0 0 0 0 0 0 0 0 0 0 0 0 0
0 0 0 0 0 0 0 0.3988142105821761 0 0 0 0 0 0 0 0 0 0 0 0 0 0 0 0 0 0 0 0 0 0 0 0 0 0 0 0 0 0 0 0 0 0 0 0 0 0 0 0 0 0
0 0 0 0 0 0 0 0.1634360743362671 0 0 0 0 0 0 0 0 0 0 0 0 0 0 0 0 0 0 0 0 0 0 0 0 0 0 0 0 0 0 0 0 0 0 0 0 0 0 0 0 0 0
0 0 0.2856716135454003 0 0 0 0.319335747504006 0 0 0 0 0 0 0 0 0 0 0 0 0 0 0 0 0 0 0 0 0 0 0 0 0 0 0 0 0 0 0 0 0 0 0 0 0 0 0 0 0.4271013785482985 0 0
0 0 0 0.4428766724188847 0 0 0 0 0 0 0.01248953046830451 0.1173195288223194 0 0 0 0 0 0 0 0 0 0 0.05122093292014293 0 0 0 0 0 0 0 0 0 0 0 0 0 0 0 0 0 0 0 0 0 0 0 0 0 0.1116734913066952 0
