0 0 0 0 0 0 0 0 0 0 0 0 0 0 0 0 0 0 0 0.5537644470815629 0 0 0 0 0 0 0 0 0 0 0.8142900276303553 0 0 0 0 0 0 0 0 0 0 0 0 0 0 0 0 0 0 0.1740019771445317
0.6907264214175627 0 0 0 0 0 0.6952964298719393 0 0 0 0 0 0 0.1986451241863818 0 0 0 0 0 0 0 0 0 0 0 0 0 0 0 0 0 0 0 0 0 0 0 0 0 0 0 0 0 0 0 0 0 0 0 0
0 0 0 0 0 0 0 0 0 0 0 0 0 0 0 0 0 0 0 0 0 0 0.02222806476196244 0 0 0 0 0.6379346767669576 0 0 0 0 0 0 0 0 0 0 0 0 0 0 0 0 0 0 0 0 0.7697696157391348 0
0 0 0 0 0 0 0 1 0 0 0 0 0 0 0 0 0 0 0 0 0 0 0 0 0 0 0 0 0 0 0 0 0 0 0 0 0 0 0 0 0 0 0 0 0 0 0 0 0 0
0 0 0 0 0 0 0 0 0 0 0 0 0 0 0 0 0 0 0 0 0 0 0 0 0 0 0 0 0 0 0 0 0 0 0 0 0 0 0 0 0 0 0 0 0.9679900602831306 0 0 0.2509885319951115 0 0
0 0 0 0 0 0 0 0 0 0 0 0 0 0 0 0 0 0 0 0 0 0 0 0 0 0 0 0 0 0 0 0 0 0 0 0 0 0 1 0 0 0 0 0 0 0 0 0 0 0
0 0.190384158991325 0 0 0 0 0 0 0 0 0 0 0 0 0 0 0 0 0 0 0 0 0 0 0 0.5707151033548973 0 0 0 0 0 0 0 0 0 0 0 0 0 0 0 0 0 0 0 0.7987728981430047 0 0 0 0
0 0 0 1 0 0 0 0 0 0 0 0 0 0 0 0 0 0 0 0 0 0 0 0 0 0 0 0 0 0 0 0 0 0 0 0 0 0 0 0 0 0 0 0 0 0 0 0 0 0
0 0 0 0 0 0 0 0 0 0 0 0 0 0 0 0 0 0 0 0 0 0 0 0 0 0 0 0 0 0 0 0 0 1 0 0 0 0 0 0 0 0 0 0 0 0 0 0 0 0
0 0 0 0 0 0 0 0 0 0 0 0 0 0 0 0 0 0 0 0 0.5999935543195025 0.3758982401088539 0 0 0 0 0 0 0 0 0 0 0 0 0 0.7061927837765809 0 0 0 0 0 0 0 0 0 0 0 0 0 0
0 0 0 0 0 0 0 0 0.2509871349716409 0 0 0 0 0 0 0 0 0 0 0 0 0 0 0 0 0 0 0 0.9679904225139458 0 0 0 0 0 0 0 0 0 0 0 0 0 0 0 0 0 0 0 0 0
0 0 0 0 0 0.3302992790411907 0 0 0 0.9433771868970515 0 0 0.03068989258820079 0 0 0 0 0 0 0 0 0 0 0 0 0 0 0 0 0 0 0 0 0 0 0 0 0 0 0 0 0 0 0 0 0 0 0 0 0
0 0 0.9999197544683358 0 0 0 0 0 0 0 0 0 0 0 0 0 0 0 0 0 0 0 0 0 0 0 0 0 0 0 0 0 0 0 0.01266825260180019 0 0 0 0 0 0 0 0 0 0 0 0 0 0 0
0 0 0 0 0 0 0 0 0 0 0 0 0 0 0 0 0 0 0.4431581050330934 0 0 0 0 0 0 0 0 0 0 0 0 0 0.6382384308495785 0 0 0 0 0.5375891693216386 0 0.3275064646052288 0 0 0 0 0 0 0 0 0 0
0 0 0 0 0.5504626109359665 0 0 0 0 0 0 0 0 0 0 0 0 0 0 0 0 0 0 0 0 0 0 0 0 0 0 0 0 0 0 0 0 0 0 0 0 0.6632484007824363 0 0 0 0 0.5070428707921052 0 0 0
0 0 0 0 0 0 0 0 0 0 0 0 0 0 0 0 0 0 0 0 0 0 0 0.4447735698326667 0 0 0.6448190417048767 0 0 0.1811826734223957 0 0 0 0 0 0 0 0 0 0 0 0 0.5946071929304454 0 0 0 0 0 0 0
0 0 0 0 0 0 0 0 0 0 0.5212935593746173 0 0 0 0 0 0 0.5548346906008618 0 0 0 0 0 0 0 0 0 0 0 0 0 0.01105411372109403 0 0 0 0 0.5693396506296133 0 0 0 0 0 0 0.3100671860277694 0 0 0 0 0 0
0 0 0 0 0 0 0 0 0 0 0 0 0 0 0 0 0 0 0 0 0 0 0 0 0 0 0 0 0 0 0 0 0 0 0 0 0 0 0 0 1 0 0 0 0 0 0 0 0 0
0 0 0 0 0 0 0 0 0 0 0 0 0 0 1 0 0 0 0 0 0 0 0 0 0 0 0 0 0 0 0 0 0 0 0 0 0 0 0 0 0 0 0 0 0 0 0 0 0 0
0 0 0 0 0 0 0 0 0 0 0 0.74144210500325 0 0 0 0.1381489079440708 0.6311688084478349 0 0 0 0 0 0 0 0.1811199033920634 0 0 0 0 0 0 0 0 0 0 0 0 0 0 0 0 0 0 0 0 0 0 0 0 0
