0 0 0 0 0 0 0 0 0 0 0 0 0 0.04992143292558852 0 0 0 0.006209656457285174 0 0 0 0 0 0 0.03306240878186947 0 0 0.05335846807164588 0 0 0 0 0 0 0.03207881443738128 0 0 0.03703023063945134 0 0 0 0 0 0 0 0 0 0 0 0 0 0 0 0.04600125587497045 0 0 0 0 0 0 0 0 0 0 0 0 0 0 0 0 0 0 0 0 0 0 0 0 0 0 0 0 0 0 0 0 0 0 0 0 0 0 0.02320283510410728 0.06913404325455376 0 0.005758744121169028 0.01451836635515639 0 0 0
0 0 0 0 0 0 0 0 0 0 0 0 0 0 0 0 0 0 0 0 0 0 0 0 0 0 0 0 0 0 0 0 0 0 0 0 0 0 0.2478846985432861 0 0 0.05411349071623481 0 0 0 0 0 0.2894615811161501 0 0 0 0 0 0 0 0 0 0 0 0 0 0 0 0 0.1241792557149442 0 0 0 0 0 0 0 0 0 0 0 0 0 0 0 0 0 0 0.3238474085106678 0 0 0 0 0 0 0 0 0 0 0 0 0 0 0 0
0 0 0 0 0 0 0 0 0 0 0 0.3207979956508862 0 0 0 0 0 0 0 0 0 0 0 0 0 0 0 0 0 0 0 0 0 0 0 0 0 0 0 0 0 0 0 0 0 0 0 0 0 0 0 0 0 0 0 0 0 0 0 0 0 0 0 0 0 0 0 0 0 0 0 0.2544859729368603 0.2665355688447452 0 0 0 0 0 0 0 0.03763160982563207 0 0 0 0 0 0 0 0 0.327225939468914 0 0 0 0 0 0 0 0 0 0
0 0 0 0 0 0 0 0 0 0 0 0 0 0 0 0 0 0 0 0 0 0 0 0 0 0 0 0 0 0.2347818282253723 0 0 0 0 0 0 0 0 0 0 0.3455346382183164 0 0 0 0 0 0 0 0 0 0 0 0 0 0 0 0 0 0 0 0 0 0.3632047701735424 0 0 0 0 0 0 0 0 0 0 0 0 0 0 0 0 0 0 0 0 0 0 0 0 0 0 0 0 0 0 0 0 0 0 0 0 0
0 0 0 0 0 0.08987293426000199 0 0 0 0 0 0 0 0 0 0 0 0 0 0 0 0 0 0 0 0 0.01355209534222178 0 0 0 0 0 0 0 0 0 0 0 0 0 0 0 0 0 0 0 0 0 0 0 0 0 0 0 0 0 0 0 0 0 0 0 0 0 0 0 0 0.01502097941648336 0 0 0 0 0 0.1455491077592239 0 0 0 0 0 0 0 0 0 0 0 0 0 0 0 0 0.1213073226515975 0 0 0 0 0 0 0 0 0
0 0 0 0.116615453177561 0.2514202061610131 0 0 0.04884261612899268 0 0 0 0 0 0 0 0 0 0 0 0 0.1762629935981178 0 0 0 0 0 0 0 0 0 0 0 0 0 0 0 0 0 0 0 0 0 0 0 0 0 0 0 0 0 0 0.118944402393681 0 0 0 0 0 0 0.0725364797229734 0 0 0 0 0 0 0 0 0 0 0 0 0 0 0 0 0 0 0 0 0 0 0 0 0 0 0 0 0 0 0 0 0 0 0 0 0 0 0 0 0
0 0 0 0 0 0 0 0 0 0 0 0 0 0 0 0 0 0 0 0 0 0 0.2321849988293136 0 0 0 0 0 0 0 0 0 0 0 0 0 0 0 0 0 0 0 0 0 0 0 0 0 0 0.2022114034783667 0 0 0.2225158860211967 0 0 0 0 0 0 0 0 0 0 0 0 0 0 0 0 0 0 0 0 0 0 0 0.08840947627560024 0 0 0 0 0 0 0 0 0 0 0 0 0 0 0 0 0 0 0 0 0 0 0
0 0.1189213124361314 0 0 0 0 0.08358267905593536 0 0 0 0 0 0 0 0 0 0 0 0 0.1312074692327238 0 0 0 0 0 0 0 0 0 0 0 0 0 0 0 0 0 0 0 0 0 0 0 0 0 0 0 0 0 0 0 0 0 0 0 0 0 0 0 0.001886312660905855 0 0 0 0 0 0 0 0 0 0 0 0 0 0 0 0.1217926635960049 0 0 0 0 0 0 0 0 0 0 0 0 0 0 0 0 0 0 0 0 0 0 0 0
0.0558027251506626 0 0 0 0 0 0 0 0 0 0 0 0 0 0 0 0 0 0 0 0 0 0 0 0 0 0 0 0 0 0 0 0 0 0 0 0 0 0 0 0 0 0 0 0 0 0.03735275608636345 0 0 0 0 0 0 0 0 0.00771072207303545 0 0 0 0 0.001340526218815242 0 0 0 0 0.02330714873538412 0 0 0 0 0 0 0 0 0 0 0 0 0.05114007270442882 0 0 0 0 0 0 0 0 0 0.05289708316488299 0 0 0 0 0 0.04283686210421598 0 0 0 0.009493043125751856 0
0 0 0 0 0 0 0 0 0 0 0 0 0 0 0 0 0 0 0 0 0 0 0 0 0 0 0 0 0 0 0 0 0 0 0 0 0 0 0 0 0 0 0 0 0 0 0 0 0 0 0 0 0 0 0 0 0.2821118736632174 0 0 0 0 0 0 0 0 0 0 0 0 0 0 0 0 0 0 0 0 0 0 0 0 0 0 0 0 0 0 0.464423696496958 0 0 0 0 0 0 0 0 0 0 0 0
0 0 0 0 0 0.0997934837778873 0 0 0 0 0 0 0 0 0 0 0 0 0 0 0 0 0 0 0 0 0.01504803217816248 0 0 0 0 0 0 0 0 0 0 0 0 0 0 0 0 0 0 0 0 0 0 0 0 0 0 0 0 0 0 0 0 0 0 0 0 0 0 0 0 0.01667905780610459 0 0 0 0 0 0.1616154256412252 0 0 0 0 0 0 0 0 0 0 0 0 0 0 0 0 0.1346977311339302 0 0 0 0 0 0 0 0 0
0 0 0 0 0 0.08951526612535003 0 0 0 0 0 0 0 0 0 0 0 0 0 0 0 0 0 0 0 0 0.01349816194501394 0 0 0 0 0 0 0 0 0 0 0 0 0 0 0 0 0 0 0 0 0 0 0 0 0 0 0 0 0 0 0 0 0 0 0 0 0 0 0 0 0.01496120028795288 0 0 0 0 0 0.1449698646500371 0 0 0 0 0 0 0 0 0 0 0 0 0 0 0 0 0.1208245547952938 0 0 0 0 0 0 0 0 0
0 0 0 0 0 0 0 0 0 0 0 0.1294239865493605 0 0 0 0 0 0 0 0 0 0 0 0 0 0 0 0 0 0 0 0 0 0 0 0 0 0 0 0 0 0 0 0 0 0 0 0 0 0 0 0 0 0 0 0 0 0 0 0 0 0 0 0 0 0 0 0 0 0 0 0.1026708071275636 0.1075321427962705 0 0 0 0 0 0 0 0.01518224250130203 0 0 0 0 0 0 0 0 0.1320173011134261 0 0 0 0 0 0 0 0 0 0
0 0 0 0 0 0 0 0 0 0 0 0 0 0 0 0 0 0 0 0 0 0.0448029853273588 0 0 0 0 0 0 0 0 0 0 0 0 0 0 0 0 0 0 0 0 0 0 0 0 0 0 0 0 0 0 0 0 0 0 0 0 0 0 0 0 0 0 0 0 0 0 0 0 0 0 0 0 0 0 0 0 0 0 0 0 0 0 0 0 0 0 0 0 0 0 0 0 0 0 0 0 0 0
0 0 0 0 0 0 0 0 0 0 0 0 0 0 0 0 0 0 0 0 0 0 0 0 0 0 0 0 0.1859010025393677 0 0 0 0.1348584402824953 0 0 0 0 0 0 0.2170379042066784 0 0 0 0 0 0.2445852359535734 0 0 0 0 0 0 0 0 0 0 0 0 0 0 0 0 0 0 0 0 0 0 0 0 0 0 0 0 0.03832390994320845 0 0 0 0 0.1929136127573635 0 0 0 0 0 0 0 0 0 0 0 0 0 0 0 0 0 0 0 0.2151966806127095
0 0 0 0 0 0 0 0 0 0 0 0 0 0 0 0 0 0 0 0 0 0 0 0 0 0 0 0 0.1703932734971043 0 0 0 0.1236086453787787 0 0 0 0 0 0 0.1989327570349996 0 0 0 0 0 0.2241821100150629 0 0 0 0 0 0 0 0 0 0 0 0 0 0 0 0 0 0 0 0 0 0 0 0 0 0 0 0 0.03512695670938431 0 0 0 0 0.1768208967722963 0 0 0 0 0 0 0 0 0 0 0 0 0 0 0 0 0 0 0 0.1972451270000297
0 0 0 0 0 0 0 0 0.02759423474917919 0 0 0 0 0 0 0 0 0 0 0 0 0 0 0 0 0 0 0 0 0 0 0 0 0 0 0 0 0 0 0 0 0 0 0 0.0694552421811233 0 0 0 0 0 0.06189649993418807 0 0 0 0 0 0 0 0 0 0 0 0 0 0 0 0 0 0 0 0 0 0 0 0 0 0 0.03215145921532481 0 0 0 0 0.06747189144014669 0 0 0 0.0020943492511466 0 0 0 0 0 0 0 0 0 0 0 0 0
0 0 0 0 0 0 0 0 0 0 0.4280306642714105 0 0 0 0 0 0 0 0 0 0 0 0 0 0 0 0 0 0 0 0 0 0 0 0 0 0 0 0 0 0 0 0 0 0 0 0 0 0 0 0 0 0 0 0 0 0 0 0 0 0 0 0 0.3151975791354037 0 0 0 0 0 0 0 0 0 0 0 0 0 0 0 0 0 0 0 0 0 0 0 0 0 0 0 0 0 0 0 0 0 0 0 0
0 0 0 0 0 0 0 0 0.08545978490956997 0 0 0 0 0 0 0 0 0 0 0 0 0 0 0 0 0 0 0 0 0 0 0 0 0 0 0 0 0 0 0 0 0 0 0 0.2151039922503177 0 0 0 0 0 0.1916944470144536 0 0 0 0 0 0 0 0 0 0 0 0 0 0 0 0 0 0 0 0 0 0 0 0 0 0 0.09957358172986482 0 0 0 0 0.2089615233880805 0 0 0 0.00648623301770785 0 0 0 0 0 0 0 0 0 0 0 0 0
0 0 0 0 0 0 0 0 0 0 0 0.1730500692483591 0 0 0 0 0 0 0 0 0 0 0 0 0 0 0 0 0 0 0 0 0 0 0 0 0 0 0 0 0 0 0 0 0 0 0 0 0 0 0 0 0 0 0 0 0 0 0 0 0 0 0 0 0 0 0 0 0 0 0 0.1372789600823619 0.1437789489680265 0 0 0 0 0 0 0 0.02029985465788203 0 0 0 0 0 0 0 0 0.1765175351861601 0 0 0 0 0 0 0 0 0 0
0 0 0 0 0 0 0 0 0.06322910564982433 0 0 0 0 0 0 0 0 0 0 0 0 0 0 0 0 0 0 0 0 0 0 0 0 0 0 0 0 0 0 0 0 0 0 0 0.1591489267856943 0 0 0 0 0 0.1418289135127959 0 0 0 0 0 0 0 0 0 0 0 0 0 0 0 0 0 0 0 0 0 0 0 0 0 0 0.07367147630655932 0 0 0 0 0.1546043001750362 0 0 0 0.00479896729414893 0 0 0 0 0 0 0 0 0 0 0 0 0
0 0 0 0 0 0 0 0 0 0 0 0 0 0 0 0 0 0 0 0 0 0 0 0 0 0 0 0 0 0.3256725150113426 0 0 0 0 0 0 0 0 0 0 0.4793008705259435 0 0 0 0 0 0 0 0 0 0 0 0 0 0 0 0 0 0 0 0 0 0.503811610381486 0 0 0 0 0 0 0 0 0 0 0 0 0 0 0 0 0 0 0 0 0 0 0 0 0 0 0 0 0 0 0 0 0 0 0 0 0
0 0 0 0 0 0 0 0 0 0 0 0 0 0 0.2721739924559733 0 0 0 0 0 0 0 0 0 0 0 0 0 0 0 0.01547458196777632 0 0 0 0 0 0 0 0 0 0 0 0 0 0 0 0 0 0 0 0 0 0 0 0.2515010034643635 0 0 0 0 0 0 0 0 0 0 0 0 0 0 0.2149424188570339 0 0 0 0 0 0 0 0 0 0 0 0 0 0 0 0 0 0 0 0 0 0 0 0 0 0 0 0.1907722433884401 0 0
0 0 0 0 0 0 0 0 0 0 0 0 0 0 0 0 0 0 0 0 0 0 0 0 0 0 0 0 0.03823210522835772 0 0 0 0.02773477285966063 0 0 0 0 0 0 0.04463567102288622 0 0 0 0 0 0.0503010115628585 0 0 0 0 0 0 0 0 0 0 0 0 0 0 0 0 0 0 0 0 0 0 0 0 0 0 0 0 0.007881634513512472 0 0 0 0 0.03967430751945671 0 0 0 0 0 0 0 0 0 0 0 0 0 0 0 0 0 0 0 0.04425700789986919
0 0 0 0 0 0 0 0 0 0 0.1452047370742854 0 0 0 0 0 0 0 0 0 0 0 0 0 0 0 0 0 0 0 0 0 0 0 0 0 0 0 0 0 0 0 0 0 0 0 0 0 0 0 0 0 0 0 0 0 0 0 0 0 0 0 0 0.1069273428872525 0 0 0 0 0 0 0 0 0 0 0 0 0 0 0 0 0 0 0 0 0 0 0 0 0 0 0 0 0 0 0 0 0 0 0 0
0 0 0 0 0 0 0 0 0 0 0 0 0 0.1818328764336858 0 0 0 0.02261793440457145 0 0 0 0 0 0 0.1204258880067555 0 0 0.1943518677844117 0 0 0 0 0 0 0.1168432627009318 0 0 0.1348782067656337 0 0 0 0 0 0 0 0 0 0 0 0 0 0 0 0.167554098212201 0 0 0 0 0 0 0 0 0 0 0 0 0 0 0 0 0 0 0 0 0 0 0 0 0 0 0 0 0 0 0 0 0 0 0 0 0 0 0.08451356463836096 0.2518125223529563 0 0.0209755399000378 0.0528814210804229 0 0 0
0 0 0 0 0 0 0 0 0 0 0 0 0 0 0 0 0 0 0 0 0 0 0 0 0 0 0 0 0.03278785152649145 0 0 0 0.02378533981354025 0 0 0 0 0 0 0.03827954923073892 0 0 0 0 0 0.04313814499370112 0 0 0 0 0 0 0 0 0 0 0 0 0 0 0 0 0 0 0 0 0 0 0 0 0 0 0 0 0.006759289363522664 0 0 0 0 0.03402468413901119 0 0 0 0 0 0 0 0 0 0 0 0 0 0 0 0 0 0 0 0.03795480775542955
0 0 0.5392954695801242 0 0 0 0 0 0 0 0 0 0.03941388773759072 0 0 0 0 0 0.3212345037414335 0 0 0 0 0 0 0 0 0 0 0 0 0 0 0 0 0 0 0 0 0 0 0 0 0 0 0 0 0 0 0 0 0 0 0 0 0 0 0 0 0 0 0 0 0 0 0 0 0 0 0 0 0 0 0 0 0 0 0 0 0 0 0 0 0 0.2256151594463625 0 0 0 0 0 0 0 0 0 0 0 0 0 0 0
0 0 0 0 0 0 0 0 0 0 0 0 0 0 0 0 0 0 0 0 0 0 0.4366382938783913 0 0 0 0 0 0 0 0 0 0 0 0 0 0 0 0 0 0 0 0 0 0 0 0 0 0 0.3802710884110826 0 0 0.4184549274200028 0 0 0 0 0 0 0 0 0 0 0 0 0 0 0 0 0 0 0 0 0 0 0 0.1662595046118308 0 0 0 0 0 0 0 0 0 0 0 0 0 0 0 0 0 0 0 0 0 0 0
0 0 0 0 0 0 0 0 0.1180099970243928 0 0 0 0 0 0 0 0 0 0 0 0 0 0 0 0 0 0 0 0 0 0 0 0 0 0 0 0 0 0 0 0 0 0 0 0.297033528837637 0 0 0 0 0 0.2647076767827794 0 0 0 0 0 0 0 0 0 0 0 0 0 0 0 0 0 0 0 0 0 0 0 0 0 0 0.1374995045457178 0 0 0 0 0.2885514956459778 0 0 0 0.008956731402134693 0 0 0 0 0 0 0 0 0 0 0 0 0
0 0 0 0 0 0 0 0 0 0 0 0 0 0 0 0 0 0 0 0 0 0 0 0 0 0 0 0 0 0 0 0 0 0 0 0 0 0 0.1293413908119812 0 0 0.02823536181159986 0 0 0 0 0 0.1510353955214394 0 0 0 0 0 0 0 0 0 0 0 0 0 0 0 0 0.06479430855778642 0 0 0 0 0 0 0 0 0 0 0 0 0 0 0 0 0 0 0.1689772481874723 0 0 0 0 0 0 0 0 0 0 0 0 0 0 0 0
0 0 0 0 0 0 0 0 0 0 0 0.2085379607105578 0 0 0 0 0 0 0 0 0 0 0 0 0 0 0 0 0 0 0 0 0 0 0 0 0 0 0 0 0 0 0 0 0 0 0 0 0 0 0 0 0 0 0 0 0 0 0 0 0 0 0 0 0 0 0 0 0 0 0 0.1654311639884725 0.1732641248924776 0 0 0 0 0 0 0 0.02446280612000146 0 0 0 0 0 0 0 0 0.2127165101826447 0 0 0 0 0 0 0 0 0 0
0 0 0 0 0 0 0 0 0 0 0 0 0 0 0.479176860383796 0 0 0 0 0 0 0 0 0 0 0 0 0 0 0 0.02724382861183996 0 0 0 0 0 0 0 0 0 0 0 0 0 0 0 0 0 0 0 0 0 0 0 0.4427809583714069 0 0 0 0 0 0 0 0 0 0 0 0 0 0 0.3784176162528564 0 0 0 0 0 0 0 0 0 0 0 0 0 0 0 0 0 0 0 0 0 0 0 0 0 0 0 0.3358647305364164 0 0
0 0 0 0 0 0 0 0 0 0 0 0 0 0 0 0 0 0 0 0 0 0 0 0 0 0 0 0 0 0 0 0 0 0 0 0 0 0 0.2551978730226384 0 0 0.05570996440589876 0 0 0 0 0 0.2980013702205669 0 0 0 0 0 0 0 0 0 0 0 0 0 0 0 0 0.127842832245066 0 0 0 0 0 0 0 0 0 0 0 0 0 0 0 0 0 0 0.3334016594065174 0 0 0 0 0 0 0 0 0 0 0 0 0 0 0 0
0 0 0 0 0 0 0 0 0 0.3661573515713185 0 0 0 0 0 0.1422424463478364 0.2551460144455697 0 0 0 0 0 0 0 0 0 0 0 0 0 0 0 0 0 0 0.542767426112905 0 0 0 0 0 0 0 0 0 0 0 0 0.4540184010682032 0 0 0 0 0 0 0 0 0 0 0 0 0 0 0 0 0 0 0 0 0 0.2914753663035721 0 0 0 0 0 0 0 0 0 0 0 0 0 0 0 0 0 0 0 0 0 0 0 0 0 0 0 0 0
0 0 0 0 0 0 0 0 0 0.07368438803281335 0 0 0 0 0 0.02862443582370394 0.05134480532141199 0 0 0 0 0 0 0 0 0 0 0 0 0 0 0 0 0 0 0.1092248604750051 0 0 0 0 0 0 0 0 0 0 0 0 0.09136527750919927 0 0 0 0 0 0 0 0 0 0 0 0 0 0 0 0 0 0 0 0 0 0.05865561322352852 0 0 0 0 0 0 0 0 0 0 0 0 0 0 0 0 0 0 0 0 0 0 0 0 0 0 0 0 0
0 0 0 0 0 0 0 0 0 0 0 0.03741166909603292 0 0 0 0 0 0 0 0 0 0 0 0 0 0 0 0 0 0 0 0 0 0 0 0 0 0 0 0 0 0 0 0 0 0 0 0 0 0 0 0 0 0 0 0 0 0 0 0 0 0 0 0 0 0 0 0 0 0 0 0.0296783182506443 0.03108354989472629 0 0 0 0 0 0 0 0.004388622601868425 0 0 0 0 0 0 0 0 0.0381613000486828 0 0 0 0 0 0 0 0 0 0
0 0 0 0 0 0 0 0 0 0 0 0 0 0 0 0 0 0 0 0 0 0 0 0 0 0 0 0 0.01261368068739395 0 0 0 0.009150361108801186 0 0 0 0 0 0 0.01472636932199703 0 0 0 0 0 0.01659549988987259 0 0 0 0 0 0 0 0 0 0 0 0 0 0 0 0 0 0 0 0 0 0 0 0 0 0 0 0 0.002600338653976349 0 0 0 0 0.01308949751929201 0 0 0 0 0 0 0 0 0 0 0 0 0 0 0 0 0 0 0 0.01460143935297494
0 0 0 0 0 0 0 0 0 0 0 0 0 0 0 0 0 0 0 0 0 0 0 0 0 0 0 0 0 0.02353740115404142 0 0 0 0 0 0 0 0 0 0 0.03464061700956707 0 0 0 0 0 0 0 0 0 0 0 0 0 0 0 0 0 0 0 0 0 0.03641208709061509 0 0 0 0 0 0 0 0 0 0 0 0 0 0 0 0 0 0 0 0 0 0 0 0 0 0 0 0 0 0 0 0 0 0 0 0 0
0 0 0 0 0 0 0 0 0 0 0 0 0 0 0 0 0 0 0 0 0 0 0 0 0 0 0 0 0 0 0 0 0 0 0 0 0 0 0 0 0 0 0 0 0 0 0 0 0 0 0 0 0 0 0 0 0.2696659031164249 0 0 0 0 0 0 0 0 0 0 0 0 0 0 0 0 0 0 0 0 0 0 0 0 0 0 0 0 0 0 0.4439346487557985 0 0 0 0 0 0 0 0 0 0 0 0
0 0 0 0 0 0 0 0 0 0 0 0 0 0 0 0 0 0 0 0 0 0.1462439139814821 0 0 0 0 0 0 0 0 0 0 0 0 0 0 0 0 0 0 0 0 0 0 0 0 0 0 0 0 0 0 0 0 0 0 0 0 0 0 0 0 0 0 0 0 0 0 0 0 0 0 0 0 0 0 0 0 0 0 0 0 0 0 0 0 0 0 0 0 0 0 0 0 0 0 0 0 0 0
0 0 0 0 0 0 0 0 0 0 0 0 0 0 0 0 0 0 0 0 0 0 0 0 0 0 0 0 0 0 0 0 0 0 0 0 0 0 0 0 0 0 0 0 0 0 0 0 0 0 0 0 0 0 0 0 0.1373144467757652 0 0 0 0 0 0 0 0 0 0 0 0 0 0 0 0 0 0 0 0 0 0 0 0 0 0 0 0 0 0 0.2260524597066985 0 0 0 0 0 0 0 0 0 0 0 0
0 0.3320535902767477 0 0 0 0 0.2333806119098976 0 0 0 0 0 0 0 0 0 0 0 0 0.3663591524290543 0 0 0 0 0 0 0 0 0 0 0 0 0 0 0 0 0 0 0 0 0 0 0 0 0 0 0 0 0 0 0 0 0 0 0 0 0 0 0 0.005266986031411901 0 0 0 0 0 0 0 0 0 0 0 0 0 0 0 0.3400710132436645 0 0 0 0 0 0 0 0 0 0 0 0 0 0 0 0 0 0 0 0 0 0 0 0
0 0 0 0 0 0 0 0 0 0 0.01393179629455888 0 0 0 0 0 0 0 0 0 0 0 0 0 0 0 0 0 0 0 0 0 0 0 0 0 0 0 0 0 0 0 0 0 0 0 0 0 0 0 0 0 0 0 0 0 0 0 0 0 0 0 0 0.01025923802101263 0 0 0 0 0 0 0 0 0 0 0 0 0 0 0 0 0 0 0 0 0 0 0 0 0 0 0 0 0 0 0 0 0 0 0 0
0 0 0 0 0 0 0 0 0 0 0 0 0 0 0 0 0 0 0 0 0 0 0 0 0 0 0 0 0.09216155127977847 0 0 0 0.0668568909787032 0 0 0 0 0 0 0.1075978594250107 0 0 0 0 0 0.1212546164770599 0 0 0 0 0 0 0 0 0 0 0 0 0 0 0 0 0 0 0 0 0 0 0 0 0 0 0 0 0.01899931115607974 0 0 0 0 0.09563809539402585 0 0 0 0 0 0 0 0 0 0 0 0 0 0 0 0 0 0 0 0.1066850616436369
0 0 0 0 0 0 0 0 0 0 0 0 0 0 0 0 0 0 0 0 0 0 0 0 0 0.1990639523316194 0 0 0 0 0 0 0 0.0624338452246595 0 0 0.1748163587534875 0 0 0 0 0 0.1261002158103981 0.02780542437943815 0 0 0 0 0 0 0 0 0 0 0 0 0 0 0 0 0 0 0 0 0 0 0.1236807298136291 0 0 0 0 0 0 0 0 0 0 0 0 0 0 0 0 0 0 0.09766752075917623 0 0 0 0 0 0.112043482282293 0 0 0 0 0 0 0 0
0 0 0 0 0 0 0 0 0 0 0 0 0 0 0 0 0 0 0 0 0 0.3650684561630408 0 0 0 0 0 0 0 0 0 0 0 0 0 0 0 0 0 0 0 0 0 0 0 0 0 0 0 0 0 0 0 0 0 0 0 0 0 0 0 0 0 0 0 0 0 0 0 0 0 0 0 0 0 0 0 0 0 0 0 0 0 0 0 0 0 0 0 0 0 0 0 0 0 0 0 0 0 0
0 0 0 0 0 0 0 0 0 0 0 0 0 0 0 0 0 0 0 0 0 0 0 0.1360418326529938 0 0 0 0 0 0 0 0 0 0 0 0 0 0 0 0 0 0 0 0 0 0 0 0 0 0 0 0 0 0 0 0 0 0 0 0 0 0.2296007542842846 0 0 0 0 0 0 0.297073342688031 0 0 0 0 0 0 0 0 0 0 0 0 0 0 0 0 0 0 0 0 0 0 0 0 0 0 0 0 0 0 0
0 0.3762002699393604 0 0 0 0 0.2644086730878052 0 0 0 0 0 0 0 0 0 0 0 0 0.4150667725763686 0 0 0 0 0 0 0 0 0 0 0 0 0 0 0 0 0 0 0 0 0 0 0 0 0 0 0 0 0 0 0 0 0 0 0 0 0 0 0 0.005967234280263554 0 0 0 0 0 0 0 0 0 0 0 0 0 0 0 0.3852836130282223 0 0 0 0 0 0 0 0 0 0 0 0 0 0 0 0 0 0 0 0 0 0 0 0
0 0 0 0 0 0 0 0 0 0 0 0 0 0.09610222382573126 0 0 0 0.01195401974194999 0 0 0 0 0 0 0.06364743203002891 0 0 0.1027187550738558 0 0 0 0 0 0 0.06175394463777747 0 0 0.07128576454396819 0 0 0 0 0 0 0 0 0 0 0 0 0 0 0 0.08855561087260254 0 0 0 0 0 0 0 0 0 0 0 0 0 0 0 0 0 0 0 0 0 0 0 0 0 0 0 0 0 0 0 0 0 0 0 0 0 0 0.04466706826885748 0.1330878324091813 0 0.01108598219351244 0.02794886306903334 0 0 0
0 0 0 0 0 0 0 0 0 0 0 0 0 0 0 0 0 0 0 0 0 0 0 0 0 0.4179719722835797 0 0 0 0 0 0 0 0.1310915267186406 0 0 0.3670596177750199 0 0 0 0 0 0.2647709707875887 0.05838268522215845 0 0 0 0 0 0 0 0 0 0 0 0 0 0 0 0 0 0 0 0 0 0 0.2596908077438178 0 0 0 0 0 0 0 0 0 0 0 0 0 0 0 0 0 0 0.2050712135553039 0 0 0 0 0 0.2352562315905132 0 0 0 0 0 0 0 0
0 0 0 0.2660575150099646 0.5736138174812964 0 0 0.1114341600514903 0 0 0 0 0 0 0 0 0 0 0 0 0.4021430504028278 0 0 0 0 0 0 0 0 0 0 0 0 0 0 0 0 0 0 0 0 0 0 0 0 0 0 0 0 0 0 0.2713709998367296 0 0 0 0 0 0 0.1654915795188837 0 0 0 0 0 0 0 0 0 0 0 0 0 0 0 0 0 0 0 0 0 0 0 0 0 0 0 0 0 0 0 0 0 0 0 0 0 0 0 0 0
0 0 0 0 0 0 0 0 0 0 0 0 0 0 0 0 0 0 0 0 0 0 0 0 0 0 0 0 0 0 0 0 0 0 0 0 0 0 0.1038679118147374 0 0 0.02267447452275881 0 0 0 0 0 0.121289333943606 0 0 0 0 0 0 0 0 0 0 0 0 0 0 0 0 0.05203322374320428 0 0 0 0 0 0 0 0 0 0 0 0 0 0 0 0 0 0 0.13569758144125 0 0 0 0 0 0 0 0 0 0 0 0 0 0 0 0
0 0 0 0 0 0 0 0 0 0 0 0 0 0 0 0 0 0 0 0 0 0 0 0.02178989897053435 0 0 0 0 0 0 0 0 0 0 0 0 0 0 0 0 0 0 0 0 0 0 0 0 0 0 0 0 0 0 0 0 0 0 0 0 0 0.0367752855268739 0 0 0 0 0 0 0.04758240901181121 0 0 0 0 0 0 0 0 0 0 0 0 0 0 0 0 0 0 0 0 0 0 0 0 0 0 0 0 0 0 0
0 0 0 0 0 0 0 0 0 0 0.01520621983319418 0 0 0 0 0 0 0 0 0 0 0 0 0 0 0 0 0 0 0 0 0 0 0 0 0 0 0 0 0 0 0 0 0 0 0 0 0 0 0 0 0 0 0 0 0 0 0 0 0 0 0 0 0.01119771100367798 0 0 0 0 0 0 0 0 0 0 0 0 0 0 0 0 0 0 0 0 0 0 0 0 0 0 0 0 0 0 0 0 0 0 0 0
0 0 0 0 0 0 0 0 0 0 0 0 0 0 0 0 0 0 0 0 0 0 0 0 0 0 0 0 0 0 0 0 0 0 0 0 0 0 0.04980531132304173 0 0 0.01087255190714393 0 0 0 0 0 0.0581589918549663 0 0 0 0 0 0 0 0 0 0 0 0 0 0 0 0 0.02495025520773081 0 0 0 0 0 0 0 0 0 0 0 0 0 0 0 0 0 0 0.06506783636432303 0 0 0 0 0 0 0 0 0 0 0 0 0 0 0 0
0 0 0 0 0 0 0 0 0 0 0 0 0 0 0 0 0 0 0 0 0 0 0 0 0 0 0 0 0.257811981289935 0 0 0 0.1870249283649654 0 0 0 0 0 0 0.3009933853728921 0 0 0 0 0 0.3391966875601095 0 0 0 0 0 0 0 0 0 0 0 0 0 0 0 0 0 0 0 0 0 0 0 0 0 0 0 0 0.05314852000942424 0 0 0 0 0.2675372377953845 0 0 0 0 0 0 0 0 0 0 0 0 0 0 0 0 0 0 0 0.298439932210861
0 0 0 0 0 0 0 0 0 0 0 0 0 0.1223330598241225 0 0 0 0.01521683634379292 0 0 0 0 0 0 0.08101982243720521 0 0 0.1307555549629735 0 0 0 0 0 0 0.07860951290209436 0 0 0.09074301666920052 0 0 0 0 0 0 0 0 0 0 0 0 0 0 0 0.1127266197531966 0 0 0 0 0 0 0 0 0 0 0 0 0 0 0 0 0 0 0 0 0 0 0 0 0 0 0 0 0 0 0 0 0 0 0 0 0 0 0.05685882092188648 0.1694137879004621 0 0.01411187034909174 0.0355774278859592 0 0 0
0 0 0 0 0 0 0 0 0 0 0 0 0 0 0 0 0 0 0 0 0 0 0 0 0 0 0 0 0 0 0 0 0 0 0 0 0 0 0 0 0 0 0 0 0 0 0 0 0 0 0 0 0 0 0 0 0.3136433214019864 0 0 0 0 0 0 0 0 0 0 0 0 0 0 0 0 0 0 0 0 0 0 0 0 0 0 0 0 0 0 0.5163320097649829 0 0 0 0 0 0 0 0 0 0 0 0
0 0 0.2889150427335813 0 0 0 0 0 0 0 0 0 0.0211150764327175 0 0 0 0 0 0.172093936647039 0 0 0 0 0 0 0 0 0 0 0 0 0 0 0 0 0 0 0 0 0 0 0 0 0 0 0 0 0 0 0 0 0 0 0 0 0 0 0 0 0 0 0 0 0 0 0 0 0 0 0 0 0 0 0 0 0 0 0 0 0 0 0 0 0 0.120868090146463 0 0 0 0 0 0 0 0 0 0 0 0 0 0 0
0 0 0 0 0 0 0 0 0.06820693608723112 0 0 0 0 0 0 0 0 0 0 0 0 0 0 0 0 0 0 0 0 0 0 0 0 0 0 0 0 0 0 0 0 0 0 0 0.1716782258117142 0 0 0 0 0 0.1529946618708116 0 0 0 0 0 0 0 0 0 0 0 0 0 0 0 0 0 0 0 0 0 0 0 0 0 0 0.07947140204263532 0 0 0 0 0.1667758149111047 0 0 0 0.005176775033471281 0 0 0 0 0 0 0 0 0 0 0 0 0
0 0 0 0 0 0 0 0 0 0 0 0 0 0 0 0 0 0 0 0 0 0 0 0 0 0 0 0 0 0 0 0.5605074026514668 0 0 0 0 0 0 0 0 0 0 0 0 0 0 0 0 0 0 0 0 0 0 0 0 0 0.392429420524498 0 0 0 0 0 0 0 0 0 0 0 0 0 0 0 0 0 0 0 0 0 0 0 0.2484402665049495 0 0 0 0 0 0 0 0 0 0 0 0 0 0 0 0 0 0
0 0 0.2453730003859656 0 0 0 0 0 0 0 0 0 0.01793284838564993 0 0 0 0 0 0.1461578642073526 0 0 0 0 0 0 0 0 0 0 0 0 0 0 0 0 0 0 0 0 0 0 0 0 0 0 0 0 0 0 0 0 0 0 0 0 0 0 0 0 0 0 0 0 0 0 0 0 0 0 0 0 0 0 0 0 0 0 0 0 0 0 0 0 0 0.1026522040858477 0 0 0 0 0 0 0 0 0 0 0 0 0 0 0
0 0 0 0 0 0 0 0 0 0 0 0 0 0.1428509087534466 0 0 0 0.01776902256175447 0 0 0 0 0 0 0.09460856516494529 0 0 0.1526860349759586 0 0 0 0 0 0 0.09179399559591218 0 0 0.105962545307547 0 0 0 0 0 0 0 0 0 0 0 0 0 0 0 0.1316332649211888 0 0 0 0 0 0 0 0 0 0 0 0 0 0 0 0 0 0 0 0 0 0 0 0 0 0 0 0 0 0 0 0 0 0 0 0 0 0 0.06639525121842285 0.1978280735537734 0 0.01647873033239591 0.04154451717243261 0 0 0
0 0 0 0 0 0 0 0 0 0 0 0.09357087260642868 0 0 0 0 0 0 0 0 0 0 0 0 0 0 0 0 0 0 0 0 0 0 0 0 0 0 0 0 0 0 0 0 0 0 0 0 0 0 0 0 0 0 0 0 0 0 0 0 0 0 0 0 0 0 0 0 0 0 0 0.0742288757306088 0.0777435211428035 0 0 0 0 0 0 0 0.01097644815961094 0 0 0 0 0 0 0 0 0.09544578554314329 0 0 0 0 0 0 0 0 0 0
0 0 0 0 0 0 0 0 0 0.1544400650757239 0 0 0 0 0 0.05999588039463739 0.1076170310542305 0 0 0 0 0 0 0 0 0 0 0 0 0 0 0 0 0 0 0.2289317318091131 0 0 0 0 0 0 0 0 0 0 0 0 0.1914986305904936 0 0 0 0 0 0 0 0 0 0 0 0 0 0 0 0 0 0 0 0 0 0.1229402450796518 0 0 0 0 0 0 0 0 0 0 0 0 0 0 0 0 0 0 0 0 0 0 0 0 0 0 0 0 0
0 0 0 0.08147611317765108 0.1756606059844625 0 0 0.03412503584374104 0 0 0 0 0 0 0 0 0 0 0 0 0.1231502620288681 0 0 0 0 0 0 0 0 0 0 0 0 0 0 0 0 0 0 0 0 0 0 0 0 0 0 0 0 0 0 0.08310328800523309 0 0 0 0 0 0 0.05067930767647669 0 0 0 0 0 0 0 0 0 0 0 0 0 0 0 0 0 0 0 0 0 0 0 0 0 0 0 0 0 0 0 0 0 0 0 0 0 0 0 0 0
0 0 0 0 0 0 0 0 0 0 0.4723335013235305 0 0 0 0 0 0 0 0 0 0 0 0 0 0 0 0 0 0 0 0 0 0 0 0 0 0 0 0 0 0 0 0 0 0 0 0 0 0 0 0 0 0 0 0 0 0 0 0 0 0 0 0 0.3478217534137306 0 0 0 0 0 0 0 0 0 0 0 0 0 0 0 0 0 0 0 0 0 0 0 0 0 0 0 0 0 0 0 0 0 0 0 0
0 0 0 0 0 0 0 0 0 0 0 0 0 0 0 0 0 0 0 0 0 0 0 0 0 0 0 0 0 0 0 0.5189816138066908 0 0 0 0 0 0 0 0 0 0 0 0 0 0 0 0 0 0 0 0 0 0 0 0 0 0.3633558682822073 0 0 0 0 0 0 0 0 0 0 0 0 0 0 0 0 0 0 0 0 0 0 0 0.2300343043381314 0 0 0 0 0 0 0 0 0 0 0 0 0 0 0 0 0 0
0 0 0.4247892939461139 0 0 0 0 0 0 0 0 0 0.03104531465238848 0 0 0 0 0 0.2530282298527266 0 0 0 0 0 0 0 0 0 0 0 0 0 0 0 0 0 0 0 0 0 0 0 0 0 0 0 0 0 0 0 0 0 0 0 0 0 0 0 0 0 0 0 0 0 0 0 0 0 0 0 0 0 0 0 0 0 0 0 0 0 0 0 0 0 0.1777113098305404 0 0 0 0 0 0 0 0 0 0 0 0 0 0 0
0 0 0 0 0 0 0 0 0 0 0 0 0 0 0 0 0 0 0 0 0 0 0 0 0 0 0 0 0 0 0 0.06415751054104962 0 0 0 0 0 0 0 0 0 0 0 0 0 0 0 0 0 0 0 0 0 0 0 0 0 0.04491875497953798 0 0 0 0 0 0 0 0 0 0 0 0 0 0 0 0 0 0 0 0 0 0 0 0.02843728546975822 0 0 0 0 0 0 0 0 0 0 0 0 0 0 0 0 0 0
0 0 0 0 0 0 0 0 0 0 0 0 0 0 0 0 0 0 0 0 0 0.6193115507697637 0 0 0 0 0 0 0 0 0 0 0 0 0 0 0 0 0 0 0 0 0 0 0 0 0 0 0 0 0 0 0 0 0 0 0 0 0 0 0 0 0 0 0 0 0 0 0 0 0 0 0 0 0 0 0 0 0 0 0 0 0 0 0 0 0 0 0 0 0 0 0 0 0 0 0 0 0 0
0 0 0 0 0 0 0 0 0.1417643216556593 0 0 0 0 0 0 0 0 0 0 0 0 0 0 0 0 0 0 0 0 0 0 0 0 0 0 0 0 0 0 0 0 0 0 0 0.3568236402543962 0 0 0 0 0 0.3179908921478874 0 0 0 0 0 0 0 0 0 0 0 0 0 0 0 0 0 0 0 0 0 0 0 0 0 0 0.1651768873944111 0 0 0 0 0.3466342519653022 0 0 0 0.01075963887375667 0 0 0 0 0 0 0 0 0 0 0 0 0
0 0 0 0 0 0 0 0 0 0 0 0 0 0 0 0 0 0 0 0 0 0 0 0 0 0 0 0 0 0.08363924540402898 0 0 0 0 0 0 0 0 0 0 0.1230940938656979 0 0 0 0 0 0 0 0 0 0 0 0 0 0 0 0 0 0 0 0 0 0.1293889443406931 0 0 0 0 0 0 0 0 0 0 0 0 0 0 0 0 0 0 0 0 0 0 0 0 0 0 0 0 0 0 0 0 0 0 0 0 0
0 0 0 0.1115601960389158 0.2405211892866383 0 0 0.04672529825105892 0 0 0 0 0 0 0 0 0 0 0 0 0.1686220272219968 0 0 0 0 0 0 0 0 0 0 0 0 0 0 0 0 0 0 0 0 0 0 0 0 0 0 0 0 0 0 0.1137881857609934 0 0 0 0 0 0 0.06939203748191448 0 0 0 0 0 0 0 0 0 0 0 0 0 0 0 0 0 0 0 0 0 0 0 0 0 0 0 0 0 0 0 0 0 0 0 0 0 0 0 0 0
0 0 0 0 0 0 0 0 0 0 0 0 0 0 0 0 0 0 0 0 0 0.5123704841890565 0 0 0 0 0 0 0 0 0 0 0 0 0 0 0 0 0 0 0 0 0 0 0 0 0 0 0 0 0 0 0 0 0 0 0 0 0 0 0 0 0 0 0 0 0 0 0 0 0 0 0 0 0 0 0 0 0 0 0 0 0 0 0 0 0 0 0 0 0 0 0 0 0 0 0 0 0 0
0 0 0 0 0 0 0 0 0 0.05636482424909472 0 0 0 0 0 0.02189624339031051 0.03927617512079476 0 0 0 0 0 0 0 0 0 0 0 0 0 0 0 0 0 0 0.08355148531007613 0 0 0 0 0 0 0 0 0 0 0 0 0.0698898090458791 0 0 0 0 0 0 0 0 0 0 0 0 0 0 0 0 0 0 0 0 0 0.0448685728256951 0 0 0 0 0 0 0 0 0 0 0 0 0 0 0 0 0 0 0 0 0 0 0 0 0 0 0 0 0
0 0 0 0.03184461388199446 0.06865624725685572 0 0 0.01333763415767894 0 0 0 0 0 0 0 0 0 0 0 0 0.04813278875030411 0 0 0 0 0 0 0 0 0 0 0 0 0 0 0 0 0 0 0 0 0 0 0 0 0 0 0 0 0 0 0.03248058867364743 0 0 0 0 0 0 0.01980780527963233 0 0 0 0 0 0 0 0 0 0 0 0 0 0 0 0 0 0 0 0 0 0 0 0 0 0 0 0 0 0 0 0 0 0 0 0 0 0 0 0 0
0 0 0 0 0 0.1585760018977152 0 0 0 0 0 0 0 0 0 0 0 0 0 0 0 0 0 0 0 0 0.02391194984787103 0 0 0 0 0 0 0 0 0 0 0 0 0 0 0 0 0 0 0 0 0 0 0 0 0 0 0 0 0 0 0 0 0 0 0 0 0 0 0 0 0.02650371749922825 0 0 0 0 0 0.2568136422637029 0 0 0 0 0 0 0 0 0 0 0 0 0 0 0 0 0.214040304630041 0 0 0 0 0 0 0 0 0
0.2153077482314007 0 0 0 0 0 0 0 0 0 0 0 0 0 0 0 0 0 0 0 0 0 0 0 0 0 0 0 0 0 0 0 0 0 0 0 0 0 0 0 0 0 0 0 0 0 0.1441208790695801 0 0 0 0 0 0 0 0 0.02975084464604696 0 0 0 0 0.005172250653332771 0 0 0 0 0.0899276818177097 0 0 0 0 0 0 0 0 0 0 0 0 0.1973174942380022 0 0 0 0 0 0 0 0 0 0.204096696594841 0 0 0 0 0 0.165280607641583 0 0 0 0.03662770471783921 0
0 0 0 0 0 0 0 0 0 0 0 0 0 0 0 0 0 0 0 0 0 0 0 0.3115584716075137 0 0 0 0 0 0 0 0 0 0 0 0 0 0 0 0 0 0 0 0 0 0 0 0 0 0 0 0 0 0 0 0 0 0 0 0 0 0.5258239961174898 0 0 0 0 0 0 0.6803474695853508 0 0 0 0 0 0 0 0 0 0 0 0 0 0 0 0 0 0 0 0 0 0 0 0 0 0 0 0 0 0 0
0 0 0 0 0 0.3616324296638123 0 0 0 0 0 0 0 0 0 0 0 0 0 0 0 0 0 0 0 0 0.05453118011552931 0 0 0 0 0 0 0 0 0 0 0 0 0 0 0 0 0 0 0 0 0 0 0 0 0 0 0 0 0 0 0 0 0 0 0 0 0 0 0 0 0.0604417039127489 0 0 0 0 0 0.5856632801383177 0 0 0 0 0 0 0 0 0 0 0 0 0 0 0 0 0.488118722146062 0 0 0 0 0 0 0 0 0
0 0 0 0.01968201233466857 0.04243396105755691 0 0 0.008243512732781561 0 0 0 0 0 0 0 0 0 0 0 0 0.02974914832995138 0 0 0 0 0 0 0 0 0 0 0 0 0 0 0 0 0 0 0 0 0 0 0 0 0 0 0 0 0 0 0.02007508551621936 0 0 0 0 0 0 0.01224249316638345 0 0 0 0 0 0 0 0 0 0 0 0 0 0 0 0 0 0 0 0 0 0 0 0 0 0 0 0 0 0 0 0 0 0 0 0 0 0 0 0 0
0 0 0.1908672201675936 0 0 0 0 0 0 0 0 0 0.01394934616144382 0 0 0 0 0 0.1136911771181391 0 0 0 0 0 0 0 0 0 0 0 0 0 0 0 0 0 0 0 0 0 0 0 0 0 0 0 0 0 0 0 0 0 0 0 0 0 0 0 0 0 0 0 0 0 0 0 0 0 0 0 0 0 0 0 0 0 0 0 0 0 0 0 0 0 0.07984961999536642 0 0 0 0 0 0 0 0 0 0 0 0 0 0 0
0 0 0 0 0 0 0 0 0 0 0 0 0 0 0 0 0 0 0 0 0 0 0.3313712103260643 0 0 0 0 0 0 0 0 0 0 0 0 0 0 0 0 0 0 0 0 0 0 0 0 0 0 0.2885933107229613 0 0 0.3175715866201402 0 0 0 0 0 0 0 0 0 0 0 0 0 0 0 0 0 0 0 0 0 0 0 0.1261767784544762 0 0 0 0 0 0 0 0 0 0 0 0 0 0 0 0 0 0 0 0 0 0 0
0 0 0 0 0 0 0 0 0 0 0.4377751196801386 0 0 0 0 0 0 0 0 0 0 0 0 0 0 0 0 0 0 0 0 0 0 0 0 0 0 0 0 0 0 0 0 0 0 0 0 0 0 0 0 0 0 0 0 0 0 0 0 0 0 0 0 0.322373300435774 0 0 0 0 0 0 0 0 0 0 0 0 0 0 0 0 0 0 0 0 0 0 0 0 0 0 0 0 0 0 0 0 0 0 0 0
0 0 0 0 0 0 0 0 0 0 0 0.3051963849078956 0 0 0 0 0 0 0 0 0 0 0 0 0 0 0 0 0 0 0 0 0 0 0 0 0 0 0 0 0 0 0 0 0 0 0 0 0 0 0 0 0 0 0 0 0 0 0 0 0 0 0 0 0 0 0 0 0 0 0 0.242109364781138 0.2535729436081376 0 0 0 0 0 0 0 0.03580144337792599 0 0 0 0 0 0 0 0 0.3113117136887776 0 0 0 0 0 0 0 0 0 0
0 0 0 0 0 0 0 0 0 0 0 0 0 0 0 0 0 0 0 0 0 0 0 0 0 0 0 0 0 0.1055884548178975 0 0 0 0 0 0 0 0 0 0 0.1553973270048438 0 0 0 0 0 0 0 0 0 0 0 0 0 0 0 0 0 0 0 0 0 0.1633441171959044 0 0 0 0 0 0 0 0 0 0 0 0 0 0 0 0 0 0 0 0 0 0 0 0 0 0 0 0 0 0 0 0 0 0 0 0 0
0.2113143852535837 0 0 0 0 0 0 0 0 0 0 0 0 0 0 0 0 0 0 0 0 0 0 0 0 0 0 0 0 0 0 0 0 0 0 0 0 0 0 0 0 0 0 0 0 0 0.1414478355421899 0 0 0 0 0 0 0 0 0.02919904879780548 0 0 0 0 0.005076319715218968 0 0 0 0 0.08825977214793881 0 0 0 0 0 0 0 0 0 0 0 0 0.1936578006931196 0 0 0 0 0 0 0 0 0 0.2003112676041452 0 0 0 0 0 0.1622151096976928 0 0 0 0.03594836214338884 0
0 0 0 0 0 0 0 0 0 0 0 0 0 0 0 0 0 0 0 0 0 0 0 0 0 0.3080490100200732 0 0 0 0 0 0 0 0.09661560512554891 0 0 0.2705261581444643 0 0 0 0 0 0.1951385280394664 0.0430285511412173 0 0 0 0 0 0 0 0 0 0 0 0 0 0 0 0 0 0 0 0 0 0 0.1913944033130543 0 0 0 0 0 0 0 0 0 0 0 0 0 0 0 0 0 0 0.15113928327344 0 0 0 0 0 0.173385906348146 0 0 0 0 0 0 0 0
0 0 0 0 0 0 0 0 0 0 0 0 0 0 0 0 0 0 0 0 0 0 0 0 0 0 0 0 0 0 0 0.07256067369667056 0 0 0 0 0 0 0 0 0 0 0 0 0 0 0 0 0 0 0 0 0 0 0 0 0 0.05080208217938172 0 0 0 0 0 0 0 0 0 0 0 0 0 0 0 0 0 0 0 0 0 0 0 0.03216191797950082 0 0 0 0 0 0 0 0 0 0 0 0 0 0 0 0 0 0
0 0 0 0 0 0 0 0 0 0 0 0 0 0.06413136024354175 0 0 0 0.00797720922483108 0 0 0 0 0 0 0.04247348531180634 0 0 0.06854673308450314 0 0 0 0 0 0 0.04120991494647035 0 0 0.04757073108417981 0 0 0 0 0 0 0 0 0 0 0 0 0 0 0 0.05909532117338141 0 0 0 0 0 0 0 0 0 0 0 0 0 0 0 0 0 0 0 0 0 0 0 0 0 0 0 0 0 0 0 0 0 0 0 0 0 0 0.02980742517850029 0.08881275983522097 0 0.007397946576084091 0.01865095868257821 0 0 0
0 0 0 0 0 0 0 0 0 0 0 0 0 0 0 0 0 0 0 0 0 0.4441397555487344 0 0 0 0 0 0 0 0 0 0 0 0 0 0 0 0 0 0 0 0 0 0 0 0 0 0 0 0 0 0 0 0 0 0 0 0 0 0 0 0 0 0 0 0 0 0 0 0 0 0 0 0 0 0 0 0 0 0 0 0 0 0 0 0 0 0 0 0 0 0 0 0 0 0 0 0 0 0
0 0 0 0 0 0 0 0 0 0 0.03717506570743091 0 0 0 0 0 0 0 0 0 0 0 0 0 0 0 0 0 0 0 0 0 0 0 0 0 0 0 0 0 0 0 0 0 0 0 0 0 0 0 0 0 0 0 0 0 0 0 0 0 0 0 0 0.02737535343437878 0 0 0 0 0 0 0 0 0 0 0 0 0 0 0 0 0 0 0 0 0 0 0 0 0 0 0 0 0 0 0 0 0 0 0 0
0 0 0 0 0 0 0 0 0 0 0 0 0 0.2575165907073703 0 0 0 0.03203212461324264 0 0 0 0 0 0 0.1705503686717357 0 0 0.2752463216282234 0 0 0 0 0 0 0.1654765587390521 0 0 0.1910181296597206 0 0 0 0 0 0 0 0 0 0 0 0 0 0 0 0.2372946024774013 0 0 0 0 0 0 0 0 0 0 0 0 0 0 0 0 0 0 0 0 0 0 0 0 0 0 0 0 0 0 0 0 0 0 0 0 0 0 0.1196903742659257 0.3566236399356855 0 0.02970612151798679 0.07489208516897533 0 0 0
0 0 0 0 0 0 0 0 0 0 0 0 0 0 0.181051075567879 0 0 0 0 0 0 0 0 0 0 0 0 0 0 0 0.01029374512953293 0 0 0 0 0 0 0 0 0 0 0 0 0 0 0 0 0 0 0 0 0 0 0 0.1672993322129759 0 0 0 0 0 0 0 0 0 0 0 0 0 0 0.1429804360367844 0 0 0 0 0 0 0 0 0 0 0 0 0 0 0 0 0 0 0 0 0 0 0 0 0 0 0 0.1269023522133966 0 0
0 0 0 0 0 0 0 0 0 0 0.1659720486530054 0 0 0 0 0 0 0 0 0 0 0 0 0 0 0 0 0 0 0 0 0 0 0 0 0 0 0 0 0 0 0 0 0 0 0 0 0 0 0 0 0 0 0 0 0 0 0 0 0 0 0 0 0.122220187258357 0 0 0 0 0 0 0 0 0 0 0 0 0 0 0 0 0 0 0 0 0 0 0 0 0 0 0 0 0 0 0 0 0 0 0 0
0 0 0 0 0 0 0 0 0 0 0 0 0 0 0 0 0 0 0 0 0 0 0 0 0 0 0 0 0 0 0 0 0 0 0 0 0 0 0.2689137755594656 0 0 0.05870416037262469 0 0 0 0 0 0.3140177958332665 0 0 0 0 0 0 0 0 0 0 0 0 0 0 0 0 0.1347138919695713 0 0 0 0 0 0 0 0 0 0 0 0 0 0 0 0 0 0 0.3513207141849661 0 0 0 0 0 0 0 0 0 0 0 0 0 0 0 0
0.2581000099150743 0 0 0 0 0 0 0 0 0 0 0 0 0 0 0 0 0 0 0 0 0 0 0 0 0 0 0 0 0 0 0 0 0 0 0 0 0 0 0 0 0 0 0 0 0 0.1727648011851851 0 0 0 0 0 0 0 0 0.03566380383985961 0 0 0 0 0.006200231788563874 0 0 0 0 0.107800744559575 0 0 0 0 0 0 0 0 0 0 0 0 0.2365342057477272 0 0 0 0 0 0 0 0 0 0.244660769746882 0 0 0 0 0 0.1981300107472893 0 0 0 0.04390743495529247 0
0.2988839779796141 0 0 0 0 0 0 0 0 0 0 0 0 0 0 0 0 0 0 0 0 0 0 0 0 0 0 0 0 0 0 0 0 0 0 0 0 0 0 0 0 0 0 0 0 0 0.2000644287076002 0 0 0 0 0 0 0 0 0.04129926056589168 0 0 0 0 0.007179968501246444 0 0 0 0 0.124835002423021 0 0 0 0 0 0 0 0 0 0 0 0 0.273910428617927 0 0 0 0 0 0 0 0 0 0.2833211209157403 0 0 0 0 0 0.2294377508500627 0 0 0 0.0508455184741646 0
