0 0 0 0 0 0 0 0 0 0 0 0 0 0 0 0 0 0.128643677404425 0 0
0 0 0 0 0 0 0 0 0 0 0 0.5181319640213738 0 0 0 0 0 0 0 0
0 0 0 0 0 0 0 0 0.589244115298592 0 0 0 0 0 0 0 0 0 0 0
0 0 0 0 0 0.553565170644186 0 0 0 0 0 0 0 0 0 0 0 0 0 0
0 0 0 0 0 0 0 0 0 0 0 0 0 0.2106809026032086 0 0 0 0 0 0
0.3601039291645395 0 0 0 0 0 0 0 0 0 0 0 0 0 0 0 0 0 0 0
0 0 0 0 0 0 0 0 0 0 0 0 0 0 0 0 0 0 0.3900370244030473 0
0 0 0 0 0 0 0 0 0 0 0 0 0 0 0 0.2306095268054205 0 0 0 0
0 0 0 0 0 0 0.1115892961505798 0 0 0 0 0 0 0 0 0 0 0 0 0
0 0 0 0 0 0 0 0 0 0 0 0 0 0 0.5433934846220275 0 0 0 0 0
0 0 0 0 0 0 0 0 0 0 0 0 0 0.2339367397910914 0 0 0 0 0 0
0 0 0 0 0 0 0 0 0 0 0 0 0 0.2098424538971401 0 0 0 0 0 0
0 0 0 0 0 0 0 0 0.2377269293655081 0 0 0 0 0 0 0 0 0 0 0
0 0 0 0 0 0 0 0.0448029853273588 0 0 0 0 0 0 0 0 0 0 0 0
0 0 0 0 0 0 0 0 0 0 0 0 0.4946386222047602 0 0 0 0 0 0 0
0 0 0 0 0 0 0 0 0 0 0 0 0.4533762211299436 0 0 0 0 0 0 0
0 0 0 0.1225039098351789 0 0 0 0 0 0 0 0 0 0 0 0 0 0 0 0
0 0 0 0 0 0 0 0 0 0 0.5315635083877034 0 0 0 0 0 0 0 0 0
0 0 0 0.3793965616461663 0 0 0 0 0 0 0 0 0 0 0 0 0 0 0 0
0 0 0 0 0 0 0 0 0.3178596385857056 0 0 0 0 0 0 0 0 0 0 0
0 0 0 0.2807040212526817 0 0 0 0 0 0 0 0 0 0 0 0 0 0 0 0
0 0 0 0 0 0.767865906441956 0 0 0 0 0 0 0 0 0 0 0 0 0 0
0 0 0 0 0 0 0 0 0 0 0 0 0 0 0 0 0.4692176380653803 0 0 0
0 0 0 0 0 0 0 0 0 0 0 0 0.1017265942400581 0 0 0 0 0 0 0
0 0 0 0 0 0 0 0 0 0 0.1803271258733428 0 0 0 0 0 0 0 0 0
0 0 0 0 0 0 0 0 0 0 0 0 0 0 0 0 0 0.4685692802993194 0 0
0 0 0 0 0 0 0 0 0 0 0 0 0.08724072211866372 0 0 0 0 0 0 0
0 0 0 0 0 0 0 0 0 0.6681967259888741 0 0 0 0 0 0 0 0 0 0
0 0 0 0 0 0 0 0 0 0 0 0 0 0 0 0 0 0 0.7334888203089622 0
0 0 0 0.5239024081128388 0 0 0 0 0 0 0 0 0 0 0 0 0 0 0 0
0 0 0 0 0 0 0 0 0 0 0 0.2703511319758427 0 0 0 0 0 0 0 0
0 0 0 0 0 0 0 0 0.3830440583512595 0 0 0 0 0 0 0 0 0 0 0
0 0 0 0 0 0 0 0 0 0 0 0 0 0 0 0 0.8260827297128288 0 0 0
0 0 0 0 0 0 0 0 0 0 0 0.5334180606561612 0 0 0 0 0 0 0 0
0 0.8972684575196852 0 0 0 0 0 0 0 0 0 0 0 0 0 0 0 0 0 0
0 0.1805635662093401 0 0 0 0 0 0 0 0 0 0 0 0 0 0 0 0 0 0
0 0 0 0 0 0 0 0 0.06871802865728002 0 0 0 0 0 0 0 0 0 0 0
0 0 0 0 0 0 0 0 0 0 0 0 0.03356202253305264 0 0 0 0 0 0 0
0 0 0 0 0 0.05549614118282744 0 0 0 0 0 0 0 0 0 0 0 0 0 0
0 0 0 0 0 0 0 0 0 0 0 0 0 0 0.5194205152566956 0 0 0 0 0
0 0 0 0 0 0 0 0.1462439139814821 0 0 0 0 0 0 0 0 0 0 0 0
0 0 0 0 0 0 0 0 0 0 0 0 0 0 0.2644900221800116 0 0 0 0 0
0 0 0 0 0 0 0 0 0 0 0 0 0 0 0 0.6439108327944788 0 0 0 0
0 0 0 0 0 0 0 0 0 0 0.01730164479940783 0 0 0 0 0 0 0 0 0
0 0 0 0 0 0 0 0 0 0 0 0 0.2452201016808892 0 0 0 0 0 0 0
0 0 0 0 0.3579793526839477 0 0 0 0 0 0 0 0 0 0 0 0 0 0 0
0 0 0 0 0 0 0 0.3650684561630408 0 0 0 0 0 0 0 0 0 0 0 0
0 0 0 0 0 0 0 0 0 0 0 0 0 0 0 0 0 0 0 0.3993450356963736
0 0 0 0 0 0 0 0 0 0 0 0 0 0 0 0.7295190782676632 0 0 0 0
0 0 0 0 0 0 0 0 0 0 0 0 0 0 0 0 0 0.2476480091850143 0 0
0 0 0 0 0.7516445560613046 0 0 0 0 0 0 0 0 0 0 0 0 0 0 0
0.8215751337257338 0 0 0 0 0 0 0 0 0 0 0 0 0 0 0 0 0 0 0
0 0 0 0 0 0 0 0 0 0 0 0.2171061201584053 0 0 0 0 0 0 0 0
0 0 0 0 0 0 0 0 0 0 0 0 0 0 0 0 0 0 0 0.06396332519574391
0 0 0 0 0 0 0 0 0 0 0.0188843282469173 0 0 0 0 0 0 0 0 0
0 0 0 0 0 0 0 0 0 0 0 0.1041037382547327 0 0 0 0 0 0 0 0
0 0 0 0 0 0 0 0 0 0 0 0 0.6859767374634119 0 0 0 0 0 0 0
0 0 0 0 0 0 0 0 0 0 0 0 0 0 0 0 0 0.3152428478438977 0 0
0 0 0 0 0 0 0 0 0 0 0 0 0 0 0.6041281961372239 0 0 0 0 0
0 0 0 0 0 0 0 0 0 0.3579709019135985 0 0 0 0 0 0 0 0 0 0
0 0 0 0.3028029740456027 0 0 0 0 0 0 0 0 0 0 0 0 0 0 0 0
0 0 0.7279367860888315 0 0 0 0 0 0 0 0 0 0 0 0 0 0 0 0 0
0 0 0 0 0 0 0 0 0 0.3040215331896265 0 0 0 0 0 0 0 0 0 0
0 0 0 0 0 0 0 0 0 0 0 0 0 0 0 0 0 0.3681157600183347 0 0
0 0 0 0 0 0 0 0 0.171871666264072 0 0 0 0 0 0 0 0 0 0 0
0 0.3784553235789497 0 0 0 0 0 0 0 0 0 0 0 0 0 0 0 0 0 0
0.2515950304086493 0 0 0 0 0 0 0 0 0 0 0 0 0 0 0 0 0 0 0
0 0 0 0 0 0 0 0 0 0 0.5865823971279291 0 0 0 0 0 0 0 0 0
0 0 0.6740068127673801 0 0 0 0 0 0 0 0 0 0 0 0 0 0 0 0 0
0 0 0 0 0 0 0 0 0 0.5263215277348954 0 0 0 0 0 0 0 0 0 0
0 0 0.08332202537519827 0 0 0 0 0 0 0 0 0 0 0 0 0 0 0 0 0
0 0 0 0 0 0 0 0.6193115507697637 0 0 0 0 0 0 0 0 0 0 0 0
0 0 0 0.6293591337395856 0 0 0 0 0 0 0 0 0 0 0 0 0 0 0 0
0 0 0 0 0 0.1972033930589725 0 0 0 0 0 0 0 0 0 0 0 0 0 0
0.3444934941067483 0 0 0 0 0 0 0 0 0 0 0 0 0 0 0 0 0 0 0
0 0 0 0 0 0 0 0.5123704841890565 0 0 0 0 0 0 0 0 0 0 0 0
0 0.1381219814249796 0 0 0 0 0 0 0 0 0 0 0 0 0 0 0 0 0 0
0.09833491419163294 0 0 0 0 0 0 0 0 0 0 0 0 0 0 0 0 0 0 0
0 0 0 0 0 0 0 0 0 0 0 0 0 0.3717352224682779 0 0 0 0 0 0
0 0 0 0 0 0 0.4305531677178845 0 0 0 0 0 0 0 0 0 0 0 0 0
0 0 0 0 0 0 0 0 0 0 0 0 0 0 0 0 0 0 0 0.9145666927537683
0 0 0 0 0 0 0 0 0 0 0 0 0 0.8477418404049071 0 0 0 0 0 0
0.06077727936097295 0 0 0 0 0 0 0 0 0 0 0 0 0 0 0 0 0 0 0
0 0 0 0 0 0 0 0 0 0.2364878972817614 0 0 0 0 0 0 0 0 0 0
0 0 0 0 0 0 0 0 0 0 0 0 0 0 0 0 0 0 0.5566554320911489 0
0 0 0 0 0 0 0 0 0 0 0.5436649705883334 0 0 0 0 0 0 0 0 0
0 0 0 0 0 0 0 0 0.5605869620616025 0 0 0 0 0 0 0 0 0 0 0
0 0 0 0 0 0.2489549189182469 0 0 0 0 0 0 0 0 0 0 0 0 0 0
0 0 0 0 0 0 0.4225675977880065 0 0 0 0 0 0 0 0 0 0 0 0 0
0 0 0 0 0.5539686312377138 0 0 0 0 0 0 0 0 0 0 0 0 0 0 0
0 0 0.09423530065318141 0 0 0 0 0 0 0 0 0 0 0 0 0 0 0 0 0
0 0 0 0 0 0 0 0 0 0 0 0 0 0 0 0 0 0.1652615627234601 0 0
0 0 0 0 0 0 0 0.4441397555487344 0 0 0 0 0 0 0 0 0 0 0 0
0 0 0 0 0 0 0 0 0 0 0.04616703895647802 0 0 0 0 0 0 0 0 0
0 0 0 0 0 0 0 0 0 0 0 0 0 0 0 0 0 0.6636003672135331 0 0
0 0 0 0 0 0 0 0 0 0 0 0 0 0 0 0 0.3121251861009413 0 0 0
0 0 0 0 0 0 0 0 0 0 0.2061176729626633 0 0 0 0 0 0 0 0 0
0 0 0 0 0 0 0 0 0 0 0 0.562087226447736 0 0 0 0 0 0 0 0
0 0 0 0 0 0 0.5161253032915513 0 0 0 0 0 0 0 0 0 0 0 0 0
0 0 0 0 0 0 0.5976814330013865 0 0 0 0 0 0 0 0 0 0 0 0 0
