0 0 0 0 0 0 0 0 0 0 0 0 0 0 0 0 0 0 0 0 0 0 0.7205029232485015 0 0 0 0 0 0 0 0 0 0 0 0 0 0 0.4054868975175344 0 0 0 0 0 0 0.5625441436296074 0 0 0 0 0
0 0 0.3322191716956596 0 0 0 0 0.3554905570661885 0 0 0 0 0 0.4424604634855576 0 0.5347668281825237 0 0 0 0 0 0 0 0 0 0 0 0 0 0 0 0 0 0 0 0 0.5305752194763429 0 0 0 0 0 0 0 0 0 0 0 0 0
0 0 0 0 0 0 0.08285823143228825 0 0 0.6363711566585443 0 0.07619016751838233 0 0 0 0 0.3880608611259249 0 0 0 0 0 0 0 0 0 0.1920827631475716 0 0 0 0 0 0 0 0 0 0 0 0 0 0 0 0.1958963228388525 0 0 0.5967189030264139 0.02062727474654443 0 0 0
0 0 0 0.1904615353639599 0 0 0 0 0 0 0 0 0 0 0 0 0 0 0.7387938465580181 0 0 0 0 0 0 0 0 0 0 0 0.1210323263503904 0 0 0 0 0.02218996408822659 0 0 0 0 0 0 0 0 0 0 0 0 0.6346391394381428 0
0 0 0 0 0 0 0 0 0 0 0.7275119771640918 0 0 0 0 0 0 0 0 0 0 0 0 0 0 0 0 0 0 0 0 0 0 0 0 0 0 0 0 0 0.6860949810943044 0 0 0 0 0 0 0 0 0
0 0 0 0 0.23431245079385 0 0 0 0 0 0 0 0.3580239285119559 0 0.4908335881956403 0 0 0 0 0 0 0 0 0 0 0 0 0 0 0 0 0 0 0 0.101618664512206 0 0 0 0 0 0 0 0 0 0 0 0 0.6331777684226424 0 0.4059045347282002
0 0.8227334028045242 0 0 0 0 0 0 0 0 0 0 0 0 0 0 0 0 0 0 0 0 0 0 0 0 0 0.498842041636697 0 0 0 0 0 0 0 0 0 0 0 0.272518559744874 0 0 0 0 0 0 0 0 0 0
0 0 0 0 0 0 0 0 0.1360496159153987 0 0 0 0 0 0 0 0 0.01459235018346874 0 0 0 0 0 0.3987763977319047 0.02259138726860453 0.478165487252137 0 0 0.29154488453237 0.6472473845457594 0 0 0 0 0 0 0 0 0 0 0 0 0 0.298621414940805 0 0 0 0 0 0
0.491666083922369 0 0 0 0 0 0 0 0 0 0 0 0 0 0 0 0 0 0 0.3025652371300718 0.5337232722679852 0.4799520046503226 0 0 0 0 0 0 0 0 0 0 0 0 0 0 0 0 0.3892355084939659 0 0 0 0 0 0 0 0 0 0 0
0 0 0 0 0 0.665946855355938 0 0 0 0 0 0 0 0 0 0 0 0 0 0 0 0 0 0 0 0 0 0 0 0 0 0.3964772213329814 0.4660599621036067 0.3997800490916991 0 0 0 0 0 0 0 0.1492803499387611 0 0 0 0 0 0 0 0
