0 0 0 0 0 0 0 0 0.1582691891053371 0
0 0 0 0 0 0.5429531194572452 0 0 0 0
0 0 0 0 0.5739888726135453 0 0 0 0 0
0 0 0.5390036741845233 0 0 0 0 0 0 0
0 0 0 0 0 0 0.2040689973768757 0 0 0
0.3810149303178537 0 0 0 0 0 0 0 0 0
0 0 0 0 0 0 0 0 0 0.4201507587416597
0 0 0 0 0 0 0 0.1370383951614133 0 0
0 0 0 0.2730926951510232 0 0 0 0 0 0
0 0 0 0 0 0 0 0.5484377741803974 0 0
0 0 0 0 0 0 0.2265949848747992 0 0 0
0 0 0 0 0 0 0.2032568621302293 0 0 0
0 0 0 0 0.2315722951382252 0 0 0 0 0
0 0 0 0.1088890378539017 0 0 0 0 0 0
0 0 0 0 0 0 0.632505537078638 0 0 0
0 0 0 0 0 0 0.5797423762954161 0 0 0
0 0.1711680761272843 0 0 0 0 0 0 0 0
0 0 0 0 0 0.5291271034878426 0 0 0 0
0 0.530110260428865 0 0 0 0 0 0 0 0
0 0 0 0 0.3096304076090857 0 0 0 0 0
0 0.3922125207567557 0 0 0 0 0 0 0 0
0 0 0.7476672428137177 0 0 0 0 0 0 0
0 0 0 0 0 0 0 0 0.3662122072371051 0
0 0 0 0 0 0 0.1300800852108824 0 0 0
0 0 0 0 0 0.1795006020692762 0 0 0 0
0 0 0 0 0 0 0 0 0.5764766798410393 0
0 0 0 0 0 0 0.111556674553309 0 0 0
0 0 0 0 0.6142762411265343 0 0 0 0 0
0 0 0 0 0 0 0 0 0 0.790119565836088
0 0.7320204505780946 0 0 0 0 0 0 0 0
0 0 0 0 0 0.2833023257546525 0 0 0 0
0 0 0 0 0.3731272345468291 0 0 0 0 0
0 0 0 0 0 0 0 0 0.6447361634910128 0
0 0 0 0 0 0.5589714978405566 0 0 0 0
0.9063981317429006 0 0 0 0 0 0 0 0 0
0.1824007939891176 0 0 0 0 0 0 0 0 0
0 0 0 0 0.06693895241911754 0 0 0 0 0
0 0 0 0 0 0 0.04291651346005531 0 0 0
0 0 0.05403631873334369 0 0 0 0 0 0 0
0 0 0 0 0 0 0 0.524242265159227 0 0
0 0 0 0.3554307591130136 0 0 0 0 0 0
0 0 0 0 0 0 0 0.266945267402732 0 0
0 0 0 0 0 0 0 0.3826403374378305 0 0
0 0 0 0 0 0.01722234324559578 0 0 0 0
0 0 0 0 0 0 0.3135684622134959 0 0 0
0 0 0.3841208266895536 0 0 0 0 0 0 0
0 0 0 0.8872612539532811 0 0 0 0 0 0
0 0 0 0 0 0 0 0 0 0.4463008084373132
0 0 0 0 0 0 0 0.4335125487239159 0 0
0 0 0 0 0 0 0 0 0.3046791757518202 0
