0 0.880656443043726 0 0 0 0 0 0 0 0 0 0 0 0 0 0 0.2696877929622508 0 0 0 0 0 0 0 0.3692667934044741 0 0 0.1054063982758306 0 0 0 0 0.06514790974403709 0 0 0 0 0 0 0 0 0 0 0 0 0 0 0 0 0
0 0 0 0 0 0 0 0 0 0 0 0 0 0 0 0.9393926960857333 0 0 0 0 0 0 0 0 0 0 0.3428430581779034 0 0 0 0 0 0 0 0 0 0 0 0 0 0 0 0 0 0 0 0 0 0 0
0 0 0 0 0 0 0 0 0 0 0 0.7279367860888315 0 0 0 0 0 0 0.6740068127673801 0 0.08332202537519827 0 0 0 0 0 0 0 0 0 0 0 0 0 0 0 0 0 0 0 0.09423530065318141 0 0 0 0 0 0 0 0 0
0 0 0 0 0 0 0 0 0 0 0.4335577980241285 0 0 0 0 0 0 0 0 0 0 0 0.9011257602424142 0 0 0 0 0 0 0 0 0 0 0 0 0 0 0 0 0 0 0 0 0 0 0 0 0 0 0
0.8049917608772511 0 0 0 0 0 0 0 0 0 0 0 0 0 0 0 0 0 0 0 0 0 0 0 0 0 0 0 0 0 0 0 0 0 0 0 0 0 0 0.5932859891483556 0 0 0 0 0 0 0 0 0 0
0 0 0 0 0 0 0 0 0 0 0 0 0 0 0 0 0 0 0 0 0 0 0 0.6209237328531101 0 0 0 0 0 0 0 0 0 0 0 0 0 0.7838709829938595 0 0 0 0 0 0 0 0 0 0 0 0
0 0 0 0 0 0 0 0 0 0 0 0 0 0 0 0 0 0 0 0 0 0 0 0 0 0 0 0 0 0 0 0 0 0 0 0 0 0 0.4718049550413667 0 0 0 0 0 0 0 0 0 0.5762639558496065 0.6673229634794359
0 0 0 0 0 0 0 0 0 0 0 0 0 0 0 0 0 0 0 0 0 0.6743887141968652 0 0 0 0.5579370699532462 0 0 0 0 0 0 0 0 0 0 0 0 0 0 0 0 0.4836383857138361 0 0 0 0 0 0 0
0 0 0 0 0 0 0 0 0 0 0 0 0 0 0.2931249997561201 0 0 0 0 0 0 0 0 0 0 0 0 0 0 0 0 0 0 0 0 0 0.9560741260582124 0 0 0 0 0 0 0 0 0 0 0 0 0
0 0 0 0 0 0 0 0 0 0.4811536228509755 0 0 0.4086395328137703 0 0 0 0 0 0 0.7074360192416662 0 0 0 0 0 0 0 0 0 0 0 0 0 0.3178666420350361 0 0 0 0 0 0 0 0 0 0 0 0 0 0 0 0
0 0 0 0 0.02282316093329011 0 0 0 0 0 0 0 0 0 0 0 0 0.7089298742978182 0 0 0 0 0 0 0 0 0 0 0 0 0 0 0 0 0 0.6570608684243502 0 0 0 0 0 0 0 0.05579641203754099 0 0 0.2491090368538819 0 0 0
0 0 0.3550469557234968 0 0 0.1702472289579424 0 0 0 0 0 0 0 0 0 0 0 0 0 0 0 0 0 0 0 0 0 0 0 0 0 0 0 0 0 0 0 0 0 0 0 0 0 0 0 0 0 0.919215720200443 0 0
0 0 0 0 0 0 1 0 0 0 0 0 0 0 0 0 0 0 0 0 0 0 0 0 0 0 0 0 0 0 0 0 0 0 0 0 0 0 0 0 0 0 0 0 0 0 0 0 0 0
0 0 0 0 0 0 0 0 0 0 0 0 0 0 0 0 0 0 0 0 0 0 0 0 0 0 0 0 0.4015877672877041 0 0 0.9158205420085731 0 0 0 0 0 0 0 0 0 0 0 0 0 0 0 0 0 0
0 0 0 0 0 0 0 0 1 0 0 0 0 0 0 0 0 0 0 0 0 0 0 0 0 0 0 0 0 0 0 0 0 0 0 0 0 0 0 0 0 0 0 0 0 0 0 0 0 0
0 0 0 0 0 0 0 0 0 0 0 0 0 0 0 0 0 0 0 0 0 0 0 0 0 0 0 0 0 1 0 0 0 0 0 0 0 0 0 0 0 0 0 0 0 0 0 0 0 0
0 0 0 0 0 0 0 0 0 0 0 0 0 0 0 0 0 0 0 0 0 0 0 0 0 0 0 0 0 0 0 0 0 0 0 0 0 0 0 0 0 0 0 0 0 1 0 0 0 0
0 0 0 0 0 0 0 0.3760990755186646 0 0 0 0 0 0.4391788678907733 0 0 0 0 0 0 0 0 0 0 0 0 0 0 0 0 0 0 0 0 0 0 0 0 0 0 0 0.1971645713270583 0 0 0.7917054624073285 0 0 0 0 0
0 0 0 0 0 0 0 0 0 0 0 0 0 0 0 0 0 0 0 0 0 0 0 0 0 0 0 0 0 0 0 0 0 0 1 0 0 0 0 0 0 0 0 0 0 0 0 0 0 0
0 0 0 0.06976797080862172 0 0 0 0 0 0 0 0 0 0 0 0 0 0 0 0 0 0 0 0 0 0 0 0 0 0 0.9975632462401807 0 0 0 0 0 0 0 0 0 0 0 0 0 0 0 0 0 0 0
