0 0 0 0.1117783670648815 0 0 0 0 0 0 0 0 0 0 0 0 0 0 0 0 0 0 0 0 0 0 0 0 0.04341530632430875 0 0 0 0 0 0 0 0 0 0 0 0 0 0 0 0 0 0.06334394185903126 0 0 0 0 0 0 0 0 0 0 0 0 0 0 0 0 0 0 0 0 0 0 0 0 0 0 0 0 0 0 0 0 0 0 0 0 0 0 0 0 0 0.06879645071564616 0 0 0 0 0 0 0 0 0 0 0.2786562690599964
0 0 0 0 0 0 0 0 0 0 0 0 0 0 0 0 0 0 0 0 0 0 0 0 0 0 0 0 0 0 0 0 0 0 0 0 0 0 0.1240600074798893 0 0 0 0 0 0 0 0 0 0 0 0 0 0 0 0 0 0 0 0 0 0 0 0.009187186174724986 0 0 0 0 0 0 0 0 0 0 0 0.5937088842108879 0 0 0 0 0 0 0 0 0 0 0 0 0 0 0 0 0 0 0 0 0 0 0 0 0
0 0 0 0 0 0 0 0 0 0 0 0 0 0 0 0 0 0 0 0 0 0 0 0 0 0 0.2956607955803492 0 0 0 0 0.3430641723384149 0.1887151325362804 0 0 0 0 0 0 0 0 0 0 0 0 0 0 0 0 0 0.1541642819789678 0 0 0 0.03985157102812056 0.01835505109204935 0 0 0 0 0 0 0 0 0 0 0 0 0 0 0 0 0 0 0 0 0 0 0 0 0 0 0 0 0 0 0 0.1192922916826689 0 0 0.182885731502731 0 0 0 0 0 0 0 0.2897914748531247 0
0 0 0 0 0 0 0 0 0 0.2363640579540142 0 0 0 0 0 0 0 0 0 0 0 0 0 0 0 0 0 0 0 0 0.1896011608275978 0 0 0 0 0 0 0 0 0 0 0 0 0 0 0 0 0 0 0.2772479912071694 0 0 0 0 0 0 0 0.0230664210717668 0 0 0 0 0 0 0 0 0 0 0 0 0 0 0 0 0 0 0 0 0 0 0 0 0 0 0 0 0 0 0 0 0 0 0.08694372303588022 0 0 0 0 0 0 0
0 0 0 0.02004828498220131 0 0 0 0 0 0 0 0 0 0 0 0 0 0 0 0 0 0 0 0 0 0 0 0 0.007786859449056769 0 0 0 0 0 0 0 0 0 0 0 0 0 0 0 0 0 0.01136120907499675 0 0 0 0 0 0 0 0 0 0 0 0 0 0 0 0 0 0 0 0 0 0 0 0 0 0 0 0 0 0 0 0 0 0 0 0 0 0 0 0 0 0.01233915726207253 0 0 0 0 0 0 0 0 0 0 0.04997908308097804
0.2730715927970567 0 0 0 0 0 0 0 0 0 0 0.003870845328547594 0 0 0 0 0 0 0 0 0 0 0 0 0 0 0 0 0 0 0 0 0 0 0 0 0 0 0 0 0.2421572295636058 0 0 0 0 0 0 0 0 0 0 0 0 0 0 0 0 0 0 0 0 0 0 0.187378233420958 0 0 0 0 0 0 0 0 0 0 0 0 0 0 0 0 0 0 0 0 0 0 0 0 0 0.5544114427772571 0 0 0 0 0 0 0 0 0 0
0 0 0 0 0 0 0 0 0 0 0 0 0 0 0 0 0 0 0 0 0 0 0 0.1815194037486528 0 0 0 0 0 0 0 0 0 0 0 0 0 0 0 0 0 0 0 0.1420015004417706 0 0 0 0 0 0 0 0 0 0 0 0 0 0 0.1249230079681728 0.1682332498908329 0 0 0 0 0 0 0 0 0 0 0 0 0 0 0 0 0 0 0.1124290508545158 0 0 0 0 0 0 0 0 0 0 0 0 0 0 0 0 0 0 0 0 0
0 0 0 0 0 0 0 0 0 0 0 0 0 0 0 0.003018279294671407 0 0 0 0.009325054697509147 0 0 0.005876497268873696 0 0 0 0 0 0 0 0 0 0 0.003009098633851762 0 0 0 0 0 0 0 0 0.009457042541707714 0 0 0 0 0 0 0 0 0 0 0 0 0 0 0 0 0 0 0 0 0 0 0 0 0 0 0.01277553481228582 0.0005927037973684341 0 0 0 0 0 0 0 0 0 0 0 0 0.007867607803140246 0 0 0 0 0 0 0 0 0 0 0 0 0 0 0 0
0 0.1864439606813849 0 0 0 0 0 0 0 0 0 0 0 0 0 0 0 0 0 0 0 0 0 0 0 0 0 0 0 0 0 0 0 0 0 0 0 0 0 0 0 0 0 0 0 0 0 0 0 0 0 0 0 0 0 0 0 0 0 0 0 0 0 0 0 0 0 0 0 0 0 0 0 0 0 0 0 0 0 0 0 0 0 0 0.1331024298673204 0 0 0 0 0 0 0 0 0 0 0 0 0 0 0
0 0 0 0 0 0 0 0 0 0 0 0 0 0 0 0.05312743406604335 0 0 0 0.1641386300727017 0 0 0.1034374856371136 0 0 0 0 0 0 0 0 0 0 0.052965837041792 0 0 0 0 0 0 0 0 0.1664618661968596 0 0 0 0 0 0 0 0 0 0 0 0 0 0 0 0 0 0 0 0 0 0 0 0 0 0 0.224873617427127 0.0104327097797002 0 0 0 0 0 0 0 0 0 0 0 0 0.1384848034298054 0 0 0 0 0 0 0 0 0 0 0 0 0 0 0 0
0 0 0.2591780919768465 0 0 0 0 0 0 0 0 0 0 0 0 0 0 0 0 0 0 0.2324560596705682 0 0 0 0 0 0.1437437781633721 0 0 0 0 0 0 0 0 0 0 0 0 0 0 0 0 0 0.2790979083636844 0 0 0 0 0 0.1713584703483466 0 0 0 0 0 0 0 0 0 0 0 0 0 0.07741779102483794 0 0.1296493944690119 0 0 0 0 0 0 0 0 0.1861203299600267 0 0 0 0.2504736763168963 0.2526899789818419 0 0 0 0 0 0 0 0 0 0 0 0 0 0 0 0 0 0
0 0 0 0 0 0 0 0 0 0 0 0 0 0 0 0 0 0 0 0 0 0 0 0 0 0 0 0 0 0 0 0 0 0 0 0 0 0 0.08505429408146839 0 0 0 0 0 0 0 0 0 0 0 0 0 0 0 0 0 0 0 0 0 0 0 0.006298642492125675 0 0 0 0 0 0 0 0 0 0 0 0.4070408430745839 0 0 0 0 0 0 0 0 0 0 0 0 0 0 0 0 0 0 0 0 0 0 0 0 0
0 0 0 0 0 0 0 0 0 0.2560564012167005 0 0 0 0 0 0 0 0 0 0 0 0 0 0 0 0 0 0 0 0 0.2053975182532569 0 0 0 0 0 0 0 0 0 0 0 0 0 0 0 0 0 0 0.3003465225955753 0 0 0 0 0 0 0 0.02498816791229221 0 0 0 0 0 0 0 0 0 0 0 0 0 0 0 0 0 0 0 0 0 0 0 0 0 0 0 0 0 0 0 0 0 0 0.09418731858665373 0 0 0 0 0 0 0
0 0 0 0 0 0 0 0 0 0 0 0 0 0 0 0 0 0 0 0 0 0 0 0 0 0 0.3091038047789407 0 0 0 0 0.3586625029030066 0.1972955709999562 0 0 0 0 0 0 0 0 0 0 0 0 0 0 0 0 0 0.1611737735710795 0 0 0 0.04166352933952866 0.01918961260429415 0 0 0 0 0 0 0 0 0 0 0 0 0 0 0 0 0 0 0 0 0 0 0 0 0 0 0 0 0 0 0 0.1247162349256795 0 0 0.1912011206501373 0 0 0 0 0 0 0 0.3029676196797568 0
0 0.3161330905348122 0 0 0 0 0 0 0 0 0 0 0 0 0 0 0 0 0 0 0 0 0 0 0 0 0 0 0 0 0 0 0 0 0 0 0 0 0 0 0 0 0 0 0 0 0 0 0 0 0 0 0 0 0 0 0 0 0 0 0 0 0 0 0 0 0 0 0 0 0 0 0 0 0 0 0 0 0 0 0 0 0 0 0.2256875597250186 0 0 0 0 0 0 0 0 0 0 0 0 0 0 0
0 0 0 0 0 0 0 0 0 0 0 0 0 0 0 0 0 0 0 0 0 0 0 0 0 0 0 0 0 0 0 0 0 0 0 0 0 0 0.03478669415009035 0 0 0 0 0 0 0 0 0 0 0 0 0 0 0 0 0 0 0 0 0 0 0 0.002576106853869923 0 0 0 0 0 0 0 0 0 0 0 0.1664772539416745 0 0 0 0 0 0 0 0 0 0 0 0 0 0 0 0 0 0 0 0 0 0 0 0 0
0 0 0 0 0 0 0 0 0 0 0 0 0 0 0 0 0 0 0 0 0 0 0 0 0 0 0.1755960690003272 0 0 0 0 0.203749435089054 0.1120799102539147 0 0 0 0 0 0 0 0 0 0 0 0 0 0 0 0 0 0.0915597952127135 0 0 0 0.02366826891028767 0.01090125869321799 0 0 0 0 0 0 0 0 0 0 0 0 0 0 0 0 0 0 0 0 0 0 0 0 0 0 0 0 0 0 0 0.07084895188893729 0 0 0.1086177674151645 0 0 0 0 0 0 0 0.1721102174339071 0
0 0 0 0 0 0 0 0 0 0 0 0 0 0 0 0 0.0591674442393603 0 0 0 0 0 0 0 0 0 0 0 0 0 0 0 0 0 0 0.355699077946197 0 0 0 0.3380815888710721 0 0 0 0 0 0 0 0 0 0 0 0 0 0 0 0 0 0 0 0 0 0 0 0 0 0 0 0 0 0 0 0 0 0 0 0 0 0 0 0 0 0 0 0 0 0 0 0 0 0 0 0 0 0.1348614981912716 0 0 0 0.2509586357715345 0 0
0 0 0 0 0 0 0 0 0 0 0 0 0 0 0 0 0 0 0 0 0 0 0 0 0 0 0 0 0 0 0 0 0 0 0 0 0 0 0 0 0 0 0 0 0 0 0 0.3489548507351456 0 0 0 0 0 0 0 0 0 0 0 0 0 0 0 0 0 0 0 0 0 0 0 0 0 0.3038774274259914 0 0.3631403312858925 0 0 0 0 0 0 0 0 0 0 0.2979263237304265 0 0 0 0 0 0 0 0 0 0 0 0 0
0 0 0 0 0 0 0.1522820079551375 0 0 0 0 0 0 0 0 0 0 0 0 0 0 0 0 0 0 0 0 0 0 0 0 0 0 0 0.2047002259407043 0 0.2780466757316024 0.2191678456528398 0 0 0 0.3733908241427142 0 0 0 0 0 0 0 0 0 0 0.2137223953623356 0 0 0 0 0 0 0 0 0 0 0 0 0 0 0 0 0 0 0.1395569967249797 0 0 0 0 0 0 0 0.1948828581224069 0 0 0 0 0 0 0 0 0 0 0 0 0 0 0 0 0 0 0 0
0 0 0 0 0 0 0 0.02098174039999326 0.02419635093577593 0 0 0 0 0 0 0 0 0.00373302352963706 0.009945448619335337 0 0 0 0 0 0 0.03572811907186004 0 0 0 0 0 0 0 0 0 0 0 0 0 0 0 0 0 0 0 0 0 0 0 0 0 0 0 0.01731034114919777 0 0 0.03332659511441977 0 0 0 0 0 0 0 0 0 0 0 0 0 0 0 0 0 0 0 0 0 0 0 0 0 0.03789931045651487 0 0 0 0 0 0 0 0 0 0 0 0 0 0.0289624385816693 0 0 0
0 0 0 0 0.1221482526192518 0 0 0 0 0 0 0 0 0 0.3771923326292768 0 0 0 0 0 0 0 0 0 0 0 0 0 0 0 0 0 0 0 0 0 0 0 0 0 0 0 0 0 0 0 0 0 0 0 0 0 0 0 0 0 0 0 0 0 0 0 0 0 0 0 0.1769890218388435 0 0 0 0 0 0 0 0 0 0 0.1079023362034794 0 0 0 0 0 0 0 0 0 0 0 0 0 0 0 0 0 0 0 0 0 0
0 0 0 0 0 0.5303075763150132 0 0 0 0 0 0 0.0798261318180916 0 0 0 0 0 0 0 0 0 0 0 0.1354433036214308 0 0 0 0 0 0 0 0 0 0 0 0 0 0 0 0 0 0 0 0 0 0 0 0 0 0 0 0 0 0 0 0 0 0 0 0 0.3444390318535258 0 0 0 0 0 0 0 0 0 0 0 0 0 0 0 0 0 0 0 0 0 0 0 0 0 0 0 0 0 0 0 0 0 0 0 0 0 0
0 0.3043245826956425 0 0 0 0 0 0 0 0 0 0 0 0 0 0 0 0 0 0 0 0 0 0 0 0 0 0 0 0 0 0 0 0 0 0 0 0 0 0 0 0 0 0 0 0 0 0 0 0 0 0 0 0 0 0 0 0 0 0 0 0 0 0 0 0 0 0 0 0 0 0 0 0 0 0 0 0 0 0 0 0 0 0 0.2172574605104522 0 0 0 0 0 0 0 0 0 0 0 0 0 0 0
0 0 0 0 0 0 0 0 0 0 0 0 0 0 0 0 0 0 0 0 0 0 0 0 0 0 0 0 0 0 0 0 0 0 0 0 0 0 0.08742523213433935 0 0 0 0 0 0 0 0 0 0 0 0 0 0 0 0 0 0 0 0 0 0 0 0.006474220825086814 0 0 0 0 0 0 0 0 0 0 0 0.4183873439695749 0 0 0 0 0 0 0 0 0 0 0 0 0 0 0 0 0 0 0 0 0 0 0 0 0
0 0 0 0 0.06103156692707259 0 0 0 0 0 0 0 0 0 0.1884647434540054 0 0 0 0 0 0 0 0 0 0 0 0 0 0 0 0 0 0 0 0 0 0 0 0 0 0 0 0 0 0 0 0 0 0 0 0 0 0 0 0 0 0 0 0 0 0 0 0 0 0 0 0.08843284369679143 0 0 0 0 0 0 0 0 0 0 0.05391357233834228 0 0 0 0 0 0 0 0 0 0 0 0 0 0 0 0 0 0 0 0 0 0
0 0 0 0 0.1209152406004546 0 0 0 0 0 0 0 0 0 0.3733848063687107 0 0 0 0 0 0 0 0 0 0 0 0 0 0 0 0 0 0 0 0 0 0 0 0 0 0 0 0 0 0 0 0 0 0 0 0 0 0 0 0 0 0 0 0 0 0 0 0 0 0 0 0.1752024257439923 0 0 0 0 0 0 0 0 0 0 0.1068131280114482 0 0 0 0 0 0 0 0 0 0 0 0 0 0 0 0 0 0 0 0 0 0
0.02982532864365985 0 0 0 0 0 0 0 0 0 0 0.0004227800953961104 0 0 0 0 0 0 0 0 0 0 0 0 0 0 0 0 0 0 0 0 0 0 0 0 0 0 0 0 0.02644881102861671 0 0 0 0 0 0 0 0 0 0 0 0 0 0 0 0 0 0 0 0 0 0 0.02046575894330344 0 0 0 0 0 0 0 0 0 0 0 0 0 0 0 0 0 0 0 0 0 0 0 0 0 0.06055372994043463 0 0 0 0 0 0 0 0 0 0
0 0 0 0 0 0.1956140883807089 0 0 0 0 0 0 0.02944539490282258 0 0 0 0 0 0 0 0 0 0 0 0.04996085205737173 0 0 0 0 0 0 0 0 0 0 0 0 0 0 0 0 0 0 0 0 0 0 0 0 0 0 0 0 0 0 0 0 0 0 0 0 0.1270529221682061 0 0 0 0 0 0 0 0 0 0 0 0 0 0 0 0 0 0 0 0 0 0 0 0 0 0 0 0 0 0 0 0 0 0 0 0 0 0
0 0 0 0 0 0 0 0 0 0 0 0 0 0 0 0.02107115443834151 0 0 0 0.06509989583273093 0 0 0.04102489180757217 0 0 0 0 0 0 0 0 0 0 0.02100706258232332 0 0 0 0 0 0 0 0 0.06602132687922213 0 0 0 0 0 0 0 0 0 0 0 0 0 0 0 0 0 0 0 0 0 0 0 0 0 0 0.08918832247808582 0.004137772562198021 0 0 0 0 0 0 0 0 0 0 0 0 0.0549251950848097 0 0 0 0 0 0 0 0 0 0 0 0 0 0 0 0
0 0 0 0 0 0 0 0 0 0 0 0 0 0 0 0 0 0 0 0 0 0 0 0 0 0 0 0 0 0 0 0 0 0 0 0 0 0 0.05459890314958182 0 0 0 0 0 0 0 0 0 0 0 0 0 0 0 0 0 0 0 0 0 0 0 0.004043287586068379 0 0 0 0 0 0 0 0 0 0 0 0.2612917291120695 0 0 0 0 0 0 0 0 0 0 0 0 0 0 0 0 0 0 0 0 0 0 0 0 0
0 0 0 0 0 0 0 0 0 0 0.5208719063774032 0 0 0 0 0 0 0 0 0 0 0 0 0 0 0 0 0 0 0 0 0 0 0 0 0 0 0 0 0 0 0 0 0 0 0 0 0 0 0 0 0 0 0 0 0 0 0 0 0 0 0 0 0 0 0 0 0 0 0 0 0 0 0 0 0 0 0 0 0 0 0 0 0 0 0 0 0 0 0 0 0 0 0 0.06678993582074062 0 0 0 0 0
0 0 0 0 0 0 0 0 0 0 0 0 0 0 0 0 0 0 0 0 0 0 0 0 0 0 0 0 0 0.008673476713304481 0 0 0 0 0 0 0 0 0 0 0 0 0 0 0.03932322953694805 0 0 0 0 0 0 0 0 0 0 0 0 0 0 0 0.1708795309381822 0 0 0 0.1585433422028914 0 0 0 0.06927799938141427 0 0 0 0 0 0 0 0 0 0 0 0 0 0 0 0 0 0 0 0 0 0 0.1700496471119268 0 0 0 0 0 0 0 0
0 0 0 0 0.1343283454925154 0 0 0 0 0 0 0 0 0 0.4148043126944212 0 0 0 0 0 0 0 0 0 0 0 0 0 0 0 0 0 0 0 0 0 0 0 0 0 0 0 0 0 0 0 0 0 0 0 0 0 0 0 0 0 0 0 0 0 0 0 0 0 0 0 0.194637597870994 0 0 0 0 0 0 0 0 0 0 0.1186618882070366 0 0 0 0 0 0 0 0 0 0 0 0 0 0 0 0 0 0 0 0 0 0
0 0 0 0 0 0 0 0 0 0 0 0 0 0 0 0 0.06418130573766218 0 0 0 0 0 0 0 0 0 0 0 0 0 0 0 0 0 0 0.3858410915961548 0 0 0 0.3667306928423022 0 0 0 0 0 0 0 0 0 0 0 0 0 0 0 0 0 0 0 0 0 0 0 0 0 0 0 0 0 0 0 0 0 0 0 0 0 0 0 0 0 0 0 0 0 0 0 0 0 0 0 0 0 0.1462896895231308 0 0 0 0.2722249226246721 0 0
0 0 0 0 0.1187048249857172 0 0 0 0 0 0 0 0 0 0.3665590695781743 0 0 0 0 0 0 0 0 0 0 0 0 0 0 0 0 0 0 0 0 0 0 0 0 0 0 0 0 0 0 0 0 0 0 0 0 0 0 0 0 0 0 0 0 0 0 0 0 0 0 0 0.1719996022150373 0 0 0 0 0 0 0 0 0 0 0.1048605089301563 0 0 0 0 0 0 0 0 0 0 0 0 0 0 0 0 0 0 0 0 0 0
0 0 0 0 0.0903160159071138 0 0 0 0 0 0 0 0 0 0.2788947691292465 0 0 0 0 0 0 0 0 0 0 0 0 0 0 0 0 0 0 0 0 0 0 0 0 0 0 0 0 0 0 0 0 0 0 0 0 0 0 0 0 0 0 0 0 0 0 0 0 0 0 0 0.1308651001468531 0 0 0 0 0 0 0 0 0 0 0.07978263220305966 0 0 0 0 0 0 0 0 0 0 0 0 0 0 0 0 0 0 0 0 0 0
0 0 0 0 0 0.4399085619072085 0 0 0 0 0 0 0.06621855017559133 0 0 0 0 0 0 0 0 0 0 0 0.1123549267956747 0 0 0 0 0 0 0 0 0 0 0 0 0 0 0 0 0 0 0 0 0 0 0 0 0 0 0 0 0 0 0 0 0 0 0 0 0.2857241456369253 0 0 0 0 0 0 0 0 0 0 0 0 0 0 0 0 0 0 0 0 0 0 0 0 0 0 0 0 0 0 0 0 0 0 0 0 0 0
0 0 0 0 0 0 0 0 0 0.2012783386487895 0 0 0 0 0 0 0 0 0 0 0 0 0 0 0 0 0 0 0 0 0.1614568940286409 0 0 0 0 0 0 0 0 0 0 0 0 0 0 0 0 0 0 0.2360934887771736 0 0 0 0 0 0 0 0.01964245728427089 0 0 0 0 0 0 0 0 0 0 0 0 0 0 0 0 0 0 0 0 0 0 0 0 0 0 0 0 0 0 0 0 0 0 0.07403785617865448 0 0 0 0 0 0 0
0 0 0 0 0 0 0 0 0 0 0 0 0 0 0 0 0 0 0 0 0 0 0 0 0 0 0 0 0 0.00830408872500737 0 0 0 0 0 0 0 0 0 0 0 0 0 0 0.03764852294210383 0 0 0 0 0 0 0 0 0 0 0 0 0 0 0 0.1636020748198547 0 0 0 0.151791262480997 0 0 0 0.06632757227235254 0 0 0 0 0 0 0 0 0 0 0 0 0 0 0 0 0 0 0 0 0 0 0.1628075342737202 0 0 0 0 0 0 0 0
0 0 0 0 0 0 0 0 0 0 0 0 0 0 0 0 0 0 0 0 0 0 0 0 0 0 0 0 0 0 0 0 0 0 0 0 0 0 0 0 0 0 0 0 0 0 0 0 0.1620589874249689 0 0 0 0 0 0 0 0 0 0 0 0 0 0 0 0 0 0 0 0 0 0 0 0 0 0 0 0 0 0 0 0 0 0 0 0 0.02183910320851635 0 0 0 0 0 0 0 0 0 0 0 0 0 0
0 0 0 0 0 0 0 0 0 0 0 0 0 0 0 0 0 0 0 0 0 0 0 0 0 0 0 0 0 0 0 0 0 0 0 0 0 0 0 0 0 0 0 0 0 0 0 0.0669160223348651 0 0 0 0 0 0 0 0 0 0 0 0 0 0 0 0 0 0 0 0 0 0 0 0 0 0.05827191878221678 0 0.06963624797828231 0 0 0 0 0 0 0 0 0 0 0.05713072763106765 0 0 0 0 0 0 0 0 0 0 0 0 0
0 0 0 0 0 0 0 0 0 0 0 0 0 0 0 0 0 0 0 0 0 0 0 0 0 0 0 0 0 0 0 0 0 0 0 0 0 0 0 0 0 0 0 0 0 0 0 0.3015200868529861 0 0 0 0 0 0 0 0 0 0 0 0 0 0 0 0 0 0 0 0 0 0 0 0 0 0.2625702096334799 0 0.3137772809246596 0 0 0 0 0 0 0 0 0 0 0.2574280621626034 0 0 0 0 0 0 0 0 0 0 0 0 0
0 0 0 0.05671418316479893 0 0 0 0 0 0 0 0 0 0 0 0 0 0 0 0 0 0 0 0 0 0 0 0 0.02202808736330424 0 0 0 0 0 0 0 0 0 0 0 0 0 0 0 0 0 0.03213949188297064 0 0 0 0 0 0 0 0 0 0 0 0 0 0 0 0 0 0 0 0 0 0 0 0 0 0 0 0 0 0 0 0 0 0 0 0 0 0 0 0 0 0.03490598949893824 0 0 0 0 0 0 0 0 0 0 0.1413848054723761
0 0 0 0 0 0 0 0 0 0 0 0 0 0 0 0 0 0 0 0 0 0 0 0 0 0 0 0 0 0 0 0 0 0 0 0 0 0 0 0 0 0 0 0 0 0 0 0 0 0 0 0 0 0 0 0 0 0 0 0 0 0 0 0 0 0 0 0 0 0 0 0 0 0 0 0 0 0 0 0 0 0 0 0 0 0 0 0 0 0 0 0 0 0 0 0.5929696792470257 0 0 0 0
0 0 0 0 0 0 0 0 0 0 0 0 0 0 0 0.07969044741043295 0 0 0 0.246205771044182 0 0 0.1551548583954736 0 0 0 0 0 0 0 0 0 0 0.07944805401445645 0 0 0 0 0 0 0 0 0.2496905944584669 0 0 0 0 0 0 0 0 0 0 0 0 0 0 0 0 0 0 0 0 0 0 0 0 0 0 0.3373074476228866 0.0156489264852129 0 0 0 0 0 0 0 0 0 0 0 0 0.2077253708723853 0 0 0 0 0 0 0 0 0 0 0 0 0 0 0 0
0 0 0 0.2227102260522902 0 0 0 0 0 0 0 0 0 0 0 0 0 0 0 0 0 0 0 0 0 0 0 0 0.08650182445413479 0 0 0 0 0 0 0 0 0 0 0 0 0 0 0 0 0 0.1262081740940033 0 0 0 0 0 0 0 0 0 0 0 0 0 0 0 0 0 0 0 0 0 0 0 0 0 0 0 0 0 0 0 0 0 0 0 0 0 0 0 0 0 0.1370718994452957 0 0 0 0 0 0 0 0 0 0 0.5552022480093776
0 0.4605046080873699 0 0 0 0 0 0 0 0 0 0 0 0 0 0 0 0 0 0 0 0 0 0 0 0 0 0 0 0 0 0 0 0 0 0 0 0 0 0 0 0 0 0 0 0 0 0 0 0 0 0 0 0 0 0 0 0 0 0 0 0 0 0 0 0 0 0 0 0 0 0 0 0 0 0 0 0 0 0 0 0 0 0 0.328754452960121 0 0 0 0 0 0 0 0 0 0 0 0 0 0 0
0 0 0.2402947105019139 0 0 0 0 0 0 0 0 0 0 0 0 0 0 0 0 0 0 0.2155196110014762 0 0 0 0 0 0.1332707918974282 0 0 0 0 0 0 0 0 0 0 0 0 0 0 0 0 0 0.2587631947608152 0 0 0 0 0 0.1588735132292169 0 0 0 0 0 0 0 0 0 0 0 0 0 0.07177723062979023 0 0.1202033068190917 0 0 0 0 0 0 0 0 0.1725598427904958 0 0 0 0.2322244873393677 0.2342793130508915 0 0 0 0 0 0 0 0 0 0 0 0 0 0 0 0 0 0
0 0 0 0 0 0 0.1497030610756885 0 0 0 0 0 0 0 0 0 0 0 0 0 0 0 0 0 0 0 0 0 0 0 0 0 0 0 0.2012335589588254 0 0.2733378620224317 0.2154561646787586 0 0 0 0.3670673253021851 0 0 0 0 0 0 0 0 0 0 0.2101029349153047 0 0 0 0 0 0 0 0 0 0 0 0 0 0 0 0 0 0 0.1371935521786273 0 0 0 0 0 0 0 0.1915824515572337 0 0 0 0 0 0 0 0 0 0 0 0 0 0 0 0 0 0 0 0
0 0 0 0 0 0 0 0 0 0 0.5338298575118589 0 0 0 0 0 0 0 0 0 0 0 0 0 0 0 0 0 0 0 0 0 0 0 0 0 0 0 0 0 0 0 0 0 0 0 0 0 0 0 0 0 0 0 0 0 0 0 0 0 0 0 0 0 0 0 0 0 0 0 0 0 0 0 0 0 0 0 0 0 0 0 0 0 0 0 0 0 0 0 0 0 0 0 0.06845149735639294 0 0 0 0 0
0 0 0 0 0 0 0 0 0 0 0 0 0 0 0 0.0804419873929576 0 0 0 0.2485276739432211 0 0 0.1566180837048585 0 0 0 0 0 0 0 0 0 0 0.08019730804760455 0 0 0 0 0 0 0 0 0.2520453618251177 0 0 0 0 0 0 0 0 0 0 0 0 0 0 0 0 0 0 0 0 0 0 0 0 0 0 0.3404885068530643 0.01579650746034101 0 0 0 0 0 0 0 0 0 0 0 0 0.2096843750776362 0 0 0 0 0 0 0 0 0 0 0 0 0 0 0 0
0 0 0 0.1702579242188388 0 0 0 0 0 0 0 0 0 0 0 0 0 0 0 0 0 0 0 0 0 0 0 0 0.06612907424037853 0 0 0 0 0 0 0 0 0 0 0 0 0 0 0 0 0 0.09648385761886696 0 0 0 0 0 0 0 0 0 0 0 0 0 0 0 0 0 0 0 0 0 0 0 0 0 0 0 0 0 0 0 0 0 0 0 0 0 0 0 0 0 0.1047889784046559 0 0 0 0 0 0 0 0 0 0 0.4244420381734759
0 0 0 0 0 0 0 0.1218359856773686 0.1405024659468538 0 0 0 0 0 0 0 0 0.02167678145947735 0.05775085919663435 0 0 0 0 0 0 0.2074647060031234 0 0 0 0 0 0 0 0 0 0 0 0 0 0 0 0 0 0 0 0 0 0 0 0 0 0 0 0.1005170417762247 0 0 0.1935196264766108 0 0 0 0 0 0 0 0 0 0 0 0 0 0 0 0 0 0 0 0 0 0 0 0 0 0.2200722989577916 0 0 0 0 0 0 0 0 0 0 0 0 0 0.1681780054918162 0 0 0
0 0 0 0 0 0 0 0 0 0 0.1867117764787083 0 0 0 0 0 0 0 0 0 0 0 0 0 0 0 0 0 0 0 0 0 0 0 0 0 0 0 0 0 0 0 0 0 0 0 0 0 0 0 0 0 0 0 0 0 0 0 0 0 0 0 0 0 0 0 0 0 0 0 0 0 0 0 0 0 0 0 0 0 0 0 0 0 0 0 0 0 0 0 0 0 0 0 0.02394152461537019 0 0 0 0 0
0 0 0 0 0.03135331482659651 0 0 0 0 0 0 0 0 0 0.09681865848681076 0 0 0 0 0 0 0 0 0 0 0 0 0 0 0 0 0 0 0 0 0 0 0 0 0 0 0 0 0 0 0 0 0 0 0 0 0 0 0 0 0 0 0 0 0 0 0 0 0 0 0 0.04542997876410078 0 0 0 0 0 0 0 0 0 0 0.02769663785578986 0 0 0 0 0 0 0 0 0 0 0 0 0 0 0 0 0 0 0 0 0 0
0 0 0 0 0 0 0 0 0 0 0 0 0 0 0 0 0.04293010923628818 0 0 0 0 0 0 0 0 0 0 0 0 0 0 0 0 0 0 0.2580845001467706 0 0 0 0.2453017825528764 0 0 0 0 0 0 0 0 0 0 0 0 0 0 0 0 0 0 0 0 0 0 0 0 0 0 0 0 0 0 0 0 0 0 0 0 0 0 0 0 0 0 0 0 0 0 0 0 0 0 0 0 0 0.09785142697222179 0 0 0 0.18208800102768 0 0
0 0 0 0 0 0 0 0 0 0 0 0 0 0 0 0 0 0 0 0 0 0 0 0 0 0 0 0 0 0 0 0 0 0 0 0 0 0 0 0 0 0 0 0 0 0 0 0 0.9762846334730261 0 0 0 0 0 0 0 0 0 0 0 0 0 0 0 0 0 0 0 0 0 0 0 0 0 0 0 0 0 0 0 0 0 0 0 0 0.1315643224117847 0 0 0 0 0 0 0 0 0 0 0 0 0 0
0 0 0 0 0 0 0 0 0 0 0 0 0 0.3798521949660933 0 0 0 0 0 0 0.3983961859449116 0 0 0 0 0 0 0 0 0 0 0 0 0 0 0 0 0 0 0 0 0 0 0 0 0 0 0 0 0 0 0 0 0 0 0 0 0 0 0 0 0 0 0 0 0 0 0 0 0 0 0 0.1725294448891433 0 0 0 0 0 0 0 0 0 0 0 0 0 0 0 0 0 0 0 0 0 0 0 0 0 0 0
0 0 0 0 0 0 0 0 0 0 0 0 0 0.2054677392478005 0 0 0 0 0 0 0.2154984616012399 0 0 0 0 0 0 0 0 0 0 0 0 0 0 0 0 0 0 0 0 0 0 0 0 0 0 0 0 0 0 0 0 0 0 0 0 0 0 0 0 0 0 0 0 0 0 0 0 0 0 0 0.09332375978033922 0 0 0 0 0 0 0 0 0 0 0 0 0 0 0 0 0 0 0 0 0 0 0 0 0 0 0
0.01265337638246424 0 0 0 0 0 0 0 0 0 0 0.0001793641819668035 0 0 0 0 0 0 0 0 0 0 0 0 0 0 0 0 0 0 0 0 0 0 0 0 0 0 0 0 0.01122089096861974 0 0 0 0 0 0 0 0 0 0 0 0 0 0 0 0 0 0 0 0 0 0 0.008682584991983013 0 0 0 0 0 0 0 0 0 0 0 0 0 0 0 0 0 0 0 0 0 0 0 0 0 0.02568988075379653 0 0 0 0 0 0 0 0 0 0
0 0 0 0 0 0 0 0 0 0 0 0 0 0 0 0 0 0 0 0 0 0 0 0 0 0 0 0 0 0.01315907185530624 0 0 0 0 0 0 0 0 0 0 0 0 0 0 0.05965972125868033 0 0 0 0 0 0 0 0 0 0 0 0 0 0 0 0.25925198170733 0 0 0 0.2405359812666642 0 0 0 0.1051059686888317 0 0 0 0 0 0 0 0 0 0 0 0 0 0 0 0 0 0 0 0 0 0 0.2579929132550563 0 0 0 0 0 0 0 0
0 0 0 0 0 0 0 0 0 0.05681191119276367 0 0 0 0 0 0 0 0 0 0 0 0 0 0 0 0 0 0 0 0 0.04557209080019286 0 0 0 0 0 0 0 0 0 0 0 0 0 0 0 0 0 0 0.06663867760257466 0 0 0 0 0 0 0 0.005544190926520063 0 0 0 0 0 0 0 0 0 0 0 0 0 0 0 0 0 0 0 0 0 0 0 0 0 0 0 0 0 0 0 0 0 0 0.02089758956856147 0 0 0 0 0 0 0
0 0 0 0 0 0 0 0 0 0 0 0 0 0 0 0.01452790323342233 0 0 0 0.0448843460348264 0 0 0.02828538227870062 0 0 0 0 0 0 0 0 0 0 0.01448371389937291 0 0 0 0 0 0 0 0 0.04551964397822417 0 0 0 0 0 0 0 0 0 0 0 0 0 0 0 0 0 0 0 0 0 0 0 0 0 0 0.0614925642685803 0.002852865017976408 0 0 0 0 0 0 0 0 0 0 0 0 0.03786920748001336 0 0 0 0 0 0 0 0 0 0 0 0 0 0 0 0
0 0 0.07095239804131057 0 0 0 0 0 0 0 0 0 0 0 0 0 0 0 0 0 0 0.06363699472845186 0 0 0 0 0 0.03935118777369708 0 0 0 0 0 0 0 0 0 0 0 0 0 0 0 0 0 0.07640563187912662 0 0 0 0 0 0.04691096497844482 0 0 0 0 0 0 0 0 0 0 0 0 0 0.02119383579984072 0 0.0354927199749661 0 0 0 0 0 0 0 0 0.05095216047845429 0 0 0 0.06856948380688918 0.06917621714481838 0 0 0 0 0 0 0 0 0 0 0 0 0 0 0 0 0 0
0 0 0 0 0 0 0 0 0 0 0.5232442122978052 0 0 0 0 0 0 0 0 0 0 0 0 0 0 0 0 0 0 0 0 0 0 0 0 0 0 0 0 0 0 0 0 0 0 0 0 0 0 0 0 0 0 0 0 0 0 0 0 0 0 0 0 0 0 0 0 0 0 0 0 0 0 0 0 0 0 0 0 0 0 0 0 0 0 0 0 0 0 0 0 0 0 0 0.06709412991957921 0 0 0 0 0
0 0 0 0 0 0 0 0 0 0 0 0 0 0 0 0 0 0 0 0 0 0 0 0 0 0 0 0 0 0.007568435329075381 0 0 0 0 0 0 0 0 0 0 0 0 0 0 0.0343132667001063 0 0 0 0 0 0 0 0 0 0 0 0 0 0 0 0.1491086817567117 0 0 0 0.1383441809992357 0 0 0 0.06045165916473611 0 0 0 0 0 0 0 0 0 0 0 0 0 0 0 0 0 0 0 0 0 0 0.1483845290002945 0 0 0 0 0 0 0 0
0 0 0 0 0 0 0 0 0 0 0 0 0 0 0 0 0 0 0 0 0 0 0 0 0 0 0 0 0 0 0 0 0 0 0 0 0 0 0 0 0 0 0 0 0 0 0 0 0 0 0 0 0 0 0 0 0 0 0 0 0 0 0 0 0 0 0 0 0 0 0 0 0 0 0 0 0 0 0 0 0 0 0 0 0 0 0 0 0 0 0 0 0 0 0 0.2147273490612112 0 0 0 0
0.1943034843881165 0 0 0 0 0 0 0 0 0 0 0.002754291382565106 0 0 0 0 0 0 0 0 0 0 0 0 0 0 0 0 0 0 0 0 0 0 0 0 0 0 0 0 0.1723064380004919 0 0 0 0 0 0 0 0 0 0 0 0 0 0 0 0 0 0 0 0 0 0 0.1333285651548533 0 0 0 0 0 0 0 0 0 0 0 0 0 0 0 0 0 0 0 0 0 0 0 0 0 0.3944902287815893 0 0 0 0 0 0 0 0 0 0
0 0 0 0 0 0 0 0 0 0 0.02375052109799331 0 0 0 0 0 0 0 0 0 0 0 0 0 0 0 0 0 0 0 0 0 0 0 0 0 0 0 0 0 0 0 0 0 0 0 0 0 0 0 0 0 0 0 0 0 0 0 0 0 0 0 0 0 0 0 0 0 0 0 0 0 0 0 0 0 0 0 0 0 0 0 0 0 0 0 0 0 0 0 0 0 0 0 0.003045462349614133 0 0 0 0 0
0.2082808937537597 0 0 0 0 0 0 0 0 0 0 0.00295242400117259 0 0 0 0 0 0 0 0 0 0 0 0 0 0 0 0 0 0 0 0 0 0 0 0 0 0 0 0 0.1847014685263366 0 0 0 0 0 0 0 0 0 0 0 0 0 0 0 0 0 0 0 0 0 0 0.1429196846408052 0 0 0 0 0 0 0 0 0 0 0 0 0 0 0 0 0 0 0 0 0 0 0 0 0 0.4228682655203054 0 0 0 0 0 0 0 0 0 0
0 0 0 0 0 0.379718551186433 0 0 0 0 0 0 0.05715826903965889 0 0 0 0 0 0 0 0 0 0 0 0.09698208608749577 0 0 0 0 0 0 0 0 0 0 0 0 0 0 0 0 0 0 0 0 0 0 0 0 0 0 0 0 0 0 0 0 0 0 0 0 0.2466302500452807 0 0 0 0 0 0 0 0 0 0 0 0 0 0 0 0 0 0 0 0 0 0 0 0 0 0 0 0 0 0 0 0 0 0 0 0 0 0
0 0 0 0 0 0.03028640362944965 0 0 0 0 0 0 0.004558951364074509 0 0 0 0 0 0 0 0 0 0 0 0.00773530446404188 0 0 0 0 0 0 0 0 0 0 0 0 0 0 0 0 0 0 0 0 0 0 0 0 0 0 0 0 0 0 0 0 0 0 0 0 0.01967126250946873 0 0 0 0 0 0 0 0 0 0 0 0 0 0 0 0 0 0 0 0 0 0 0 0 0 0 0 0 0 0 0 0 0 0 0 0 0 0
0 0 0 0 0 0 0 0 0 0 0 0 0 0 0 0 0 0 0 0 0 0 0 0 0 0 0 0 0 0.01310233130536413 0 0 0 0 0 0 0 0 0 0 0 0 0 0 0.05940247474229736 0 0 0 0 0 0 0 0 0 0 0 0 0 0 0 0.2581341141116967 0 0 0 0.2394988151193851 0 0 0 0.1046527626777103 0 0 0 0 0 0 0 0 0 0 0 0 0 0 0 0 0 0 0 0 0 0 0.2568804746317079 0 0 0 0 0 0 0 0
0 0 0 0 0 0 0 0.2384929067303705 0.2750323832499221 0 0 0 0 0 0 0 0 0.04243211552061218 0.1130468161718175 0 0 0 0 0 0 0.4061103991859238 0 0 0 0 0 0 0 0 0 0 0 0 0 0 0 0 0 0 0 0 0 0 0 0 0 0 0 0.1967612551896717 0 0 0.3788130245032814 0 0 0 0 0 0 0 0 0 0 0 0 0 0 0 0 0 0 0 0 0 0 0 0 0 0.430789655268724 0 0 0 0 0 0 0 0 0 0 0 0 0 0.3292070167517828 0 0 0
0 0 0 0 0 0 0 0 0 0 0.3439942198184144 0 0 0 0 0 0 0 0 0 0 0 0 0 0 0 0 0 0 0 0 0 0 0 0 0 0 0 0 0 0 0 0 0 0 0 0 0 0 0 0 0 0 0 0 0 0 0 0 0 0 0 0 0 0 0 0 0 0 0 0 0 0 0 0 0 0 0 0 0 0 0 0 0 0 0 0 0 0 0 0 0 0 0 0.04410940882599762 0 0 0 0 0
0 0 0 0 0 0 0 0 0 0.1663638426233957 0 0 0 0 0 0 0 0 0 0 0 0 0 0 0 0 0 0 0 0 0.1334499752380813 0 0 0 0 0 0 0 0 0 0 0 0 0 0 0 0 0 0 0.1951398261482538 0 0 0 0 0 0 0 0.016235202925036 0 0 0 0 0 0 0 0 0 0 0 0 0 0 0 0 0 0 0 0 0 0 0 0 0 0 0 0 0 0 0 0 0 0 0.06119497177970849 0 0 0 0 0 0 0
0 0.4722542403798823 0 0 0 0 0 0 0 0 0 0 0 0 0 0 0 0 0 0 0 0 0 0 0 0 0 0 0 0 0 0 0 0 0 0 0 0 0 0 0 0 0 0 0 0 0 0 0 0 0 0 0 0 0 0 0 0 0 0 0 0 0 0 0 0 0 0 0 0 0 0 0 0 0 0 0 0 0 0 0 0 0 0 0.3371425208946651 0 0 0 0 0 0 0 0 0 0 0 0 0 0 0
0 0 0 0 0 0 0 0 0 0 0 0 0 0 0 0 0 0 0 0 0 0 0 0 0 0 0 0 0 0 0 0 0 0 0 0 0 0 0 0 0 0 0 0 0 0 0 0 0.05261938246696275 0 0 0 0 0 0 0 0 0 0 0 0 0 0 0 0 0 0 0 0 0 0 0 0 0 0 0 0 0 0 0 0 0 0 0 0 0.007090999041299334 0 0 0 0 0 0 0 0 0 0 0 0 0 0
0 0 0 0.03532451541470329 0 0 0 0 0 0 0 0 0 0 0 0 0 0 0 0 0 0 0 0 0 0 0 0 0.01372022778429855 0 0 0 0 0 0 0 0 0 0 0 0 0 0 0 0 0 0.02001813149881329 0 0 0 0 0 0 0 0 0 0 0 0 0 0 0 0 0 0 0 0 0 0 0 0 0 0 0 0 0 0 0 0 0 0 0 0 0 0 0 0 0 0.02174124875496806 0 0 0 0 0 0 0 0 0 0 0.08806174155415933
0 0 0 0 0 0 0 0 0 0.2530835513401773 0 0 0 0 0 0 0 0 0 0 0 0 0 0 0 0 0 0 0 0 0.2030128249439864 0 0 0 0 0 0 0 0 0 0 0 0 0 0 0 0 0 0 0.2968594583457861 0 0 0 0 0 0 0 0.02469805186153302 0 0 0 0 0 0 0 0 0 0 0 0 0 0 0 0 0 0 0 0 0 0 0 0 0 0 0 0 0 0 0 0 0 0 0.09309379092204589 0 0 0 0 0 0 0
0 0 0 0 0 0 0 0 0 0 0 0 0 0 0 0 0 0 0 0 0 0 0 0 0 0 0 0 0 0 0 0 0 0 0 0 0 0 0 0 0 0 0 0 0 0 0 0.2508672866971975 0 0 0 0 0 0 0 0 0 0 0 0 0 0 0 0 0 0 0 0 0 0 0 0 0 0.2184606562891521 0 0.2610653768190705 0 0 0 0 0 0 0 0 0 0 0.2141823456887554 0 0 0 0 0 0 0 0 0 0 0 0 0
0 0 0 0 0 0 0 0 0 0 0 0 0 0.181474329930891 0 0 0 0 0 0 0.1903337188767043 0 0 0 0 0 0 0 0 0 0 0 0 0 0 0 0 0 0 0 0 0 0 0 0 0 0 0 0 0 0 0 0 0 0 0 0 0 0 0 0 0 0 0 0 0 0 0 0 0 0 0 0.08242591676323119 0 0 0 0 0 0 0 0 0 0 0 0 0 0 0 0 0 0 0 0 0 0 0 0 0 0 0
0 0 0 0 0 0 0 0 0 0 0 0 0 0 0 0 0 0 0 0 0 0 0 0 0 0 0.07617861122729831 0 0 0 0 0.08839234893921102 0.04862347977509421 0 0 0 0 0 0 0 0 0 0 0 0 0 0 0 0 0 0.03972126530661318 0 0 0 0.01026797391310961 0.004729278694031082 0 0 0 0 0 0 0 0 0 0 0 0 0 0 0 0 0 0 0 0 0 0 0 0 0 0 0 0 0 0 0 0.03073630743862984 0 0 0.04712150290950709 0 0 0 0 0 0 0 0.07466634883562773 0
0 0 0 0.1674398791214435 0 0 0 0 0 0 0 0 0 0 0 0 0 0 0 0 0 0 0 0 0 0 0 0 0.06503453068645346 0 0 0 0 0 0 0 0 0 0 0 0 0 0 0 0 0 0.09488689311229184 0 0 0 0 0 0 0 0 0 0 0 0 0 0 0 0 0 0 0 0 0 0 0 0 0 0 0 0 0 0 0 0 0 0 0 0 0 0 0 0 0 0.1030545506638668 0 0 0 0 0 0 0 0 0 0 0.417416833265739
0 0 0 0 0 0 0 0 0 0 0 0 0 0 0 0 0 0 0 0 0 0 0 0 0 0 0 0 0 0 0 0 0 0 0 0 0 0 0.06528230564044657 0 0 0 0 0 0 0 0 0 0 0 0 0 0 0 0 0 0 0 0 0 0 0 0.004834440268200901 0 0 0 0 0 0 0 0 0 0 0 0.3124188497795041 0 0 0 0 0 0 0 0 0 0 0 0 0 0 0 0 0 0 0 0 0 0 0 0 0
0 0 0 0 0 0.06516763433399259 0 0 0 0 0 0 0.009809552797202251 0 0 0 0 0 0 0 0 0 0 0 0.01664415157845342 0 0 0 0 0 0 0 0 0 0 0 0 0 0 0 0 0 0 0 0 0 0 0 0 0 0 0 0 0 0 0 0 0 0 0 0 0.04232690212378082 0 0 0 0 0 0 0 0 0 0 0 0 0 0 0 0 0 0 0 0 0 0 0 0 0 0 0 0 0 0 0 0 0 0 0 0 0 0
0 0 0 0 0 0 0 0 0 0 0 0 0 0 0 0 0 0 0 0 0 0 0 0 0 0 0 0 0 0.01198251194834259 0 0 0 0 0 0 0 0 0 0 0 0 0 0 0.05432551251923296 0 0 0 0 0 0 0 0 0 0 0 0 0 0 0 0.2360721183528548 0 0 0 0.2190295258834603 0 0 0 0.09570838578164584 0 0 0 0 0 0 0 0 0 0 0 0 0 0 0 0 0 0 0 0 0 0 0.2349256239086386 0 0 0 0 0 0 0 0
0 0 0 0 0 0 0 0 0 0 0 0 0 0 0 0 0 0 0 0 0 0 0 0 0 0 0 0 0 0 0 0 0 0 0 0 0 0 0.05572928248868838 0 0 0 0 0 0 0 0 0 0 0 0 0 0 0 0 0 0 0 0 0 0 0 0.004126997120247781 0 0 0 0 0 0 0 0 0 0 0 0.2667013391047563 0 0 0 0 0 0 0 0 0 0 0 0 0 0 0 0 0 0 0 0 0 0 0 0 0
0 0 0 0 0 0 0 0 0 0 0 0 0 0 0 0 0 0 0 0 0 0 0 0.5172160515002098 0 0 0 0 0 0 0 0 0 0 0 0 0 0 0 0 0 0 0 0.4046148998335005 0 0 0 0 0 0 0 0 0 0 0 0 0 0 0.3559519455688335 0.4793588753743935 0 0 0 0 0 0 0 0 0 0 0 0 0 0 0 0 0 0 0.3203520315514508 0 0 0 0 0 0 0 0 0 0 0 0 0 0 0 0 0 0 0 0 0
0 0 0 0 0 0 0 0 0 0 0 0 0 0 0 0 0 0 0 0 0 0 0 0 0 0 0 0 0 0.01220821947682178 0 0 0 0 0 0 0 0 0 0 0 0 0 0 0.05534881023985637 0 0 0 0 0 0 0 0 0 0 0 0 0 0 0 0.2405188699693755 0 0 0 0.2231552562114792 0 0 0 0.09751118834112893 0 0 0 0 0 0 0 0 0 0 0 0 0 0 0 0 0 0 0 0 0 0 0.2393507796837752 0 0 0 0 0 0 0 0
0 0 0 0 0 0 0.08919960976950427 0 0 0 0 0 0 0 0 0 0 0 0 0 0 0 0 0 0 0 0 0 0 0 0 0 0 0 0.1199037267686893 0 0.1628666137648607 0.128378175260308 0 0 0 0.2187147139198203 0 0 0 0 0 0 0 0 0 0 0.1251884876047886 0 0 0 0 0 0 0 0 0 0 0 0 0 0 0 0 0 0 0.08174589904369728 0 0 0 0 0 0 0 0.1141531762597033 0 0 0 0 0 0 0 0 0 0 0 0 0 0 0 0 0 0 0 0
0 0 0 0 0 0 0 0 0 0 0 0 0 0 0 0 0 0 0 0 0 0 0 0 0 0 0 0 0 0 0 0 0 0 0 0 0 0 0 0 0 0 0 0 0 0 0 0 0 0 0 0 0 0 0 0 0 0 0 0 0 0 0 0 0 0 0 0 0 0 0 0 0 0 0 0 0 0 0 0 0 0 0 0 0 0 0 0 0 0 0 0 0 0 0 0.5781963241380064 0 0 0 0
0 0 0 0 0 0 0 0 0 0 0 0 0 0 0 0.06110180410784657 0 0 0 0.1887756598364065 0 0 0.1189633396740067 0 0 0 0 0 0 0 0 0 0 0.0609159515460996 0 0 0 0 0 0 0 0 0.1914476111747321 0 0 0 0 0 0 0 0 0 0 0 0 0 0 0 0 0 0 0 0 0 0 0 0 0 0 0.2586269027029342 0.01199864816510479 0 0 0 0 0 0 0 0 0 0 0 0 0.1592712217300539 0 0 0 0 0 0 0 0 0 0 0 0 0 0 0 0
0 0 0 0 0 0 0 0 0 0.2431864158487037 0 0 0 0 0 0 0 0 0 0 0 0 0 0 0 0 0 0 0 0 0.1950737651973624 0 0 0 0 0 0 0 0 0 0 0 0 0 0 0 0 0 0 0.285250413563478 0 0 0 0 0 0 0 0.02373220495305309 0 0 0 0 0 0 0 0 0 0 0 0 0 0 0 0 0 0 0 0 0 0 0 0 0 0 0 0 0 0 0 0 0 0 0.08945324669350389 0 0 0 0 0 0 0
0 0 0.154251541175216 0 0 0 0 0 0 0 0 0 0 0 0 0 0 0 0 0 0 0.1383477484003793 0 0 0 0 0 0.08555005227073467 0 0 0 0 0 0 0 0 0 0 0 0 0 0 0 0 0 0.1661069505354776 0 0 0 0 0 0.1019851174265968 0 0 0 0 0 0 0 0 0 0 0 0 0 0.04607570604782779 0 0.07716168738160621 0 0 0 0 0 0 0 0 0.1107707349853419 0 0 0 0.1490710511101184 0.1503900981760607 0 0 0 0 0 0 0 0 0 0 0 0 0 0 0 0 0 0
0 0 0 0 0 0 0 0 0 0 0 0 0 0 0 0 0 0 0 0 0 0 0 0 0 0 0 0 0 0 0 0 0 0 0 0 0 0 0 0 0 0 0 0 0 0 0 0 0 0 0 0 0 0 0 0 0 0 0 0 0 0 0 0 0 0 0 0 0 0 0 0 0 0 0 0 0 0 0 0 0 0 0 0 0 0 0 0 0 0 0 0 0 0 0 0.5176563877825925 0 0 0 0
0 0 0.03651726259869561 0 0 0 0 0 0 0 0 0 0 0 0 0 0 0 0 0 0 0.03275222419033211 0 0 0 0 0 0.02025298224122057 0 0 0 0 0 0 0 0 0 0 0 0 0 0 0 0 0 0.03932389320689123 0 0 0 0 0 0.02414379322145939 0 0 0 0 0 0 0 0 0 0 0 0 0 0.01090788879222671 0 0.01826713418358574 0 0 0 0 0 0 0 0 0.02622368623931893 0 0 0 0.03529084168480526 0.03560311077281612 0 0 0 0 0 0 0 0 0 0 0 0 0 0 0 0 0 0
0 0 0 0 0 0 0 0 0 0 0 0 0 0.4627672368485063 0 0 0 0 0 0 0.4853590543478823 0 0 0 0 0 0 0 0 0 0 0 0 0 0 0 0 0 0 0 0 0 0 0 0 0 0 0 0 0 0 0 0 0 0 0 0 0 0 0 0 0 0 0 0 0 0 0 0 0 0 0 0.2101895830652824 0 0 0 0 0 0 0 0 0 0 0 0 0 0 0 0 0 0 0 0 0 0 0 0 0 0 0
0 0 0 0 0 0 0 0 0 0 0 0 0 0 0 0 0.03595032470318262 0 0 0 0 0 0 0 0 0 0 0 0 0 0 0 0 0 0 0.2161238754382726 0 0 0 0.2054194338175852 0 0 0 0 0 0 0 0 0 0 0 0 0 0 0 0 0 0 0 0 0 0 0 0 0 0 0 0 0 0 0 0 0 0 0 0 0 0 0 0 0 0 0 0 0 0 0 0 0 0 0 0 0 0.08194226930472376 0 0 0 0.1524832542463042 0 0
