0 0 0 0 0 0 0 0 0 0.0668237731702422 0.3628562456012882 0 0 0 0 0 0 0 0 0 0 0 0 0 0 0 0 0 0 0 0 0 0 0.01180480248018483 0 0 0 0 0 0 0 0 0 0 0 0 0 0 0 0 0 0 0 0 0 0 0 0 0 0 0 0 0 0 0 0 0 0 0 0 0 0 0 0 0.929371064218073 0 0 0 0 0 0 0 0 0 0 0 0 0 0 0 0 0 0 0 0 0 0 0 0 0
0 0 0 0 0.1267569621697369 0 0 0 0 0 0 0.2014493769377628 0 0 0 0 0 0 0 0 0 0 0 0 0 0 0 0 0 0 0 0 0 0 0 0 0 0 0 0 0 0 0 0 0 0 0 0 0 0 0 0 0.3377724817412959 0 0 0 0 0 0.09516186125014495 0 0 0 0 0 0 0 0 0 0 0.5963883385311436 0.4686988913764681 0 0 0 0 0 0 0 0 0 0 0 0 0 0 0 0.4244309232949338 0 0 0 0 0.2543727226967606 0 0 0 0 0 0 0 0
0 0 0 0 0 0 0 0 0 0 0 0 0 0 0 0.7427398163819257 0 0 0 0 0 0 0 0 0 0 0 0 0 0 0 0 0 0 0 0 0 0 0 0 0 0 0 0 0 0 0 0 0 0 0.6195493070566728 0 0 0 0 0 0 0 0 0 0 0 0 0 0 0 0 0.2399311437507808 0 0 0 0.01048275631080423 0 0 0 0 0 0 0 0 0 0 0 0 0 0 0 0 0 0.08257953357285423 0 0 0 0 0 0 0 0 0 0
0 0 0 0 0 0 0 0.6902145078279386 0 0 0 0 0 0 0 0 0 0 0 0 0 0 0.7059881940137585 0 0 0 0.1582525727430399 0 0 0 0 0 0 0 0 0 0 0 0 0 0 0 0 0 0 0 0 0 0 0 0 0 0 0 0 0 0 0 0 0 0 0 0 0.01186281236626451 0 0 0 0 0 0 0 0 0 0 0 0 0 0 0 0 0 0 0 0 0 0 0 0 0 0 0 0 0 0 0 0 0 0 0 0
0 0 0 0 0 0 0 0 0 0 0 0 0 0 0 0 0 0 0 0.6867973289779652 0 0 0 0 0 0 0 0 0 0 0 0 0 0 0 0 0 0 0 0 0 0 0 0 0 0 0 0 0 0 0 0 0 0 0 0.485367619594851 0 0 0 0 0 0 0 0 0 0 0 0 0 0 0 0 0 0 0 0 0 0 0 0 0 0 0 0 0 0 0 0.5410431616401418 0 0 0 0 0 0 0 0 0 0 0 0
0 0 0 0 0 0 0 0 0 0 0 0 0 0 0 0 0 0 0 0 0.5232247251232597 0 0 0 0 0 0 0 0 0 0 0 0.1290766808163756 0 0 0.3690235195191667 0.1554888767145177 0 0 0 0.07681017389466932 0 0 0 0.158360194023003 0 0 0 0 0 0 0 0 0 0.2257074220874821 0 0 0 0 0 0.5465017646460423 0 0 0 0.008905140436457511 0 0 0 0.1129787025505921 0 0 0 0 0 0 0 0 0 0 0 0 0 0.1029240764567456 0 0.3351531795706611 0 0 0 0 0 0 0 0 0 0 0 0.1812999384735363 0 0 0
0 0 0 0 0 0 0 0 0 0 0 0 0 0 0 0 0 0 0 0 0 0 0 0 0.200796278628158 0 0 0 0 0 0 0 0 0 0 0 0 0 0 0 0 0 0 0 0 0 0 0 0 0 0 0 0 0 0 0 0 0 0 0 0 0 0 0 0 0 0.979633020313772 0 0 0 0 0 0 0 0 0 0 0 0 0 0 0 0 0 0 0 0 0 0 0 0 0 0 0 0 0 0 0 0 0
0 0 0 0 0 0 0 0 0 0 0 0 1 0 0 0 0 0 0 0 0 0 0 0 0 0 0 0 0 0 0 0 0 0 0 0 0 0 0 0 0 0 0 0 0 0 0 0 0 0 0 0 0 0 0 0 0 0 0 0 0 0 0 0 0 0 0 0 0 0 0 0 0 0 0 0 0 0 0 0 0 0 0 0 0 0 0 0 0 0 0 0 0 0 0 0 0 0 0 0
0 0 0 0 0 0 0 0 0 0 0 0 0 0 0 0 0 0 0.1306150905485244 0 0 0 0 0 0 0.1077191789182332 0 0 0 0 0 0 0 0 0 0 0 0 0 0 0 0 0 0 0 0 0.2382844005654909 0 0 0 0 0 0 0 0 0 0 0 0 0 0 0 0 0 0 0 0 0 0 0 0 0 0 0 0 0 0 0 0 0 0 0 0 0 0 0 0 0 0 0 0 0 0 0 0 0.956324642086215 0 0 0 0
0 0 0 0 0 0 0 0 0 0 0 0 0 0.1936946256594045 0 0 0 0 0 0 0 0 0 0 0 0 0 0 0 0 0 0 0 0 0.03166222144980908 0 0 0 0 0 0 0 0 0 0 0 0 0 0 0.673657337885062 0 0 0 0.5616137013818195 0 0 0 0 0 0 0 0 0.4384697677803459 0 0 0 0 0 0 0 0 0 0 0 0 0 0 0 0 0 0 0 0 0 0 0 0 0 0 0 0 0 0 0 0 0 0 0 0 0
0.2212349355863217 0 0 0 0 0.2475598206714994 0 0 0 0 0 0 0 0 0.3818476363110524 0 0 0 0 0 0 0 0 0 0 0 0 0 0 0 0.512344651421373 0 0 0 0 0 0 0 0 0 0 0 0 0 0 0 0 0 0 0 0 0 0 0 0 0 0 0 0 0 0 0 0 0 0 0 0 0 0 0 0 0 0 0 0 0 0 0 0 0 0.4917147857904406 0.4895724141573403 0 0 0 0 0 0 0 0 0 0 0 0 0 0 0 0 0 0
0 0 0 0 0 0 0 0 0 0 0 0 0 0 0 0 0 0 0 0 0 0 0 0 0 0 0 0 0 0 0 0 0 0 0 0 0 0.2916881774556608 0 0 0 0 0 0 0 0.1420284904045108 0 0 0 0 0 0 0 0 0 0 0 0 0 0 0 0 0 0 0 0 0 0 0 0 0 0 0.6953200854203377 0 0 0 0 0 0.3879612244034372 0 0 0 0 0 0 0 0 0 0.5106485897527288 0 0 0 0 0 0 0 0 0 0 0
0 0 0.7656970946514808 0 0 0 0 0 0 0 0 0 0 0 0 0 0 0 0 0 0 0 0 0.1628396356701429 0 0 0 0 0 0.02661930013524237 0 0 0 0 0 0 0 0 0 0.2732141878909033 0 0 0 0 0 0 0 0 0 0 0 0 0 0 0 0 0 0 0 0 0 0 0 0 0 0 0 0 0 0 0 0 0 0 0 0 0 0 0 0 0 0 0 0 0 0 0 0 0 0 0.316769056194696 0 0 0 0 0 0 0.4598847657077172 0 0
0 0 0 0 0 0 0 0 0 0 0 0 0 0 0 0 0 0 0 0 0 0 0 0 0 0 0 0.4081555262022505 0 0 0 0 0 0 0 0 0 0 0 0 0 0 0 0 0 0 0 0 0 0 0 0.3085974860958507 0 0 0 0 0 0 0 0 0 0 0 0 0 0.3922689567459159 0 0 0 0 0 0 0 0 0 0 0.5745865423831746 0 0 0.4857630152844005 0 0 0 0 0 0 0 0 0 0 0 0 0.1348566715936277 0 0 0 0 0 0 0
0 0.6764206129351457 0 0 0 0 0 0 0 0 0 0 0 0 0 0 0 0 0 0 0 0 0 0 0 0 0 0 0 0 0 0 0 0 0 0 0 0 0.7365155493242773 0 0 0 0 0 0 0 0 0 0 0 0 0 0 0 0 0 0 0 0 0 0 0 0 0 0 0 0 0 0 0 0 0 0 0 0 0 0 0 0 0 0 0 0 0 0 0 0 0 0 0 0 0 0 0 0 0 0 0 0 0
0 0 0 0.3347375418645402 0 0 0 0 0 0 0 0 0 0 0 0 0 0 0 0 0 0 0 0 0 0 0 0 0 0 0 0 0 0 0 0 0 0 0 0 0 0 0 0 0 0 0 0 0 0 0 0 0 0 0 0 0 0 0 0 0 0 0 0 0 0 0 0 0 0 0 0 0 0 0 0 0 0 0 0 0 0 0 0 0 0 0 0 0 0 0 0 0 0 0 0 0 0 0 0.9423114018552917
0 0 0 0 0 0 0.6828966222465966 0 0 0 0 0 0 0 0 0 0 0 0 0 0 0 0 0 0 0 0 0 0 0 0 0 0 0 0 0 0 0 0 0 0 0 0 0 0 0 0 0 0 0 0 0 0 0 0 0 0 0.1690322671260602 0 0 0 0.3180706676020543 0 0 0 0 0 0 0 0 0 0 0 0 0 0.6355402004638234 0 0 0 0 0 0 0 0 0 0 0 0 0 0 0 0 0 0 0 0 0 0 0 0
0 0 0 0 0 0 0 0 0 0 0 0 0 0 0 0 0.4828652394340725 0.2183931904111712 0 0 0 0.5276226580313889 0 0 0 0 0 0 0.1399174490564684 0 0 0 0 0 0 0 0 0 0 0 0 0 0 0 0 0 0 0 0 0 0 0 0 0 0 0 0 0 0 0 0 0 0 0 0 0 0 0 0 0 0 0 0 0.1935758789612359 0 0 0 0.2595661760814209 0 0 0 0 0 0 0 0 0 0 0 0 0 0 0 0.5432607406367651 0 0 0 0 0.1456178564303691 0
0 0 0 0 0 0 0 0 0 0 0 0 0 0 0 0 0 0 0 0 0 0 0 0 0 0 0 0 0 0 0 0 0 0 0 0 0 0 0 0 0 0.4999915432617639 0.1151647196980229 0.5813218841360525 0 0 0 0.3067807601040106 0 0 0 0 0 0 0 0 0 0 0 0.5519927320700074 0 0 0 0 0 0 0 0 0 0 0 0 0 0 0 0 0 0 0 0 0 0 0 0 0 0 0 0 0 0 0 0 0 0 0 0 0 0 0 0
0 0 0 0 0 0 0 0 0.6119689674293086 0 0 0 0 0 0 0 0 0 0 0 0 0 0 0 0 0 0 0 0 0 0 0.006297175226336368 0 0 0 0 0 0 0 0 0 0 0 0 0 0 0 0 0.4113563110341562 0 0 0 0 0 0 0 0.1131680008679313 0 0 0 0 0 0 0 0 0 0 0 0 0 0 0 0 0 0 0 0 0 0 0 0 0 0 0.4732234234658875 0 0.05150640908312538 0 0 0 0 0 0 0 0 0.4656608194235242 0 0 0 0 0
