0 0 0 0.3238383248083826 0.6981879002107015 0 0 0.1356347769998238 0 0 0 0 0 0 0 0 0 0 0 0 0.4894781181839848 0 0 0 0 0 0 0 0 0 0 0 0 0 0 0 0 0 0 0 0 0 0 0 0 0 0 0 0 0 0 0.3303057610885791 0 0 0 0 0 0 0.2014320696007454 0 0 0 0 0 0 0 0 0 0 0 0 0 0 0 0 0 0 0 0 0 0 0 0 0 0 0 0 0 0 0 0 0 0 0 0 0 0 0 0 0
0 0 0 0 0 0 0 0 0 0.4080800439407906 0 0 0 0 0 0.1585283034923979 0.2843586134197435 0 0 0 0 0 0 0 0 0 0 0 0 0 0 0 0 0 0 0.6049108508876756 0 0 0 0 0 0 0 0 0 0 0 0 0.5060006258586689 0 0 0 0 0 0 0 0 0 0 0 0 0 0 0 0 0 0 0 0 0 0.3248474454449184 0 0 0 0 0 0 0 0 0 0 0 0 0 0 0 0 0 0 0 0 0 0 0 0 0 0 0 0 0
0 0 0 0 0 0 0 0 0 0 0 0 0 0 0 0 0 0 0 0 0 0 0 0 0 0 0 0 0 0 0 0.7699946112945404 0 0 0 0 0 0 0 0 0 0 0 0 0 0 0 0 0 0 0 0 0 0 0 0 0 0.5390982129547292 0 0 0 0 0 0 0 0 0 0 0 0 0 0 0 0 0 0 0 0 0 0 0 0.3412937376606653 0 0 0 0 0 0 0 0 0 0 0 0 0 0 0 0 0 0
0 0 0 0 0 0 0 0 0.2252518698081183 0 0 0 0 0 0 0 0 0 0 0 0 0 0 0 0 0 0 0 0 0 0 0 0 0 0 0 0 0 0 0 0 0 0 0 0.5669634730399283 0 0 0 0 0 0.5052614240432471 0 0 0 0 0 0 0 0 0 0 0 0 0 0 0 0 0 0 0 0 0 0 0 0 0 0 0.2624525148510159 0 0 0 0 0.5507733714860672 0 0 0 0.01709618292154439 0 0 0 0 0 0 0 0 0 0 0 0 0
0 0 0 0 0 0 0 0 0 0 0 0 0 0 0 0 0 0 0 0 0 0 0 0 0 0.5560766307864932 0 0 0 0 0 0 0 0.1744062744305284 0 0 0.4883420159369614 0 0 0 0 0 0.3522555557044356 0.07767326291577202 0 0 0 0 0 0 0 0 0 0 0 0 0 0 0 0 0 0 0 0 0 0 0.3454968251278563 0 0 0 0 0 0 0 0 0 0 0 0 0 0 0 0 0 0 0.2728300390145819 0 0 0 0 0 0.3129886722299702 0 0 0 0 0 0 0 0
0 0 0 0 0 0 0 0 0 0 0 0 0 0 0 0 0 0 0 0 0 0 0 0 0 0 0 0 0 0.4241268068801289 0 0 0 0 0 0 0 0 0 0 0.6241986608662831 0 0 0 0 0 0 0 0 0 0 0 0 0 0 0 0 0 0 0 0 0 0.6561192600879849 0 0 0 0 0 0 0 0 0 0 0 0 0 0 0 0 0 0 0 0 0 0 0 0 0 0 0 0 0 0 0 0 0 0 0 0 0
0.5000723821697181 0 0 0 0 0 0 0 0 0 0 0 0 0 0 0 0 0 0 0 0 0 0 0 0 0 0 0 0 0 0 0 0 0 0 0 0 0 0 0 0 0 0 0 0 0 0.3347342207084022 0 0 0 0 0 0 0 0 0.06909911917206213 0 0 0 0 0.01201303588299653 0 0 0 0 0.2088654516104591 0 0 0 0 0 0 0 0 0 0 0 0 0.4582883347110626 0 0 0 0 0 0 0 0 0 0.4740336662174397 0 0 0 0 0 0.3838796693045849 0 0 0 0.08507126985496744 0
0 0 0 0 0 0 0 0 0 0 0 0 0 0 0 0 0 0 0 0 0 1 0 0 0 0 0 0 0 0 0 0 0 0 0 0 0 0 0 0 0 0 0 0 0 0 0 0 0 0 0 0 0 0 0 0 0 0 0 0 0 0 0 0 0 0 0 0 0 0 0 0 0 0 0 0 0 0 0 0 0 0 0 0 0 0 0 0 0 0 0 0 0 0 0 0 0 0 0 0
0 0 0 0 0 0 0 0 0 0 0 0.5444229094902813 0 0 0 0 0 0 0 0 0 0 0 0 0 0 0 0 0 0 0 0 0 0 0 0 0 0 0 0 0 0 0 0 0 0 0 0 0 0 0 0 0 0 0 0 0 0 0 0 0 0 0 0 0 0 0 0 0 0 0 0.4318854721322126 0.4523347148060727 0 0 0 0 0 0 0 0.06386420983867226 0 0 0 0 0 0 0 0 0.555331705439428 0 0 0 0 0 0 0 0 0 0
0 0 0.8070908590310928 0 0 0 0 0 0 0 0 0 0.05898545473903891 0 0 0 0 0 0.4807483952664297 0 0 0 0 0 0 0 0 0 0 0 0 0 0 0 0 0 0 0 0 0 0 0 0 0 0 0 0 0 0 0 0 0 0 0 0 0 0 0 0 0 0 0 0 0 0 0 0 0 0 0 0 0 0 0 0 0 0 0 0 0 0 0 0 0 0.3376478074065258 0 0 0 0 0 0 0 0 0 0 0 0 0 0 0
0 0 0 0 0 0 0 0 0 0 0.8052295869023806 0 0 0 0 0 0 0 0 0 0 0 0 0 0 0 0 0 0 0 0 0 0 0 0 0 0 0 0 0 0 0 0 0 0 0 0 0 0 0 0 0 0 0 0 0 0 0 0 0 0 0 0 0.5929631627487678 0 0 0 0 0 0 0 0 0 0 0 0 0 0 0 0 0 0 0 0 0 0 0 0 0 0 0 0 0 0 0 0 0 0 0 0
0 0 0 0 0 0 0 0 0 0 0 0 0 0 0 0 0 0 0 0 0 0 0 0 0 0 0 0 0 0 0 0 0 0 0 0 0 0 0.4784200083302724 0 0 0.1044395915979477 0 0 0 0 0 0.558663817745491 0 0 0 0 0 0 0 0 0 0 0 0 0 0 0 0 0.239667236028352 0 0 0 0 0 0 0 0 0 0 0 0 0 0 0 0 0 0 0.6250288169778087 0 0 0 0 0 0 0 0 0 0 0 0 0 0 0 0
0 0 0 0 0 0 0 0 0 0 0 0 0 0 0 0 0 0 0 0 0 0 0 0 0 0 0 0 0.3758319593216323 0 0 0 0.2726403362547565 0 0 0 0 0 0 0.43878074712256 0 0 0 0 0 0.494472580534411 0 0 0 0 0 0 0 0 0 0 0 0 0 0 0 0 0 0 0 0 0 0 0 0 0 0 0 0 0.07747860402082372 0 0 0 0 0.3900091988318397 0 0 0 0 0 0 0 0 0 0 0 0 0 0 0 0 0 0 0 0.4350583859657179
0 0 0 0 0 0.4265832030787647 0 0 0 0 0 0 0 0 0 0 0 0 0 0 0 0 0 0 0 0 0.06432521967947645 0 0 0 0 0 0 0 0 0 0 0 0 0 0 0 0 0 0 0 0 0 0 0 0 0 0 0 0 0 0 0 0 0 0 0 0 0 0 0 0 0.07129729952208107 0 0 0 0 0 0.6908509787113813 0 0 0 0 0 0 0 0 0 0 0 0 0 0 0 0 0.5757869894836402 0 0 0 0 0 0 0 0 0
0 0 0 0 0 0 0 0 0 0 0 0 0 0 0 0 0 0 0 0 0 0 0 0 0 0 0 0 0 0 0 0 0 0 0 0 0 0 0 0 0 0 0 0 0 0 0 0 0 0 0 0 0 0 0 0 0.5191668314894282 0 0 0 0 0 0 0 0 0 0 0 0 0 0 0 0 0 0 0 0 0 0 0 0 0 0 0 0 0 0 0.8546729205264595 0 0 0 0 0 0 0 0 0 0 0 0
0 0.5156825656056814 0 0 0 0 0.3624424377161973 0 0 0 0 0 0 0 0 0 0 0 0 0.5689594486850131 0 0 0 0 0 0 0 0 0 0 0 0 0 0 0 0 0 0 0 0 0 0 0 0 0 0 0 0 0 0 0 0 0 0 0 0 0 0 0 0.008179682283886967 0 0 0 0 0 0 0 0 0 0 0 0 0 0 0 0.5281337041152204 0 0 0 0 0 0 0 0 0 0 0 0 0 0 0 0 0 0 0 0 0 0 0 0
0 0 0 0 0 0 0 0 0 0 0 0 0 0 0.5800591673794855 0 0 0 0 0 0 0 0 0 0 0 0 0 0 0 0.03297954022269747 0 0 0 0 0 0 0 0 0 0 0 0 0 0 0 0 0 0 0 0 0 0 0 0.5360007447744741 0 0 0 0 0 0 0 0 0 0 0 0 0 0 0.4580868267085135 0 0 0 0 0 0 0 0 0 0 0 0 0 0 0 0 0 0 0 0 0 0 0 0 0 0 0 0.4065751751681979 0 0
0 0 0 0 0 0 0 0 0 0 0 0 0 0.3880597471467443 0 0 0 0.04827020326668287 0 0 0 0 0 0 0.2570076466170129 0 0 0.4147772292290711 0 0 0 0 0 0 0.249361764873474 0 0 0.2878511512309861 0 0 0 0 0 0 0 0 0 0 0 0 0 0 0 0.3575866051337562 0 0 0 0 0 0 0 0 0 0 0 0 0 0 0 0 0 0 0 0 0 0 0 0 0 0 0 0 0 0 0 0 0 0 0 0 0 0 0.1803651417019361 0.5374072371797397 0 0.04476507697354538 0.1128572087496699 0 0 0
0 0 0 0 0 0 0 0 0 0 0 0 0 0 0 0 0 0 0 0 0 0 0.5952896373996119 0 0 0 0 0 0 0 0 0 0 0 0 0 0 0 0 0 0 0 0 0 0 0 0 0 0 0.5184415602284215 0 0 0.5704993939017913 0 0 0 0 0 0 0 0 0 0 0 0 0 0 0 0 0 0 0 0 0 0 0 0.2266694460888968 0 0 0 0 0 0 0 0 0 0 0 0 0 0 0 0 0 0 0 0 0 0 0
0 0 0 0 0 0 0 0 0 0 0 0 0 0 0 0 0 0 0 0 0 0 0 0.3406623858883472 0 0 0 0 0 0 0 0 0 0 0 0 0 0 0 0 0 0 0 0 0 0 0 0 0 0 0 0 0 0 0 0 0 0 0 0 0 0.5749433040626366 0 0 0 0 0 0 0.7439014289234813 0 0 0 0 0 0 0 0 0 0 0 0 0 0 0 0 0 0 0 0 0 0 0 0 0 0 0 0 0 0 0
