0 0 0 0 0 0 0 0.05793043564768027 0 0 0 0 0 0.06764659846366712 0 0 0 0 0 0 0 0 0 0 0 0 0 0 0 0 0 0 0 0 0 0 0 0 0 0 0 0.03036920390062961 0 0 0.1219461714407448 0.03638655366220838 0 0 0 0
0 0 0.118372427807223 0 0.009780542189483035 0.05676031717590113 0 0 0 0 0 0 0 0 0 0 0 0.30380185133958 0 0 0 0 0 0 0 0 0 0 0 0 0 0 0 0 0 0.2815741239115167 0 0 0 0 0 0 0 0.02391076168415203 0 0 0.1067521476035813 0.3064659328143352 0 0
0 0 0 0 0 0 0 0 0 0.2119810559335937 0 0 0.1800336432027716 0 0.1078456064943139 0 0 0 0 0.311673917107247 0 0 0 0 0 0 0 0 0 0 0 0 0 0.1400419808239131 0 0 0.3517557153571179 0 0 0 0 0 0 0 0 0 0 0 0 0
0.4145943985257985 0 0 0 0 0 0 0 0 0 0 0 0 0 0 0 0 0 0 0 0 0 0 0.09870482634992085 0 0 0 0 0 0 0 0 0 0 0 0 0 0.1246076533451722 0 0.3055597085325362 0 0 0 0 0 0 0 0 0 0
0 0 0 0 0 0 0.1427086085484906 0 0 0 0 0 0 0 0 0 0 0 0 0 0 0 0 0 0 0 0 0 0.05858009192451071 0 0 0.1335918469318875 0 0 0 0 0 0 0 0 0 0 0 0 0 0 0 0 0 0
0 0.3102114377273922 0 0 0 0 0 0 0 0 0 0 0 0 0 0.1364292858488445 0.09499758805283982 0 0 0 0 0 0 0 0.1300743142139235 0 0.04979156616859243 0.03712942840888067 0 0 0 0 0.0229483664217383 0 0 0 0 0 0 0 0 0 0 0 0 0 0 0 0 0
0 0 0 0.02529902601794823 0 0 0 0 0 0 0 0 0 0 0 0 0 0 0 0 0 0 0 0 0 0 0 0 0 0 0.3617330162920613 0 0 0 0.2122165033120253 0 0 0 0 0 0 0 0 0 0 0 0 0 0 0
0 0 0 0 0 0 0 0 0.1370383951614133 0 0 0 0 0 0 0 0 0 0 0 0 0 0 0 0 0 0 0 0 0 0 0 0 0 0 0 0 0 0 0 0 0 0 0 0 0 0 0 0 0
0 0 0 0 0 0 0 0 0 0 0 0 0 0 0 0 0 0 0 0 0 0.1245261659816061 0 0 0 0.103023319811973 0 0 0 0.08717431901665662 0 0 0 0 0 0 0 0 0.08555747660835006 0 0 0 0.08930403582776497 0 0 0 0 0 0.1045001528619282 0.1210128639558284
0 0 0 0 0 0 0 0 0.5484377741803974 0 0 0 0 0 0 0 0 0 0 0 0 0 0 0 0 0 0 0 0 0 0 0 0 0 0 0 0 0 0 0 0 0 0 0 0 0 0 0 0 0
0 0 0 0 0 0 0.1584613802743815 0 0 0 0 0 0 0 0 0 0 0 0 0 0 0 0 0 0 0 0 0 0.06504640692228442 0 0 0.1483382724668483 0 0 0 0 0 0 0 0 0 0 0 0 0 0 0 0 0 0
0 0 0 0 0 0 0.1421406697998719 0 0 0 0 0 0 0 0 0 0 0 0 0 0 0 0 0 0 0 0 0 0.05834696019938236 0 0 0.1330601902424708 0 0 0 0 0 0 0 0 0 0 0 0 0 0 0 0 0 0
0 0 0 0 0 0 0 0 0 0.08552245869305787 0 0 0.07263347069557513 0 0.04350964941663017 0 0 0 0 0.1257429329433013 0 0 0 0 0 0 0 0 0 0 0 0 0 0.05649907944632091 0 0 0.141913688957659 0 0 0 0 0 0 0 0 0 0 0 0 0
0 0 0 0 0 0 0 0 0 0 0 0 0 0 0 0 0 0 0 0 0 0.04965176528751086 0 0 0 0.04107803090315843 0 0 0 0.03475862918282552 0 0 0 0 0 0 0 0 0.03411395278785814 0 0 0 0.03560780171134966 0 0 0 0 0 0.04166688198828735 0.04825092196921728
0 0 0 0 0 0 0.4423209123187299 0 0 0 0 0 0 0 0 0 0 0 0 0 0 0 0 0 0 0 0 0 0.1815671806158795 0 0 0.414063792046423 0 0 0 0 0 0 0 0 0 0 0 0 0 0 0 0 0 0
0 0 0 0 0 0 0.4054228172882149 0 0 0 0 0 0 0 0 0 0 0 0 0 0 0 0 0 0 0 0 0 0.1664209759074757 0 0 0.3795228858352893 0 0 0 0 0 0 0 0 0 0 0 0 0 0 0 0 0 0
0 0 0 0 0 0 0 0 0 0 0.04816899125193037 0.09478545180521424 0 0 0 0 0 0 0.08776317049617058 0 0.01084945282535827 0 0.100116568217256 0 0 0 0 0 0 0 0 0 0 0 0 0 0 0 0 0 0.01227048243626198 0 0 0 0 0 0 0 0 0
0 0 0.1153581361150864 0 0.009531485820424165 0.05531494551566121 0 0 0 0 0 0 0 0 0 0 0 0.2960656967847375 0 0 0 0 0 0 0 0 0 0 0 0 0 0 0 0 0 0.2744039867592285 0 0 0 0 0 0 0 0.02330188669837769 0 0 0.1040337602426051 0.2986619388242012 0 0
0 0 0 0 0 0 0 0 0 0 0.1491801337894821 0.2935520552557077 0 0 0 0 0 0 0.2718039380964444 0 0.03360092835584883 0 0.3100626077693815 0 0 0 0 0 0 0 0 0 0 0 0 0 0 0 0 0 0.0380018797140514 0 0 0 0 0 0 0 0 0
0 0 0 0 0 0 0 0 0 0.1143502668531942 0 0 0.09711667418638979 0 0.05817583003941924 0 0 0 0 0.1681282104923508 0 0 0 0 0 0 0 0 0 0 0 0 0 0.07554372161860043 0 0 0.1897497856168017 0 0 0 0 0 0 0 0 0 0 0 0 0
0 0 0 0 0 0 0 0 0 0 0.110373861228544 0.2171902718351881 0 0 0 0 0 0 0.2010994988593036 0 0.02486030887150327 0 0.2294059294141151 0 0 0 0 0 0 0 0 0 0 0 0 0 0 0 0 0 0.02811643944428649 0 0 0 0 0 0 0 0 0
0.5750956174849318 0 0 0 0 0 0 0 0 0 0 0 0 0 0 0 0 0 0 0 0 0 0 0.1369162566119871 0 0 0 0 0 0 0 0 0 0 0 0 0 0.1728468006290031 0 0.4238505148209328 0 0 0 0 0 0 0 0 0 0
0 0 0 0 0 0 0 0.1340427206626073 0 0 0 0 0 0.1565245280872316 0 0 0 0 0 0 0 0 0 0 0 0 0 0 0 0 0 0 0 0 0 0 0 0 0 0 0 0.07026998277650387 0 0 0.2821659532084103 0.08419326721589523 0 0 0 0
0 0 0 0 0 0 0.09096701703312068 0 0 0 0 0 0 0 0 0 0 0 0 0 0 0 0 0 0 0 0 0 0.03734081828769328 0 0 0.08515570251117548 0 0 0 0 0 0 0 0 0 0 0 0 0 0 0 0 0 0
0 0 0.03913399020718145 0 0.00323345266591549 0.0187649923015492 0 0 0 0 0 0 0 0 0 0 0 0.1004370603482821 0 0 0 0 0 0 0 0 0 0 0 0 0 0 0 0 0 0.09308856134719418 0 0 0 0 0 0 0 0.007904911058491934 0 0 0.03529231913463569 0.1013178071596425 0 0
0 0 0 0 0 0 0 0.2110047154010064 0 0 0 0 0 0.2463946817780198 0 0 0 0 0 0 0 0 0 0 0 0 0 0 0 0 0 0 0 0 0 0 0 0 0 0 0 0.1106162098448518 0 0 0.4441744121447335 0.1325336900038515 0 0 0 0
0 0 0 0 0 0 0.07801330924558922 0 0 0 0 0 0 0 0 0 0 0 0 0 0 0 0 0 0 0 0 0 0.03202348389087586 0 0 0.07302952620300766 0 0 0 0 0 0 0 0 0 0 0 0 0 0 0 0 0 0
0 0 0 0 0 0 0 0 0 0.2268596700072138 0 0 0.1926699190515011 0 0.1154151185504622 0 0 0 0 0.3335498149747663 0 0 0 0 0 0 0 0 0 0 0 0 0 0.1498713053246696 0 0 0.3764448910664239 0 0 0 0 0 0 0 0 0 0 0 0 0
0 0 0 0.04757638785002895 0 0 0 0 0 0 0 0 0 0 0 0 0 0 0 0 0 0 0 0 0 0 0 0 0 0 0.6802613772191256 0 0 0 0.3990862993139332 0 0 0 0 0 0 0 0 0 0 0 0 0 0 0
0 0 0 0 0 0 0 0 0 0 0.2060003680470753 0.4053611555878275 0 0 0 0 0 0 0.3753295419584863 0 0.04639896367029728 0 0.4281603032228404 0 0 0 0 0 0 0 0 0 0 0 0 0 0 0 0 0 0.05247616427682285 0 0 0 0 0 0 0 0 0
0 0 0.06176441924955494 0 0.005103295754506178 0.02961642412622842 0 0 0 0 0 0 0 0 0 0 0 0.1585178682445154 0 0 0 0 0 0 0 0 0 0 0 0 0 0 0 0 0 0.1469198745118232 0 0 0 0 0 0 0 0.01247616811274057 0 0 0.05570118415680274 0.1599079338887693 0 0
0 0 0 0 0 0 0 0 0 0.137800415566718 0 0 0.1170326788876072 0 0.07010612022150076 0 0 0 0 0.202606761767145 0 0 0 0 0 0 0 0 0 0 0 0 0 0.09103569688966413 0 0 0.2286623374937977 0 0 0 0 0 0 0 0 0 0 0 0 0
0 0 0 0 0 0 0 0.2359893738002913 0 0 0 0 0 0.2755697973384704 0 0 0 0 0 0 0 0 0 0 0 0 0 0 0 0 0 0 0 0 0 0 0 0 0 0 0 0.1237140603414387 0 0 0.4967682413207729 0.1482267467436023 0 0 0 0
0 0 0.1218646894239584 0 0.01006909090569944 0.0584348783950893 0 0 0 0 0 0 0 0 0 0 0 0.3127647117301282 0 0 0 0 0 0 0 0 0 0 0 0 0 0 0 0 0 0.2898812147046828 0 0 0 0 0 0 0 0.02461618470202289 0 0 0.1099015839587028 0.3155073897974386 0 0
0 0.7379633847073213 0 0 0 0 0 0 0 0 0 0 0 0 0 0.3245522418380054 0.2259901895690647 0 0 0 0 0 0 0 0.3094343712276167 0 0.1184493807476668 0.08832736426999342 0 0 0 0 0.05459197211474849 0 0 0 0 0 0 0 0 0 0 0 0 0 0 0 0 0
0 0.1485054995056992 0 0 0 0 0 0 0 0 0 0 0 0 0 0.06531190271582768 0.04547757609769748 0 0 0 0 0 0 0 0.06226962856919274 0 0.0238363919112998 0.0177747292382799 0 0 0 0 0.01098592187079481 0 0 0 0 0 0 0 0 0 0 0 0 0 0 0 0 0
0 0 0 0 0 0 0 0 0 0.02472136742352288 0 0 0.02099563955189176 0 0.01257702416575278 0 0 0 0 0.0363476131732761 0 0 0 0 0 0 0 0 0 0 0 0 0 0.01633178609955804 0 0 0.04102197832900482 0 0 0 0 0 0 0 0 0 0 0 0 0
0 0 0 0 0 0 0.03001218214605229 0 0 0 0 0 0 0 0 0 0 0 0 0 0 0 0 0 0 0 0 0 0.01231962393055999 0 0 0.02809489129021257 0 0 0 0 0 0 0 0 0 0 0 0 0 0 0 0 0 0
0.04156401178098359 0 0 0 0 0 0 0 0 0 0 0 0 0 0 0 0 0 0 0 0 0 0 0.009895378663667022 0 0 0 0 0 0 0 0 0 0 0 0 0 0.01249219475722651 0 0.03063304128179136 0 0 0 0 0 0 0 0 0 0
0 0 0 0 0 0 0 0 0.524242265159227 0 0 0 0 0 0 0 0 0 0 0 0 0 0 0 0 0 0 0 0 0 0 0 0 0 0 0 0 0 0 0 0 0 0 0 0 0 0 0 0 0
0 0 0 0 0 0 0 0 0 0 0 0 0 0 0 0 0 0 0 0 0 0.1620710860823242 0 0 0 0.1340850832603281 0 0 0 0.1134575729538117 0 0 0 0 0 0 0 0 0.1113532489101652 0 0 0 0.1162294041902693 0 0 0 0 0 0.1360071848080772 0.1574985155662037
0 0 0 0 0 0 0 0 0.266945267402732 0 0 0 0 0 0 0 0 0 0 0 0 0 0 0 0 0 0 0 0 0 0 0 0 0 0 0 0 0 0 0 0 0 0 0 0 0 0 0 0 0
0 0 0 0 0 0 0 0 0.3826403374378305 0 0 0 0 0 0 0 0 0 0 0 0 0 0 0 0 0 0 0 0 0 0 0 0 0 0 0 0 0 0 0 0 0 0 0 0 0 0 0 0 0
0 0 0.003754745132597096 0 0.0003102364618214 0.001800423701606952 0 0 0 0 0 0 0 0 0 0 0 0.009636522150656355 0 0 0 0 0 0 0 0 0 0 0 0 0 0 0 0 0 0.008931463946518354 0 0 0 0 0 0 0 0.0007584436486887763 0 0 0.003386152620453184 0.009721026178625348 0 0
0 0 0 0 0 0 0.21928327919667 0 0 0 0 0 0 0 0 0 0 0 0 0 0 0 0 0 0 0 0 0 0.09001303273505247 0 0 0.2052746401714792 0 0 0 0 0 0 0 0 0 0 0 0 0 0 0 0 0 0
0.2954605891017889 0 0 0 0 0 0 0 0 0 0 0 0 0 0 0 0 0 0 0 0 0 0 0.07034196854621197 0 0 0 0 0 0 0 0 0 0 0 0 0 0.08880161139385276 0 0.2177570459461387 0 0 0 0 0 0 0 0 0 0
0 0 0 0 0 0 0 0 0 0 0 0 0 0 0 0 0 0 0 0 0 0.4045778013862056 0 0 0 0.3347163858493218 0 0 0 0.28322396379174 0 0 0 0 0 0 0 0 0.2779709429379761 0 0 0 0.290143281817967 0 0 0 0 0 0.339514524968562 0.3931633006827567
0 0 0 0.02687362935700291 0 0 0 0 0 0 0 0 0 0 0 0 0 0 0 0 0 0 0 0 0 0 0 0 0 0 0.3842471642634382 0 0 0 0.2254247910334798 0 0 0 0 0 0 0 0 0 0 0 0 0 0 0
0 0 0 0 0 0 0 0 0.4335125487239159 0 0 0 0 0 0 0 0 0 0 0 0 0 0 0 0 0 0 0 0 0 0 0 0 0 0 0 0 0 0 0 0 0 0 0 0 0 0 0 0 0
0 0 0 0 0 0 0 0.1115201100343788 0 0 0 0 0 0.1302243979313434 0 0 0 0 0 0 0 0 0 0 0 0 0 0 0 0 0 0 0 0 0 0 0 0 0 0 0 0.05846282567685673 0 0 0.2347548452777369 0.07004664168003362 0 0 0 0
