0 0 0 0 0 0 0 0 0 0.4249397770626402
0.5728040727892316 0 0 0 0 0 0 0 0 0
0 0 0 0 0.6607704222614657 0 0 0 0 0
0 0 0.8383214808237559 0 0 0 0 0 0 0
0.3460939145813842 0 0 0 0 0 0 0 0 0
0 0.5090042317597342 0 0 0 0 0 0 0 0
0 0 0 0 0 0 0 0 0.6064283639285888 0
0 0 0 0 0 0 0 0.2257960601937504 0 0
0 0 0 0 0 0 0 0 0.3731592445389583 0
0 0 0 0 0 0 0 0 0.5452422071992178 0
0 0.06295376650369355 0 0 0 0 0 0 0 0
0.053877977562094 0 0 0 0 0 0 0 0 0
0 0 0 0 0.07903865108729939 0 0 0 0 0
0.6095228384520163 0 0 0 0 0 0 0 0 0
0 0 0 0.5076395799483089 0 0 0 0 0 0
0 0 0 0 0.313866647808299 0 0 0 0 0
0 0 0 0 0.3305452214921481 0 0 0 0 0
0 0 0 0 0 0 0 0 0.3502038802112764 0
0 0 0 0 0 0 0 0 0 0.01958890491046022
0 0 0 0 0 0 0 0.08284125438807927 0 0
0 0 0 0 0 0 1 0 0 0
0 0 0 0 0 0.002454263882809269 0 0 0 0
0 0 0 0 0 0 0 0 0 0.4785572811091982
0 0 0 0 0 0 0 0.6034832798265253 0 0
0 0.1266755287888074 0 0 0 0 0 0 0 0
0 0.4999363637981865 0 0 0 0 0 0 0 0
0 0 0 0 0 0 0 0 0 0.5232485028093173
0 0 0 0 0 0 0 0.4825103266621764 0 0
0 0 0 0 0 0 0 0 0 0.2118849265746147
0 0 0.5443858842480187 0 0 0 0 0 0 0
0 0.6526204928643913 0 0 0 0 0 0 0 0
0 0.2122615136699149 0 0 0 0 0 0 0 0
0 0 0 0 0 0 0 0 0.2703053743666602 0
0 0 0 0 0 0 0 0 0 0.1409339581647776
0 0 0 0 0 0.2557309879396582 0 0 0 0
0 0 0 0 0 0 0 0 0 0.1937463627473418
0 0 0 0 0.3572457778274148 0 0 0 0 0
0 0 0 0 0 0 0 0 0 0.01635833778015951
0 0 0 0 0 0 0 0.5874905798449618 0 0
0.4215371507056262 0 0 0 0 0 0 0 0 0
0 0 0 0.5841321613225842 0 0 0 0 0 0
0 0 0 0 0 0.5613073815377884 0 0 0 0
0 0 0 0 0.4381494294346633 0 0 0 0 0
0 0 0.02934457055347092 0 0 0 0 0 0 0
0 0 0 0 0 0.2532727877173562 0 0 0 0
0 0 0 0 0 0.7452399323904153 0 0 0 0
0 0 0 0 0.1725208867110203 0 0 0 0 0
0 0 0 0.6333179888322383 0 0 0 0 0 0
0 0 0 0 0 0 0 0 0 0.4462771558974875
0 0 0 0 0 0 0 0 0 0.1204584693465611
