0 0 0 0 0 0 0 0 0 0 0 0 0 0 0 0 0 0.2358803434310719 0 0
0 0 0 0 0 0 0 0 0 0 0 0.6548225604690958 0 0 0 0 0 0 0 0
0 0 1 0 0 0 0 0 0 0 0 0 0 0 0 0 0 0 0 0
0 0 0 0 0 0.5837904211682701 0 0 0 0 0 0 0 0 0 0 0 0 0 0
0 0 0 0 0 0 0 0 0 0 0 0 0 0.5568452321539005 0 0 0 0 0 0
1 0 0 0 0 0 0 0 0 0 0 0 0 0 0 0 0 0 0 0
0 0 0 0 0 0 0 0 0 0 0 0 0 0 0 0 0 0 0.4695035636043299 0
0 0 0 0 0 0 0 0 0 0 0 0 0 0 0 0.2306095268054205 0 0 0 0
0 0 0 0 0 0 1 0 0 0 0 0 0 0 0 0 0 0 0 0
0 0 0 0 0 0 0 0 0 0 0 0 0 0 0.6818951563014727 0 0 0 0 0
0 0 0 0 0 0 0 0 0 0 0 0 0 0.6183121325601961 0 0 0 0 0 0
0 0 0 0 0 0 0 0 0 0 0 0 0 0.5546291501141382 0 0 0 0 0 0
0 0 0 0 0 0 0 0 0.4276648192340002 0 0 0 0 0 0 0 0 0 0 0
0 0 0 0 0 0 0 0.1131917125469574 0 0 0 0 0 0 0 0 0 0 0 0
0 0 0 0 0 0 0 0 0 0 0 0 0.679800256407422 0 0 0 0 0 0 0
0 0 0 0 0 0 0 0 0 0 0 0 0.6230918038696527 0 0 0 0 0 0 0
0 0 0 0.1711680761272843 0 0 0 0 0 0 0 0 0 0 0 0 0 0 0 0
0 0 0 0 0 0 0 0 0 0 0.9465425949760284 0 0 0 0 0 0 0 0 0
0 0 0 0.530110260428865 0 0 0 0 0 0 0 0 0 0 0 0 0 0 0 0
0 0 0 0 0 0 0 0 0.5718215653580204 0 0 0 0 0 0 0 0 0 0 0
0 0 0 0.3922125207567557 0 0 0 0 0 0 0 0 0 0 0 0 0 0 0 0
0 0 0 0 0 0.809792206400645 0 0 0 0 0 0 0 0 0 0 0 0 0 0
0 0 0 0 0 0 0 0 0 0 0 0 0 0 0 0 0.493891997048321 0 0 0
0 0 0 0 0 0 0 0 0 0 0 0 0.1398066421493841 0 0 0 0 0 0 0
0 0 0 0 0 0 0 0 0 0 0.3211042574883256 0 0 0 0 0 0 0 0 0
0 0 0 0 0 0 0 0 0 0 0 0 0 0 0 0 0 0.8591660700959705 0 0
0 0 0 0 0 0 0 0 0 0 0 0 0.1198981692959792 0 0 0 0 0 0 0
0 0 0 0 0 0 0 0 0 1 0 0 0 0 0 0 0 0 0 0
0 0 0 0 0 0 0 0 0 0 0 0 0 0 0 0 0 0 0.8829305769780742 0
0 0 0 0.7320204505780946 0 0 0 0 0 0 0 0 0 0 0 0 0 0 0 0
0 0 0 0 0 0 0 0 0 0 0 0.3416736135947731 0 0 0 0 0 0 0 0
0 0 0 0 0 0 0 0 0.6890867114241922 0 0 0 0 0 0 0 0 0 0 0
0 0 0 0 0 0 0 0 0 0 0 0 0 0 0 0 0.8695232574529684 0 0 0
0 0 0 0 0 0 0 0 0 0 0 0.6741413472512919 0 0 0 0 0 0 0 0
0 0.9803467827793364 0 0 0 0 0 0 0 0 0 0 0 0 0 0 0 0 0 0
0 0.1972819948555995 0 0 0 0 0 0 0 0 0 0 0 0 0 0 0 0 0 0
0 0 0 0 0 0 0 0 0.1236220203671064 0 0 0 0 0 0 0 0 0 0 0
0 0 0 0 0 0 0 0 0 0 0 0 0.04612553589492287 0 0 0 0 0 0 0
0 0 0 0 0 0.05852628986147158 0 0 0 0 0 0 0 0 0 0 0 0 0 0
0 0 0 0 0 0 0 0 0 0 0 0 0 0 0.6518118885498285 0 0 0 0 0
0 0 0 0 0 0 0 0.3694753586660102 0 0 0 0 0 0 0 0 0 0 0 0
0 0 0 0 0 0 0 0 0 0 0 0 0 0 0.3319039887643657 0 0 0 0 0
0 0 0 0 0 0 0 0 0 0 0 0 0 0 0 0.6439108327944788 0 0 0 0
0 0 0 0 0 0 0 0 0 0 0.0308086305913994 0 0 0 0 0 0 0 0 0
0 0 0 0 0 0 0 0 0 0 0 0 0.3370151066163921 0 0 0 0 0 0 0
0 0 0 0 1 0 0 0 0 0 0 0 0 0 0 0 0 0 0 0
0 0 0 0 0 0 0 0.922320766083747 0 0 0 0 0 0 0 0 0 0 0 0
0 0 0 0 0 0 0 0 0 0 0 0 0 0 0 0 0 0 0 1
0 0 0 0 0 0 0 0 0 0 0 0 0 0 0 0.7295190782676632 0 0 0 0
0 0 0 0 0 0 0 0 0 0 0 0 0 0 0 0 0 0.4540860354367721 0 0
