0 0 0 0 0 0 0 0 0 0 0 0 0 0 0 0 0 0 0 0.6484394530064548
0.6105352271737525 0 0 0 0 0 0 0 0 0 0 0 0 0 0 0 0 0 0 0
0 0 0 0 0 0 0 0 0 0.7198413251020601 0 0 0 0 0 0 0 0 0 0
0 0 0 0 0.8386826550120248 0 0 0 0 0 0 0 0 0 0 0 0 0 0 0
0 1 0 0 0 0 0 0 0 0 0 0 0 0 0 0 0 0 0 0
0 0 0.5877225289461256 0 0 0 0 0 0 0 0 0 0 0 0 0 0 0 0 0
0 0 0 0 0 0 0 0 0 0 0 0 0 0 0 0 0.6064283639285888 0 0 0
0 0 0 0 0 0 0 0 0 0 0 0 0 0 0 0.3475683893266703 0 0 0 0
0 0 0 0 0 0 0 0 0 0 0 0 0 0 0 0 0.3731592445389583 0 0 0
0 0 0 0 0 0 0 0 0 0 0 0 0 0 0 0 0.5452422071992178 0 0 0
0 0 0.07268966454035201 0 0 0 0 0 0 0 0 0 0 0 0 0 0 0 0 0
0.0574269716874712 0 0 0 0 0 0 0 0 0 0 0 0 0 0 0 0 0 0 0
0 0 0 0 0 0 0 0 0 0.08610447050314188 0 0 0 0 0 0 0 0 0 0
0.6496726931947333 0 0 0 0 0 0 0 0 0 0 0 0 0 0 0 0 0 0 0
0 0 0 0 0 0 0 0.6254348871952524 0 0 0 0 0 0 0 0 0 0 0 0
0 0 0 0 0 0 0 0 0 0.3419253889882284 0 0 0 0 0 0 0 0 0 0
0 0 0 0 0 0 0 0 0 0.3600949773610014 0 0 0 0 0 0 0 0 0 0
0 0 0 0 0 0 0 0 0 0 0 0 0 0 0 0 0.3502038802112764 0 0 0
0 0 0 0 0 0 0 0 0 0 0 0 0 1 0 0 0 0 0 0
0 0 0 0 0 0 0 0 0 0 0 0 0 0 0 0.1275177314110754 0 0 0 0
0 0 0 0 0 0 0 0 0 0 0 0 1 0 0 0 0 0 0 0
0 0 0 0 0 0 0 0 0 0 0.003114942096422177 0 0 0 0 0 0 0 0 0
0 0 0 0 0 0 0 0 0 0 0 0 0 0 0 0 0 0 0 0.7302574113906999
0 0 0 0 0 0 0 0 0 0 0 0 0 0 0 0.9289431860542586 0 0 0 0
0 0 0.1462660966058301 0 0 0 0 0 0 0 0 0 0 0 0 0 0 0 0 0
0 0 0 1 0 0 0 0 0 0 0 0 0 0 0 0 0 0 0 0
0 0 0 0 0 0 0 0 0 0 0 0 0 0 0 0 0 1 0 0
0 0 0 0 0 0 0 0 0 0 0 0 0 0 0.6346834832504803 0 0 0 0 0
0 0 0 0 0 0 0 0 0 0 0 0 0 0 0 0 0 0 0.3892064257611309 0
0 0 0 0 0.5446204221124846 0 0 0 0 0 0 0 0 0 0 0 0 0 0 0
0 0 0.7535492685046656 0 0 0 0 0 0 0 0 0 0 0 0 0 0 0 0 0
0 0 0.2450880873440386 0 0 0 0 0 0 0 0 0 0 0 0 0 0 0 0 0
0 0 0 0 0 0 0 0 0 0 0 0 0 0 0 0 0.2703053743666602 0 0 0
0 0 0 0 0 0 0 0 0 0 0 0 0 0 0 0 0 0 0 0.2150590358335215
0 0 0 0 0 0 0 0 0 0 0.3245727671227681 0 0 0 0 0 0 0 0 0
0 0 0 0 0 0 0 0 0 0 0 0 0 0 0 0 0 0 0.3558881255413793 0
0 0 0 0 0 0 0 0 0.9004949745239151 0 0 0 0 0 0 0 0 0 0 0
0 0 0 0 0 0 0 0 0 0 0 0 0 0 0 0 0 0 0.030048244968323 0
0 0 0 0 0 0 0 0 0 0 0 0 0 0 0.7727722019386031 0 0 0 0 0
0.4493042076586892 0 0 0 0 0 0 0 0 0 0 0 0 0 0 0 0 0 0 0
0 0 0 0 0 0 1 0 0 0 0 0 0 0 0 0 0 0 0 0
0 0 0 0 0 0 0 0 0 0 0 0.9115050900384335 0 0 0 0 0 0 0 0
0 0 0 0 0 0 0 0 0 0.4773186802119863 0 0 0 0 0 0 0 0 0 0
0 0 0 0 0 1 0 0 0 0 0 0 0 0 0 0 0 0 0 0
0 0 0 0 0 0 0 0 0 0 0 0.4112887924974703 0 0 0 0 0 0 0 0
0 0 0 0 0 0 0 0 0 0 0.945855599961223 0 0 0 0 0 0 0 0 0
0 0 0 0 0 0 0 0 0.4348664172561193 0 0 0 0 0 0 0 0 0 0 0
0 0 0 0 0 0 0 0.7802763625018138 0 0 0 0 0 0 0 0 0 0 0 0
0 0 0 0 0 0 0 0 0 0 0 0 0 0 0 0 0 0 0.8197559852589995 0
0 0 0 0 0 0 0 0 0 0 0 0 0 0 0 0 0 0 0.2212673221496102 0
