0 0.814171343544477 0 0 0 0 0 0 0 0 0 0 0 0 0 0.3580680834082572 0.2493277309988616 0 0 0 0 0 0 0 0.3413890214365398 0 0.1306814043403886 0.09744874926005191 0 0 0 0 0.06022957263799113 0 0 0 0 0 0 0 0 0 0 0 0 0 0 0 0 0
0 0 0 0 0 0 0 0 0 0 0.2814134057107171 0.5537565996519684 0 0 0 0 0 0 0.5127309512488063 0 0.06338479155009245 0 0.5849021060609872 0 0 0 0 0 0 0 0 0 0 0 0 0 0 0 0 0 0.07168674623144904 0 0 0 0 0 0 0 0 0
0.7691865907093347 0 0 0 0 0 0 0 0 0 0 0 0 0 0 0 0 0 0 0 0 0 0 0.1831245890842111 0 0 0 0 0 0 0 0 0 0 0 0 0 0.23118145443757 0 0.5668972646519111 0 0 0 0 0 0 0 0 0 0
0 0 0 0 0 0 0 0 0 0 0 0 0 0 0 0 0 0 0 0 0 0.4559849757707426 0 0 0 0.3772467064891648 0 0 0 0.3192114639626236 0 0 0 0 0 0 0 0 0.3132909745573232 0 0 0 0.3270099765150395 0 0 0 0 0 0.3826545151789522 0.4431201057534952
0 0 0 0 0 0 0 0 0 0.3693121348648793 0 0 0.3136535424162908 0 0.1878879742097789 0 0 0 0 0.5429964446664292 0 0 0 0 0 0 0 0 0 0 0 0 0 0.243980306075028 0 0 0.6128267151860758 0 0 0 0 0 0 0 0 0 0 0 0 0
0 0 0.2180159272784954 0 0.0180136034567036 0.1045399964413884 0 0 0 0 0 0 0 0 0 0 0 0.559536063893087 0 0 0 0 0 0 0 0 0 0 0 0 0 0 0 0 0 0.5185974881090801 0 0 0 0 0 0 0 0.0440383540075321 0 0 0.1966139318073988 0.5644427149082212 0 0
0 0 0 0 0 0 0.6993154785042414 0 0 0 0 0 0 0 0 0 0 0 0 0 0 0 0 0 0 0 0 0 0.2870602231475891 0 0 0.6546405806324875 0 0 0 0 0 0 0 0 0 0 0 0 0 0 0 0 0 0
0 0 0 0 0 0 0 0 1 0 0 0 0 0 0 0 0 0 0 0 0 0 0 0 0 0 0 0 0 0 0 0 0 0 0 0 0 0 0 0 0 0 0 0 0 0 0 0 0 0
0 0 0 0 0 0 0 0.3660247201312462 0 0 0 0 0 0.4274148294185326 0 0 0 0 0 0 0 0 0 0 0 0 0 0 0 0 0 0 0 0 0 0 0 0 0 0 0 0.1918832343319659 0 0 0.7704984913998818 0.2299029512180736 0 0 0 0
0 0 0 0.06021416239665526 0 0 0 0 0 0 0 0 0 0 0 0 0 0 0 0 0 0 0 0 0 0 0 0 0 0 0.8609600453309711 0 0 0 0.5050960849091598 0 0 0 0 0 0 0 0 0 0 0 0 0 0 0
