0 0 0 0 0 0 0 0.5312325673987154 0 0 0.01843125193897721 0.173132672887407 0 0 0 0 0 0 0 0 0 0.0853272642627895 0.07558858370187922 0 0 0.6801771263331986 0 0 0 0 0 0 0 0.3419920551175463 0 0 0 0 0 0.2602387740000551 0 0 0 0 0 0 0 0 0.1648006110719949 0
0 0 0 0 0 0.1492738639378835 0 0 0 0 0 0 0 0 0.303894692865782 0 0 0 0 0 0 0 0 0 0 0 0 0 0.6328159771884012 0 0 0 0.02022041286694016 0 0 0 0 0 0 0 0 0 0 0.6960606317783284 0 0 0 0 0 0
0 0 0 0 0 0 0 0 0 0 0 0 0 0 0 0 0 0 0 0 0 0 0 0.5096134285794146 0 0 0 0.531654281049011 0 0 0.3529250576665423 0 0 0 0 0 0 0 0 0 0 0 0.5752034655206878 0 0 0.04714611095150633 0 0 0 0
0.4704465714899382 0 0 0 0 0 0 0 0 0 0 0 0 0 0 0 0 0 0 0 0 0 0 0 0 0 0 0 0 0 0 0 0 0 0 0.882428480599625 0 0 0 0 0 0 0 0 0 0 0 0 0 0
0 0 0 1 0 0 0 0 0 0 0 0 0 0 0 0 0 0 0 0 0 0 0 0 0 0 0 0 0 0 0 0 0 0 0 0 0 0 0 0 0 0 0 0 0 0 0 0 0 0
0 0 0 0 0 0 0 0 0 0 0 0 0 0.4660086897643074 0 0.5366074432368065 0.01032004759824171 0 0 0 0.07551898807825647 0 0 0 0.006948908782027622 0 0.1125094278392069 0 0 0 0 0 0 0 0 0 0.2103831241670325 0.4124935613818664 0 0 0 0 0 0 0.5118203553811376 0 0 0 0 0
0 0 0 0 0.5738528548935192 0 0 0 0 0 0 0 0 0 0 0 0 0 0 0 0 0 0 0 0 0 0 0 0 0 0 0.4769900295011952 0 0 0.3273132878030248 0 0 0 0.1524329302322823 0 0.1209327105655413 0 0 0 0 0 0 0 0 0.5460576028320197
0 0 0 0 0 0 0 0 0.7617893501696239 0.1025631407616704 0 0 0 0 0 0 0 0 0 0 0 0 0 0 0 0 0 0 0 0 0 0 0 0 0 0 0 0 0 0 0 0.05491379799922116 0 0 0 0 0.6372929176717287 0 0 0
0 0.3287703131772806 0 0 0 0 0 0 0 0 0 0 0.4958484529225566 0 0 0 0 0.2143898911915351 0.3569209591576608 0.6875236696845259 0 0 0 0 0 0 0 0 0 0 0 0 0 0 0 0 0 0 0 0 0 0 0 0 0 0 0 0 0 0
0 0 0.397454084262197 0 0 0 0.4442908958338556 0 0 0 0 0 0 0 0 0 0 0 0 0 0 0 0 0 0 0 0 0 0 0.5399376015508335 0 0 0 0 0 0 0 0 0 0 0 0 0 0 0 0 0 0.5942249045723192 0 0
