0 0.221034571805634 0 0 0 0 0 0 0 0.08990419457650159 0 0.5228742556925187 0 0 0 0 0 0 0 0 0 0 0 0 0 0 0 0 0 0 0 0 0 0 0 0 0 0.1226042322590738 0 0 0 0 0.255779782382145 0 0 0 0 0 0 0
0 0 0 0 0 0 0 0 0 0 0 0 0 0 0 0 0 0 0 0 0 0 0.1909420272957207 0 0 0 0 0 0 0 0 0 0 0 0 0 0 0 0 0 0 0 0 0 0 0 0 0 0 0
0 0 0 0 0 0.1955960646005543 0 0 0 0 0 0 0 0 0 0 0 0 0 0 0 0 0 0 0.336017794267246 0 0 0 0 0 0 0.04330971190203563 0 0 0 0 0 0 0 0 0 0 0 0 0.3319012016100126 0 0 0.3383572211632571 0.2277773194416691 0
0 0 0 0 0 0 0 0 0.1133653230143668 0 0 0 0 0 0 0 0 0.1340294379750511 0 0 0 0 0 0 0 0 0 0 0 0 0 0 0 0.1400423146344098 0.1257977988863598 0.1726071230200354 0.1008414016298518 0 0 0 0 0 0 0 0 0 0 0 0 0
0 0 0 0 0.1928224277240223 0 0.1790768947615604 0 0 0 0 0 0 0 0 0 0 0 0 0 0 0.2702919657493888 0 0 0 0 0 0 0 0.1444777867870311 0 0 0 0 0 0 0 0 0.04930880299371083 0 0 0.2806729762809905 0 0 0 0 0.1992207652245274 0 0 0
0 0 0.1397135610211551 0 0 0 0 0 0 0 0.2860579203256331 0 0 0 0 0 0 0 0 0 0 0 0 0 0 0.04226120791427321 0 0.2695076470444016 0.2150093151706266 0 0 0 0 0 0 0 0 0 0 0.07594725004430132 0.3067924745448097 0 0 0 0 0.11246844020061 0 0 0 0.2690841862606045
0 0 0 0 0 0 0 0 0.09784018648865153 0 0 0 0 0 0 0 0 0.1156743954655895 0 0 0 0 0 0 0 0 0 0 0 0 0 0 0 0.1208638216326226 0.1085700615993793 0.1489689497326239 0.08703138913114862 0 0 0 0 0 0 0 0 0 0 0 0 0
0.1855992790822605 0 0 0 0 0 0 0 0 0 0 0 0 0 0 0 0 0 0 0 0 0 0 0 0 0 0 0 0 0 0.6172830138510002 0 0.00901454266866414 0 0 0 0 0 0 0 0 0 0 0 0 0 0 0 0 0
0.03852574853169505 0 0 0 0 0 0 0 0 0 0 0 0 0 0 0 0 0 0 0 0 0 0 0 0 0 0 0 0 0 0.1281324490165192 0 0.001871192634467425 0 0 0 0 0 0 0 0 0 0 0 0 0 0 0 0 0
0 0 0.0611534003484071 0 0 0 0 0 0 0 0.1252091378721452 0 0 0 0 0 0 0 0 0 0 0 0 0 0 0.01849796503574549 0 0.1179649914883203 0.09411076944259726 0 0 0 0 0 0 0 0 0 0 0.03324253245979815 0.1342847672236801 0 0 0 0 0.04922805989539814 0 0 0 0.1177796403552297
0.1386834282031872 0 0 0 0 0 0 0 0 0 0 0 0 0 0 0 0 0 0 0 0 0 0 0 0 0 0 0 0 0 0.4612459970521213 0 0.006735843410362368 0 0 0 0 0 0 0 0 0 0 0 0 0 0 0 0 0
0.1224397900392675 0 0 0 0 0 0 0 0 0 0 0 0 0 0 0 0 0 0 0 0 0 0 0 0 0 0 0 0 0 0.4072214234044761 0 0.0059468911577079 0 0 0 0 0 0 0 0 0 0 0 0 0 0 0 0 0
0 0 0 0 0 0 0 0 0.04313126817653773 0 0 0 0 0 0 0 0 0.05099319156105569 0 0 0 0 0 0 0 0 0 0 0 0 0 0 0 0.05328086638799 0.04786136055994947 0.06567055881113054 0.03836638419354997 0 0 0 0 0 0 0 0 0 0 0 0 0
0 0.2069816443699845 0 0 0 0 0 0 0 0.08418826917974934 0 0.4896309765385339 0 0 0 0 0 0 0 0 0 0 0 0 0 0 0 0 0 0 0 0 0 0 0 0 0 0.114809305134482 0 0 0 0 0.2395178252957067 0 0 0 0 0 0 0
0 0.1650283193256516 0 0 0 0 0 0 0 0.06712406122754887 0 0.3903871640110009 0 0 0 0 0 0 0 0 0 0 0 0 0 0 0 0 0 0 0 0 0 0 0 0 0 0.09153848751641784 0 0 0 0 0.1909697078569425 0 0 0 0 0 0 0
0 0 0 0 0 0.1559948881957607 0 0 0 0 0 0 0 0 0 0 0 0 0 0 0 0 0 0 0.2679862621753208 0 0 0 0 0 0 0.03454105111851778 0 0 0 0 0 0 0 0 0 0 0 0 0.2647031316449391 0 0 0.2698520391674638 0.1816605950247352 0
0 0 0 0 0 0 0 0 0 0 0 0 0 0 0 0 0 0 0.2491902949435346 0 0.03101806545732631 0 0 0 0 0 0.3576067520613839 0 0 0 0 0 0 0 0 0 0 0 0 0 0 0 0 0 0 0 0 0 0 0
0 0 0 0 0 0 0 0 0.01149056494556522 0 0 0 0 0 0 0 0 0.01358505335423211 0 0 0 0 0 0 0 0 0 0 0 0 0 0 0 0.01419451088433837 0.01275070488644647 0.01749523844145472 0.01022115620384898 0 0 0 0 0 0 0 0 0 0 0 0 0
0 0 0 0.1267477427540784 0 0 0 0.1330920977620751 0 0 0 0 0 0.02015811675363305 0 0 0.07480903333406798 0 0 0.002358340574980543 0 0 0 0.1307559616259917 0 0 0 0 0 0 0 0 0 0 0 0 0 0 0 0 0 0 0 0.1841950525058768 0 0 0 0 0 0
0 0 0 0 0.06930834911015546 0 0.06436763651508853 0 0 0 0 0 0 0 0 0 0 0 0 0 0 0.09715410258520958 0 0 0 0 0 0 0 0.05193128726514134 0 0 0 0 0 0 0 0 0.01772362153319278 0 0 0.1008854667762581 0 0 0 0 0.07160817602574804 0 0 0
0 0 0 0 0 0 0 0 0 0 0 0 0 0 0 0 0 0 0 0 0 0 0.7454913906255551 0 0 0 0 0 0 0 0 0 0 0 0 0 0 0 0 0 0 0 0 0 0 0 0 0 0 0
0 0 0 0 0.1225727643821889 0 0.1138350465087947 0 0 0 0 0 0 0 0 0 0 0 0 0 0 0.1718183606712833 0 0 0 0 0 0 0 0.09184119257980203 0 0 0 0 0 0 0 0 0.03134446735608092 0 0 0.1784173293335813 0 0 0 0 0.1266400397720083 0 0 0
0 0 0.0199952130563064 0 0 0 0 0 0 0 0.04093939787626542 0 0 0 0 0 0 0 0 0 0 0 0 0 0 0.006048245067168563 0 0.03857079286770643 0.03077122245331821 0 0 0 0 0 0 0 0 0 0 0.01086924872988128 0.04390683944893563 0 0 0 0 0.01609600676902896 0 0 0 0.03851018895401954
0 0 0 0 0 0.01624516077146856 0 0 0 0 0 0 0 0 0 0 0 0 0 0 0 0 0 0 0.02790783700629828 0 0 0 0 0 0 0.003597072539528796 0 0 0 0 0 0 0 0 0 0 0 0 0.02756593488426952 0 0 0.02810213726543903 0.01891796331373418 0
0 0 0 0 0 0 0 0 0 0 0 0 0.1436212673423707 0 0.2718587023957319 0.05607692118485694 0 0 0 0 0 0 0 0 0 0 0 0 0 0 0 0 0 0 0 0 0 0 0 0 0 0 0 0 0 0 0 0 0 0
0 0 0 0 0.02495935557994172 0 0.02318010381501253 0 0 0 0 0 0 0 0 0 0 0 0 0 0 0.03498718153884104 0 0 0 0 0 0 0 0.01870151981999582 0 0 0 0 0 0 0 0 0.006382638999353278 0 0 0.03633092218247722 0 0 0 0 0.02578757034043707 0 0 0
0 0 0 0 0 0 0 0 0.02181486067531187 0 0 0 0 0 0 0 0 0.02579125113457805 0 0 0 0 0 0 0 0 0 0 0 0 0 0 0 0.02694830748209202 0.02420723888925948 0.03321474539239216 0.01940488562432446 0 0 0 0 0 0 0 0 0 0 0 0 0
0 0 0 0 0 0 0 0 0 0 0 0 0 0 0 0 0 0 0.1037378949998658 0 0.01291281756474588 0 0 0 0 0 0.148871655314638 0 0 0 0 0 0 0 0 0 0 0 0 0 0 0 0 0 0 0 0 0 0 0
0 0 0 0 0 0 0 0 0 0 0 0 0.02462532909324287 0 0.0466129434535483 0.009614959290263497 0 0 0 0 0 0 0 0 0 0 0 0 0 0 0 0 0 0 0 0 0 0 0 0 0 0 0 0 0 0 0 0 0 0
0 0 0 0 0 0 0 0 0.03880725171090033 0 0 0 0 0 0 0 0 0.04588099780308614 0 0 0 0 0 0 0 0 0 0 0 0 0 0 0 0.04793932756232618 0.04306314061700776 0.05908692263227585 0.03452005914924895 0 0 0 0 0 0 0 0 0 0 0 0 0
0 0 0 0 0 0 0 0 0 0 0 0 0.406389052992934 0 0.7692481946362532 0.1586745982455918 0 0 0 0 0 0 0 0 0 0 0 0 0 0 0 0 0 0 0 0 0 0 0 0 0 0 0 0 0 0 0 0 0 0
0.1047918222415034 0 0 0 0 0 0 0 0 0 0 0 0 0 0 0 0 0 0 0 0 0 0 0 0 0 0 0 0 0 0.3485262021492204 0 0.005089730723061788 0 0 0 0 0 0 0 0 0 0 0 0 0 0 0 0 0
0 0 0 0 0 0.1618776042684788 0 0 0 0 0 0 0 0 0 0 0 0 0 0 0 0 0 0 0.2780922798147454 0 0 0 0 0 0 0.03584362711272915 0 0 0 0 0 0 0 0 0 0 0 0 0.2746853392995411 0 0 0.2800284170374493 0.1885111893903049 0
0 0 0 0 0 0 0 0 0.03613485173509935 0 0 0 0 0 0 0 0 0.04272147549699477 0 0 0 0 0 0 0 0 0 0 0 0 0 0 0 0.04463806163471371 0.04009766558671901 0.05501799521146868 0.03214288990463612 0 0 0 0 0 0 0 0 0 0 0 0 0
0 0 0 0.01303744607082475 0 0 0 0.01369003509902867 0 0 0 0 0 0.002073491443352929 0 0 0.007694959425003721 0 0 0.000242582135151731 0 0 0 0.01344973694281309 0 0 0 0 0 0 0 0 0 0 0 0 0 0 0 0 0 0 0 0.01894655487646411 0 0 0 0 0 0
0 0 0 0.3684774527059477 0 0 0 0.3869215821366759 0 0 0 0 0 0.0586031068587909 0 0 0.2174827057537065 0 0 0.006856101014500703 0 0 0 0.38013003323889 0 0 0 0 0 0 0 0 0 0 0 0 0 0 0 0 0 0 0 0.5354866467333588 0 0 0 0 0 0
0 0 0.1147940031280949 0 0 0 0 0 0 0 0.2350361236280051 0 0 0 0 0 0 0 0 0 0 0 0 0 0 0.03472342411180523 0 0.2214377863661781 0.1766598733714131 0 0 0 0 0 0 0 0 0 0 0.06240116417786838 0.252072426077811 0 0 0 0 0.09240837025294825 0 0 0 0.2210898547968692
0 0 0 0 0 0 0 0 0.2020791848959795 0 0 0 0 0 0 0 0 0.2389139717321861 0 0 0 0 0 0 0 0 0 0 0 0 0 0 0 0.2496322159173968 0.2242406759379351 0.3076805657997236 0.1797546877941331 0 0 0 0 0 0 0 0 0 0 0 0 0
0 0 0 0 0 0.0008088959387448927 0 0 0 0 0 0 0 0 0 0 0 0 0 0 0 0 0 0 0.001389616042039845 0 0 0 0 0 0 0.0001791091765435687 0 0 0 0 0 0 0 0 0 0 0 0 0.001372591696030106 0 0 0.001399290842599041 0.0009419829024210442 0
0 0 0 0 0 0 0 0 0 0 0 0 0 0 0 0 0 0 0.5023473402500511 0 0.06252989381356376 0 0 0 0 0 0.7209060882335 0 0 0 0 0 0 0 0 0 0 0 0 0 0 0 0 0 0 0 0 0 0 0
0 0 0 0 0 0 0 0 0.105752334701285 0 0 0 0 0 0 0 0 0.1250287619501289 0 0 0 0 0 0 0 0 0 0 0 0 0 0 0 0.1306378470573751 0.1173499142310857 0.1610157829579631 0.09406945063399437 0 0 0 0 0 0 0 0 0 0 0 0 0
0 0 0 0 0 0 0 0 0.159753464118863 0 0 0 0 0 0 0 0 0.1888731619254082 0 0 0 0 0 0 0 0 0 0 0 0 0 0 0 0.1973464573751136 0.1772732050353457 0.2432365127257377 0.142104858951699 0 0 0 0 0 0 0 0 0 0 0 0 0
0 0 0 0 0.1779178766467833 0 0.1652348290006877 0 0 0 0 0 0 0 0 0 0 0 0 0 0 0.249399269516744 0 0 0 0 0 0 0 0.133310120358851 0 0 0 0 0 0 0 0 0.04549739173075783 0 0 0.2589778614525014 0 0 0 0 0.1838216433174772 0 0 0
0 0 0 0 0 0 0 0 0.1255078868156048 0 0 0 0 0 0 0 0 0.1483853358685356 0 0 0 0 0 0 0 0 0 0 0 0 0 0 0 0.1550422519618576 0.1392720056227474 0.1910950781379624 0.1116425277638246 0 0 0 0 0 0 0 0 0 0 0 0 0
0 0 0.1054986526756969 0 0 0 0 0 0 0 0.2160042658779311 0 0 0 0 0 0 0 0 0 0 0 0 0 0 0.03191172326305695 0 0.2035070428465882 0.16235498470897 0 0 0 0 0 0 0 0 0 0 0.05734828097957392 0.2316610676798914 0 0 0 0 0.08492567810153323 0 0 0 0.2031872847513463
0 0 0 0 0 0 0 0 0 0 0 0 0 0 0 0 0 0 0 0 0 0 0.6385794615514785 0 0 0 0 0 0 0 0 0 0 0 0 0 0 0 0 0 0 0 0 0 0 0 0 0 0 0
0 0 0 0.1577774932075049 0 0 0 0.1656750415774382 0 0 0 0 0 0.02509312639471119 0 0 0.09312340789868723 0 0 0.002935697756542517 0 0 0 0.1627669842398188 0 0 0 0 0 0 0 0 0 0 0 0 0 0 0 0 0 0 0 0.2292887669170492 0 0 0 0 0 0
0.04188803799614094 0 0 0 0 0 0 0 0 0 0 0 0 0 0 0 0 0 0 0 0 0 0 0 0 0 0 0 0 0 0.1393150580455809 0 0.00203449877440245 0 0 0 0 0 0 0 0 0 0 0 0 0 0 0 0 0
0 0 0 0 0.2039490630174143 0 0.1894103571134442 0 0 0 0 0 0 0 0 0 0 0 0 0 0 0.2858889072521266 0 0 0 0 0 0 0 0.152814740431638 0 0 0 0 0 0 0 0 0.05215412069943946 0 0 0.2968689441497241 0 0 0 0 0.2107166105143523 0 0 0
0 0 0 0 0 0 0 0 0 0 0 0 0.1574381993381946 0 0.2980125810864165 0.06147174202778484 0 0 0 0 0 0 0 0 0 0 0 0 0 0 0 0 0 0 0 0 0 0 0 0 0 0 0 0 0 0 0 0 0 0
