0 0 0 0 0 0 0 0 0 0 0 0 0 0 0 0 0 0 0 0 0 0 1 0 0 0 0 0 0 0 0 0 0 0 0 0 0 0 0 0 0 0 0 0 0 0 0 0 0 0
0 0 0 0 1 0 0 0 0 0 0 0 0 0 0 0 0 0 0 0 0 0 0 0 0 0 0 0 0 0 0 0 0 0 0 0 0 0 0 0 0 0 0 0 0 0 0 0 0 0
0.9988225640989384 0 0 0 0 0 0 0 0 0 0 0 0 0 0 0 0 0 0 0 0 0 0 0 0 0 0 0 0 0 0 0 0.04851273489324127 0 0 0 0 0 0 0 0 0 0 0 0 0 0 0 0 0
0 0 0 0 0 0 0 0 0 0 0 0 0 0 0 0 0 0 0 0 0 0 0 0 0 0 0 0 0 0 1 0 0 0 0 0 0 0 0 0 0 0 0 0 0 0 0 0 0 0
0 0 0 0 0 1 0 0 0 0 0 0 0 0 0 0 0 0 0 0 0 0 0 0 0 0 0 0 0 0 0 0 0 0 0 0 0 0 0 0 0 0 0 0 0 0 0 0 0 0
0 0 0 0 0 0 0 0 0 0 0 0 0 0 0 0 0 0 0 0 0 0 0 0 0.537157550920568 0 0 0 0 0 0 0.06923484164612456 0 0 0 0 0 0 0 0 0 0 0 0 0.5305767719629562 0 0 0.5408973553102713 0.3641244873157761 0
0 0 0 0 0 0 0.3766711862526137 0 0 0 0 0 0 0 0 0 0 0 0 0 0 0.5685333973929692 0 0 0 0 0 0 0 0 0 0 0 0 0 0 0 0 0.1037163691109765 0 0 0.5903688639764485 0 0 0 0 0.4190418985274029 0 0 0
0 0 0 0 0 0 0 0 0 0 0 0 0 0 0 0 0 0 0 0 0 0 0 0 0 0 0 0 0 1 0 0 0 0 0 0 0 0 0 0 0 0 0 0 0 0 0 0 0 0
0 0 0 0 0 0 0 0 0 0 0.5831885199234479 0 0 0 0 0 0 0 0 0 0 0 0 0 0 0 0 0 0.4383411727994578 0 0 0 0 0 0 0 0 0 0 0.154834252780601 0.625460217811026 0 0 0 0 0.229290288847895 0 0 0 0
0 0 0.3425560562511561 0 0 0 0 0 0 0 0 0 0 0 0 0 0 0 0 0 0 0 0 0 0 0.1036179495369926 0 0.6607910930498698 0 0 0 0 0 0 0 0 0 0 0 0 0 0 0 0 0 0 0 0 0 0.6597528326618708
0 0 0 0 0 0 0 0 0 0 0 0 0.931512592079026 0 0 0.3637090743963008 0 0 0 0 0 0 0 0 0 0 0 0 0 0 0 0 0 0 0 0 0 0 0 0 0 0 0 0 0 0 0 0 0 0
0 0 0 0 0 0 0 0 0 0 0 0 0 0 1 0 0 0 0 0 0 0 0 0 0 0 0 0 0 0 0 0 0 0 0 0 0 0 0 0 0 0 0 0 0 0 0 0 0 0
0 0.3483089323865132 0 0 0 0 0 0 0 0 0 0.8239515306809202 0 0 0 0 0 0 0 0 0 0 0 0 0 0 0 0 0 0 0 0 0 0 0 0 0 0.1932012213988762 0 0 0 0 0.4030608524259315 0 0 0 0 0 0 0
0 0 0 0 0 0 0 0 0 1 0 0 0 0 0 0 0 0 0 0 0 0 0 0 0 0 0 0 0 0 0 0 0 0 0 0 0 0 0 0 0 0 0 0 0 0 0 0 0 0
0 0 0 0 0 0 0 0 0 0 0 0 0 0 0 0 0 0.6914271433447611 0 0 0 0 0 0 0 0 0 0 0 0 0 0 0 0.7224461955371508 0 0 0 0 0 0 0 0 0 0 0 0 0 0 0 0
0 0 0 0 0 0 0 0 0.4327078639294908 0 0 0 0 0 0 0 0 0 0 0 0 0 0 0 0 0 0 0 0 0 0 0 0 0 0.4801617937104988 0.6588298565651252 0.3849048927367253 0 0 0 0 0 0 0 0 0 0 0 0 0
0 0 0 0.8531132116714302 0 0 0 0 0 0 0 0 0 0.1356801734789569 0 0 0.5035243492540088 0 0 0.01587350952703227 0 0 0 0 0 0 0 0 0 0 0 0 0 0 0 0 0 0 0 0 0 0 0 0 0 0 0 0 0 0
0 0 0 0 0 0 0 0.5076360049269013 0 0 0 0 0 0 0 0 0 0 0 0 0 0 0 0.4987255824823868 0 0 0 0 0 0 0 0 0 0 0 0 0 0 0 0 0 0 0 0.702551407285943 0 0 0 0 0 0
0 0 0 0 0 0 0 0 0 0 0 0 0 0 0 0 0 0 0.571714253959279 0 0 0 0 0 0 0 0.8204528090145008 0 0 0 0 0 0 0 0 0 0 0 0 0 0 0 0 0 0 0 0 0 0 0
0 0 0 0 0 0 0 0 0 0 0 0 0 0 0 0 0 0 0 0 1 0 0 0 0 0 0 0 0 0 0 0 0 0 0 0 0 0 0 0 0 0 0 0 0 0 0 0 0 0
