0 0 0 0 0 0 0 0 0 0 0 0 0 0 0 0 0 0 0 0 0 0 1 0 0 0 0 0 0 0 0 0 0 0 0 0 0 0 0 0 0 0 0 0 0 0 0 0 0 0
0.2879094560355594 0 0 0 0 0 0 0 0 0 0 0 0 0 0 0 0 0 0 0 0 0 0 0 0 0 0 0 0 0 0.9575555337101451 0 0.01398374007150169 0 0 0 0 0 0 0 0 0 0 0 0 0 0 0 0 0
0 0 0 0 0 0.2984311377106365 0 0 0 0 0 0 0 0 0 0 0 0 0 0 0 0 0 0 0.5126799091739427 0 0 0 0 0 0 0.06607989083645274 0 0 0 0 0 0 0 0 0 0 0 0 0.5063990086215809 0 0 0.5162492950488233 0.3475317600304303 0
0 0 0 0 0.3617750392511896 0 0.3359855562241399 0 0 0 0 0 0 0 0 0 0 0 0 0 0 0.5071240294631144 0 0 0 0 0 0 0 0.2710704226824307 0 0 0 0 0 0 0 0 0.09251358542176742 0 0 0.5266009675810829 0 0 0 0 0.3737796531734902 0 0 0
0 0 0.2190138235890877 0 0 0 0 0 0 0 0.4484220317666452 0 0 0 0 0 0 0 0 0 0 0 0 0 0 0.06624832025716462 0 0.4224779601513066 0.3370468255093715 0 0 0 0 0 0 0 0 0 0 0.119054281500708 0.4809253475991684 0 0 0 0 0.1763045973590676 0 0 0 0.4218141465263329
0 0 0 0 0 0 0 0 0 0 0 0 0.4595348999470291 0 0.8698472302666816 0.1794253932085884 0 0 0 0 0 0 0 0 0 0 0 0 0 0 0 0 0 0 0 0 0 0 0 0 0 0 0 0 0 0 0 0 0 0
0 0.3448652334156808 0 0 0 0 0 0 0 0.140271410007924 0 0.8158051962795015 0 0 0 0 0 0 0 0 0 0 0 0 0 0 0 0 0 0 0 0 0 0 0 0 0 0.1912910583641925 0 0 0 0 0.3990758261644122 0 0 0 0 0 0 0
0 0 0 0 0 0 0 0 0.3478466739628484 0 0 0 0 0 0 0 0 0.4112518093987441 0 0 0 0 0 0 0 0 0 0 0 0 0 0 0 0.4297015353933651 0.3859941009379217 0.5296223928829324 0.3094186583868365 0 0 0 0 0 0 0 0 0 0 0 0 0
0 0 0 0.4205999712420483 0 0 0 0.4416530919993165 0 0 0 0 0 0.06689273625426438 0 0 0.248246450668582 0 0 0.007825922233110976 0 0 0 0.4339008530220859 0 0 0 0 0 0 0 0 0 0 0 0 0 0 0 0 0 0 0 0.6112332425297299 0 0 0 0 0 0
0 0 0 0 0 0 0 0 0 0 0 0 0 0 0 0 0 0 0.5702720440363087 0 0.07098484952798695 0 0 0 0 0 0.8183831296698016 0 0 0 0 0 0 0 0 0 0 0 0 0 0 0 0 0 0 0 0 0 0 0
