0 0 0 0 0 0 0 0 0.6198028776971888 0 0 0 0 0 0 0 0 0 0.3880306367301966 0 0 0 0 0 0 0.6386256912111887 0 0 0 0 0 0 0 0 0 0 0 0 0 0 0 0 0 0 0 0 0 0 0 0 0 0 0 0 0 0 0 0 0 0 0 0 0 0 0 0 0 0 0 0 0 0 0 0 0 0 0 0 0 0 0 0 0 0 0 0 0 0.2396535922578112 0 0 0 0 0 0 0 0 0 0 0 0
0 0 0 0 0 0 0 0 0 0 0 0 0 0 0 0 0 0 0 0 0 0 0 0.4532781360341869 0 0 0 0 0 0 0 0 0 0 0 0 0 0 0 0 0 0 0 0 0 0 0 0 0 0 0 0 0 0 0 0 0 0 0 0 0 0 0 0 0 0 0 0 0 0 0 0 0.7025855642419933 0 0 0 0 0 0 0 0 0 0 0 0 0 0 0 0 0 0 0 0 0 0.5485548799456014 0 0 0 0 0
0 0 0 0 0 0 0 0.4162479263091842 0 0 0 0.6663516569669095 0 0 0 0 0 0 0 0 0 0 0 0 0 0 0 0 0 0 0 0 0 0 0 0 0 0 0 0 0 0 0 0 0 0 0 0 0 0 0 0 0 0 0 0 0 0 0 0 0 0 0 0 0 0.6186381277457429 0 0 0 0 0 0 0 0 0 0 0 0 0 0 0 0 0 0 0 0 0 0 0 0 0 0 0 0 0 0 0 0 0 0
0 0 0 0 0 0 0.09636799579421726 0 0 0 0.2533081838666097 0 0 0 0 0 0 0 0 0 0 0 0 0 0 0 0 0 0 0 0 0 0 0 0 0 0 0 0.3255004947112742 0 0 0 0 0 0 0 0 0 0 0 0 0 0.3561502669339017 0 0 0 0 0.3810979846388516 0 0 0 0 0 0.4743326863822231 0 0 0 0 0 0 0 0 0 0 0 0 0 0 0 0 0 0 0 0 0 0 0.5687947058579758 0 0 0 0 0 0 0 0 0 0 0 0 0
0 0 0 0 0 0 0 0 0 0 0 0 0 0 0 0 0 0 0 0 0 0 0 0 0 0 0 0 0 0 0 0 0 0 0 0 0 0 0 0 0 0 0 0 0 0 0 0 0 0 0 0 0 0 0 0 0 0 0 0.6509145295142601 0 0.07793138724929767 0 0 0 0 0.3969294494253985 0 0 0 0 0 0 0 0 0 0 0 0 0 0 0 0 0 0 0 0 0 0 0 0 0 0.2003732593472081 0 0 0.6103560790768416 0 0 0 0
0 0 0 0 0 0 0 0 0 0 0 0 0 0 0 0 0 0 0 0 0 0 0 0 0 0 0 0 0 0.5461887394696282 0 0 0 0 0 0 0 0 0 0 0 0 0.7956869478053786 0 0 0 0 0 0 0 0 0 0 0 0 0 0.1032108702341518 0 0 0 0 0 0 0 0 0 0 0 0 0 0 0 0 0 0 0 0.2392644496357895 0 0 0 0 0 0 0 0 0 0 0 0 0 0 0 0 0 0 0 0.02569399491575654 0 0 0
0 0 0 0 0 0 0 0 0 0 0 0 0.5292690233763379 0 0 0 0 0 0 0 0.5026854307891655 0 0 0 0 0 0 0 0 0 0 0 0 0 0 0 0 0 0 0.4490608985798058 0 0 0 0 0 0 0 0.03840102956317468 0 0 0 0 0 0.1266947460063688 0 0 0 0 0 0 0 0 0 0 0 0 0 0 0.4914446298139422 0 0 0 0 0 0 0 0 0 0 0 0.08051053361624984 0 0 0 0 0 0 0 0 0 0 0 0 0 0 0 0 0 0 0
0 0 0.287855968762703 0 0 0.570547722559084 0 0 0 0 0 0 0 0 0 0 0 0 0 0 0 0 0 0 0 0 0.5767793967603335 0 0 0 0 0 0 0 0.2433266873558783 0 0 0 0 0 0 0 0 0 0 0 0 0 0.04716313148876607 0 0 0 0 0 0 0 0 0 0 0 0 0 0 0 0 0 0 0 0 0 0 0 0 0 0 0 0 0 0 0 0 0 0 0 0 0.01552945683864892 0 0 0 0 0 0 0 0 0 0 0 0 0.4441467811681161 0
0 0 0 0 0 0 0 0 0 0 0 0 0 0 0 0 0 0 0 0.6656515613524396 0 0 0 0 0 0 0 0 0 0 0 0 0 0 0 0.2616763039767821 0 0 0 0 0 0 0 0 0 0 0 0 0 0 0 0 0 0 0 0 0 0 0 0 0.5084437040557487 0 0 0 0 0 0 0 0 0 0 0 0 0 0 0 0 0 0 0 0 0 0 0 0 0 0 0 0 0 0.4794981862449329 0 0 0 0 0 0 0 0 0
0 0 0 0 0 0 0 0 0 0 0 0 0 0 0 0.6738206505971188 0 0.7388949389655307 0 0 0 0 0 0 0 0 0 0 0 0 0 0 0 0 0 0 0 0 0 0 0 0 0 0 0 0 0 0 0 0 0 0 0 0 0 0 0 0 0 0 0 0 0 0 0 0 0 0 0 0 0 0 0 0 0 0 0 0 0 0 0 0 0 0 0 0 0 0 0 0 0 0 0 0 0 0 0 0 0 0
0 0 0 0 0 0 0 0 0 0 0 0 0 0 0 0 0 0 0 0 0 0 0 0 0 0 0 0 0 0 0 0 0 0 0 0 0 0 0 0 0 0 0 0.5402948796153166 0 0.519228167418322 0 0 0 0 0 0 0 0 0 0 0 0 0 0 0 0 0.3213778844401255 0 0.4405936241247713 0 0 0 0 0 0 0 0 0 0 0 0 0 0 0 0 0 0 0 0.09121734280806046 0 0 0 0 0 0 0 0 0 0 0 0 0 0 0.3643576036880625
0 0 0 0 0 0 0 0 0 0 0 0 0 0.5285498336557483 0 0 0 0 0 0 0 0.1106679811229758 0 0 0 0 0 0 0.3777395179360188 0 0 0 0 0 0 0 0 0 0 0 0 0 0 0 0.4409288312896396 0 0.2800886668074171 0 0 0 0 0 0 0 0.187806285729934 0 0 0 0 0 0 0 0 0 0 0 0 0 0 0 0 0 0 0 0 0 0 0 0 0 0 0 0 0 0 0 0 0 0 0 0 0 0 0 0 0 0 0.507505104792092 0 0
0 0 0 0.4832264172164696 0 0 0 0 0 0 0 0 0 0 0 0 0 0 0 0 0 0 0 0 0 0 0 0.72881758721957 0 0 0 0 0 0 0 0 0.3783234165009653 0 0 0 0 0 0 0 0 0 0 0 0 0 0 0 0 0 0 0 0 0 0 0 0 0 0 0 0 0 0 0 0 0 0 0 0 0 0 0 0 0.3036256688598905 0 0 0 0 0 0 0 0 0 0 0 0 0 0 0 0 0 0 0 0 0 0
0 0 0 0 0 0 0 0 0 0 0 0 0 0 0 0 0 0 0 0 0 0 0 0 0.7550766312874411 0 0 0 0 0 0 0 0 0.3706114893352936 0 0 0 0 0 0 0 0.2221070643785052 0 0 0 0 0 0 0 0 0 0.4681157091373694 0 0 0 0 0 0 0 0 0 0 0 0 0 0 0 0 0 0 0 0 0 0 0 0 0 0 0 0 0 0 0 0 0 0 0 0 0 0.1550565692522102 0 0 0 0 0 0 0 0 0 0
0 0 0 0 0 0 0 0 0 0 0 0 0 0 0 0 0 0 0 0 0 0 0 0 0 0 0 0 0 0 0 0 0 0 0 0 0 0 0 0 0 0 0 0 0 0 0 0 0 0 0 0 0 0 0 0 0 0 0.3228931698786482 0 0 0 0 0 0 0 0 0 0 0 0 0 0 0.946435418211786 0 0 0 0 0 0 0 0 0 0 0 0 0 0 0 0 0 0 0 0 0 0 0 0 0 0
0 0 0 0 0 0 0 0 0 0 0 0 0 0 0 0 0.1504568883747819 0 0 0 0 0 0.3222899221652253 0 0 0 0 0 0 0 0.4519800786484163 0.3675904507924036 0 0 0 0 0 0 0 0 0 0 0 0 0 0 0 0 0 0 0 0 0 0 0 0 0 0 0 0 0 0 0 0 0 0 0 0.01175899556970936 0 0 0 0 0 0 0.01820488265872749 0.385321471558135 0 0 0.2349364538600069 0.5215732237567747 0 0 0 0 0 0 0 0 0 0 0 0 0 0.2406389547372109 0 0 0 0 0 0
0 0 0 0 0 0 0 0 0 0.00930552222857488 0 0 0 0 0.5609667188463086 0 0 0 0 0 0 0 0 0 0 0 0 0 0 0 0 0 0 0 0 0 0 0 0 0 0 0 0 0 0 0 0 0 0 0 0.542112356097008 0 0 0 0 0 0 0 0 0 0 0 0 0 0 0 0 0 0 0.3336092501339417 0 0.5291963805572372 0 0 0 0 0 0 0 0 0 0 0 0 0 0 0 0 0 0 0 0 0 0 0 0 0 0 0 0
0 0 0 0 0 0 0 0 0 0 0 0 0 0 0 0 0 0 0 0 0 0 0 0 0 0 0 0 0 0 0 0 0.2126315145834875 0 0 0 0 0 0 0 0.5955890985073877 0 0 0 0 0 0 0 0 0 0 0 0 0 0 0 0 0 0 0 0 0 0 0 0 0 0 0 0 0 0.6258772238892305 0 0 0 0 0 0 0 0 0 0 0 0 0 0 0 0 0 0.4564418532100221 0 0 0 0 0 0 0 0 0 0 0
0 0.4161803363085903 0 0 0.5959771335960782 0 0 0 0 0 0 0 0 0 0 0 0 0 0 0 0 0 0 0 0 0 0 0 0 0 0 0 0 0 0 0 0 0 0 0 0 0 0 0 0 0 0 0 0 0 0 0 0 0 0 0.5900753708870053 0 0 0 0 0 0 0 0 0 0 0 0 0 0 0 0 0 0 0 0 0 0 0 0 0 0.3513064767026567 0 0 0 0 0 0 0 0 0 0 0 0 0 0 0 0 0 0
0.4475050697950167 0 0 0 0 0 0 0 0 0 0 0 0 0 0 0 0 0 0 0 0 0 0 0 0 0 0 0 0 0 0 0 0 0 0 0 0 0.5448982268688553 0 0 0 0 0 0 0 0 0 0 0 0.146002346584876 0 0 0 0 0 0 0 0 0 0 0 0 0 0 0 0 0 0 0 0 0 0 0 0 0 0 0 0 0 0 0 0 0.5117795110063875 0.4389976712669779 0 0 0 0 0 0 0 0.1639244533035813 0 0 0 0 0 0 0 0
