0 0 0 0 0 0 0 0 0 0 0 0 0 0 0 0 0 0 0 0.4629528822228856
0.5352686352278679 0 0 0 0 0 0 0 0 0 0 0 0 0 0 0 0 0 0 0
0 0 0 0 0 0 0 0 0 0.5173650135784461 0 0 0 0 0 0 0 0 0 0
0 0 0 0 0.3126459884070124 0 0 0 0 0 0 0 0 0 0 0 0 0 0 0
0 0.7931771083887669 0 0 0 0 0 0 0 0 0 0 0 0 0 0 0 0 0 0
0 0 0.535100329351473 0 0 0 0 0 0 0 0 0 0 0 0 0 0 0 0 0
0 0 0 0 0 0 0 0 0 0 0 0 0 0 0 0 0.4276735824017717 0 0 0
0 0 0 0 0 0 0 0 0 0 0 0 0 0 0 0.2807125307939258 0 0 0 0
0 0 0 0 0 0 0 0 0 0 0 0 0 0 0 0 0.2631643907360308 0 0 0
0 0 0 0 0 0 0 0 0 0 0 0 0 0 0 0 0.3845230564726649 0 0 0
0 0 0.06618133816605137 0 0 0 0 0 0 0 0 0 0 0 0 0 0 0 0 0
0.05034739257014917 0 0 0 0 0 0 0 0 0 0 0 0 0 0 0 0 0 0 0
0 0 0 0 0 0 0 0 0 0.06188508355602801 0 0 0 0 0 0 0 0 0 0
0.5695812466725889 0 0 0 0 0 0 0 0 0 0 0 0 0 0 0 0 0 0 0
0 0 0 0 0 0 0 0.6254348871952524 0 0 0 0 0 0 0 0 0 0 0 0
0 0 0 0 0 0 0 0 0 0.2457489273648316 0 0 0 0 0 0 0 0 0 0
0 0 0 0 0 0 0 0 0 0.258807790488398 0 0 0 0 0 0 0 0 0 0
0 0 0 0 0 0 0 0 0 0 0 0 0 0 0 0 0.24697549938247 0 0 0
0 0 0 0 0 0 0 0 0 0 0 0 0 0 0 0 0 0 0.02593370379749329 0
0 0 0 0 0 0 0 0 0 0 0 0 0 0 0 0.1029892999615092 0 0 0 0
0 0 0 0 0 0 0 0 0 0 0 0 0.025049608319462 0 0 0 0 0 0 0
0 0 0 0 0 0 0 0 0 0 0.002529677084237268 0 0 0 0 0 0 0 0 0
0 0 0 0 0 0 0 0 0 0 0 0 0 0 0 0 0 0 0 0.5213667549074665
0 0 0 0 0 0 0 0 0 0 0 0 0 0 0 0.7502580807945011 0 0 0 0
0 0 0.1331700464283351 0 0 0 0 0 0 0 0 0 0 0 0 0 0 0 0 0
0 0 0 1 0 0 0 0 0 0 0 0 0 0 0 0 0 0 0 0
0 0 0 0 0 0 0 0 0 0 0 0 0 0 0 0 0 0 0.6927274263857696 0
0 0 0 0 0 0 0 0 0 0 0 0 0 0 0.5935482666781409 0 0 0 0 0
0 0 0 0 0 0 0 0 0 0 0 0 0 0 0 0 0 0 0.2805139414406691 0
0 0 0 0 0.2030248141659264 0 0 0 0 0 0 0 0 0 0 0 0 0 0 0
0 0 0.686079641157282 0 0 0 0 0 0 0 0 0 0 0 0 0 0 0 0 0
0 0 0.2231439323809542 0 0 0 0 0 0 0 0 0 0 0 0 0 0 0 0 0
0 0 0 0 0 0 0 0 0 0 0 0 0 0 0 0 0.1906283984623361 0 0 0
0 0 0 0 0 0 0 0 0 0 0 0 0 0 0 0 0 0 0 0.1535412443298889
0 0 0 0 0 0 0 0 0 0 0.2635889418622004 0 0 0 0 0 0 0 0 0
0 0 0 0 0 0 0 0 0 0 0 0 0 0 0 0 0 0 0.2565003406927664 0
0 0 0 0 0 0 0 0 0.4755520209439771 0 0 0 0 0 0 0 0 0 0 0
0 0 0 0 0 0 0 0 0 0 0 0 0 0 0 0 0 0 0.02165676379303195 0
0 0 0 0 0 0 0 0 0 0 0 0 0 0 0.7226871552551325 0 0 0 0 0
0.3939141253960134 0 0 0 0 0 0 0 0 0 0 0 0 0 0 0 0 0 0 0
0 0 0 0 0 0 0.6834744687598493 0 0 0 0 0 0 0 0 0 0 0 0 0
0 0 0 0 0 0 0 0 0 0 0 0.530980142872841 0 0 0 0 0 0 0 0
0 0 0 0 0 0 0 0 0 0.3430589170941354 0 0 0 0 0 0 0 0 0 0
0 0 0 0 0 0.0166757857726028 0 0 0 0 0 0 0 0 0 0 0 0 0 0
0 0 0 0 0 0 0 0 0 0 0 0.2395885488616381 0 0 0 0 0 0 0 0
0 0 0 0 0 0 0 0 0 0 0.7681392341025103 0 0 0 0 0 0 0 0 0
0 0 0 0 0 0 0 0 0.2296532567282219 0 0 0 0 0 0 0 0 0 0 0
0 0 0 0 0 0 0 0.7802763625018138 0 0 0 0 0 0 0 0 0 0 0 0
0 0 0 0 0 0 0 0 0 0 0 0 0 0 0 0 0 0 0.5908252465125303 0
0 0 0 0 0 0 0 0 0 0 0 0 0 0 0 0 0 0 0.1594746760072841 0
0 0.4206461948883014 0 0 0 0 0 0 0 0 0 0 0 0 0 0 0 0 0 0
0 0 0 0 0 0 0.1389755656064281 0 0 0 0 0 0 0 0 0 0 0 0 0
0 0 0 0 0 0 0 0 0 0 0 0 0.9996059889778633 0 0 0 0 0 0 0
0 0 0 0 0 0 0 0 0 0 0 0 0 0 0 0 0.1136270440104962 0 0 0
0 0 0 0 0 0 0 0 0 0 0 0 0 0 0.1949475058134434 0 0 0 0 0
0 0 0 0 0 0 0 0 0 0 0 0.2684700122676749 0 0 0 0 0 0 0 0
0 0.4234292890444444 0 0 0 0 0 0 0 0 0 0 0 0 0 0 0 0 0 0
0 0 0 0 0 0 0 0 0 0 0 0 0 0.4194675111339757 0 0 0 0 0 0
0 0 0 0 0 0 0 0 0 0 0.146451926119518 0 0 0 0 0 0 0 0 0
0 0 0 0 0 0 0 0 0 0 0 0.7667848554634952 0 0 0 0 0 0 0 0
0 0 0 0 0 0 0 0 0 0 0 0 0 0 0 0 0.364806670963525 0 0 0
0 0 0 0 0 0 0 0 0 0 0 0 0 0 0 0 0 0 0 0.519155846373255
0 0 0 0 0 0 0 0 0 0 0 0.02494500098082379 0 0 0 0 0 0 0 0
0 0.1209730988002871 0 0 0 0 0 0 0 0 0 0 0 0 0 0 0 0 0 0
0 0 0 0 0 0 0 0 0 0.2049887230877285 0 0 0 0 0 0 0 0 0 0
0 0 0 0 0 0 0 0 0 0 0 0 0 0 0 0 0 0 0 0.09673150842833586
0 0 0 0 0 0 0 0 0 0 0 0 0 0 0 0 0 0 0 0.4419427690213225
0 0 0 0 0 0 0 0 0 0 0 0 0 0 0 0 0.3882791044953649 0 0 0
0 0 0 0 0 0 0 0 0 0 0 0 0 0.4022857878095176 0 0 0 0 0 0
0.2663609830979279 0 0 0 0 0 0 0 0 0 0 0 0 0 0 0 0 0 0 0
0 0 0 0 0 0 0 0 0 0.3986323374315675 0 0 0 0 0 0 0 0 0 0
0 0 0 0 0 0 0 0 0 0.2497446731089563 0 0 0 0 0 0 0 0 0 0
0 0 0.009193257743087921 0 0 0 0 0 0 0 0 0 0 0 0 0 0 0 0 0
0 0 0 0 0 0 0 0 0 0 0 0 0 0 0 0.2622680403217926 0 0 0 0
0 0 0 0 0 0 0 0 0 0 0 0 0 0 0 0 0 0 0 0.1268196884234632
0 0 0 0 0 0 0.4166074252663637 0 0 0 0 0 0 0 0 0 0 0 0 0
0 0 0 0 0 0 0 0 0 0 0 0 0 0 0 0.3802281383170746 0 0 0 0
0 0 0.2638420379631082 0 0 0 0 0 0 0 0 0 0 0 0 0 0 0 0 0
0 0 0 0 0 0 0 0 0 0 0.5648260093427951 0 0 0 0 0 0 0 0 0
0 0 0 0 0 0 0 0 0 0 0 0 0 0 0 0.106837339090613 0 0 0 0
0.3916739209776576 0 0 0 0 0 0 0 0 0 0 0 0 0 0 0 0 0 0 0
0 0 0 0 0 0 0 0 0 0 0 0 0 0 0 0 0.007735784098085465 0 0 0
0 0 0 0 0 0 0 0 0 0 0 0 0 0.5793739233212479 0 0 0 0 0 0
0 0 0 0 0 0 0 0 0.849181757370129 0 0 0 0 0 0 0 0 0 0 0
0 0 0 0 0 0 0 0 0 0 0 0 0.01266427742231876 0 0 0 0 0 0 0
0 0 0 0 0 0 0 0 0 0.4691905072104431 0 0 0 0 0 0 0 0 0 0
0 0 0 0 0 0 0 0 0 0 0 0 0 0 0 0 0.3984298268386373 0 0 0
0 0 0 0 0 0 0 0 0 0 0 0 0 0.4880075080253123 0 0 0 0 0 0
0 0 0 0 0 0.9998609494169008 0 0 0 0 0 0 0 0 0 0 0 0 0 0
0 0 0 0 0 0 0 0 0 0 0 0 0 0.2973006577789785 0 0 0 0 0 0
0 0 0 0 0 0 0 0 0 0 0 0 0 0 0 0 0 1 0 0
0 0 0 0 0 0 0 0 0 0 0 0 0 0 0.2348908334526864 0 0 0 0 0
0 0 0 0 0 0 0 0 0 0 0 0 0 0 0 0.3506198970181171 0 0 0 0
0 0 0 0 0 0 0 0 0 0 0 0 0 0 0 0 0.2169882513904819 0 0 0
0 0 0 0 0.89821623324083 0 0 0 0 0 0 0 0 0 0 0 0 0 0 0
0 0 0 0 0 0 0.5830837812276605 0 0 0 0 0 0 0 0 0 0 0 0 0
0 0 0 0 0 0 0 0 0 0 0 0 0 0 0.1795703123838641 0 0 0 0 0
0 0 0 0 0.2328969924849789 0 0 0 0 0 0 0 0 0 0 0 0 0 0 0
0 0 0.3183673682828895 0 0 0 0 0 0 0 0 0 0 0 0 0 0 0 0 0
0.08369504026027555 0 0 0 0 0 0 0 0 0 0 0 0 0 0 0 0 0 0 0
