0 0 0 0 0 0 0 0 0 0 0 0 0 0 0 0 0 0 0 0 0 0 0 0 0 0 0 0 0 0 0 0 0 0 0 0 0 0 0 0 0 0 0 0 0 0.6856285832309792 0 0 0 0 0 0 0 0 0 0 0 0 0 0 0 0 0 0 0 0 0 0 0 0 0 0 0.7279515408711491 0 0 0 0 0 0 0 0 0 0 0 0 0 0 0 0 0 0 0 0 0 0 0 0 0 0 0
0 0.2481197652056135 0 0 0 0 0 0 0 0 0 0 0 0 0 0 0 0 0 0 0.9687293647424502 0 0 0 0 0 0 0 0 0 0 0 0 0 0 0 0 0 0 0 0 0 0 0 0 0 0 0 0 0 0 0 0 0 0 0 0 0 0 0 0 0 0 0 0 0 0 0 0 0 0 0 0 0 0 0 0 0 0 0 0 0 0 0 0 0 0 0 0 0 0 0 0 0 0 0 0 0 0 0
0 0 0 0 0 0 0 0.7041839398049005 0 0 0.5261800764564746 0 0 0 0 0 0 0 0 0 0 0 0 0 0 0 0 0 0 0 0 0.3975916211002661 0 0 0 0 0 0 0 0 0 0 0 0 0 0 0 0.1589277920295499 0 0 0.2093298716472438 0 0 0 0 0 0 0 0 0 0 0 0 0 0 0 0 0 0 0 0 0 0 0 0 0 0 0 0 0 0 0 0.01016713571906555 0 0 0 0 0 0 0 0 0 0 0 0 0 0 0 0 0
0 0 0 0 0 0 0 0 0.1720397511384204 0 0 0.5467644837702844 0 0 0 0 0 0 0 0 0 0 0 0 0 0 0 0 0 0 0 0 0 0 0 0 0 0 0 0 0 0 0 0 0 0 0 0 0 0 0 0 0 0 0 0 0 0 0 0 0 0 0 0 0 0 0 0 0 0 0 0 0 0 0 0 0 0 0 0 0.8194210903532109 0 0 0 0 0 0 0 0 0 0 0 0 0 0 0 0 0 0 0
0 0 0.7158801550167555 0 0 0 0 0 0 0 0 0 0 0 0 0 0 0 0 0 0 0 0 0.0594571687068497 0 0 0 0 0 0 0 0 0.5924708386854283 0 0 0 0 0 0 0 0 0 0 0 0 0 0 0 0 0 0 0 0 0 0 0.3646350971175657 0 0 0 0 0 0 0 0 0 0 0 0 0 0 0 0 0 0 0 0 0 0 0 0 0 0 0 0 0 0 0 0 0 0 0 0 0 0 0 0 0 0 0 0
0 0 0 0 0 0 0 0 0 0 0 0 0 0 0 0.4397163988647512 0 0 0 0 0 0 0 0 0 0 0 0 0 0 0 0 0 0 0 0 0 0 0.002280105542912865 0 0 0 0 0 0 0 0 0 0 0 0 0 0 0 0 0 0 0 0 0 0 0 0 0 0 0 0 0 0 0 0 0 0 0 0.4824393425343523 0 0 0 0 0 0 0.06218215014753759 0 0 0 0 0 0 0 0 0 0 0 0 0.4765289226431431 0 0 0.4857981871933979 0.3270325027735819 0
0 0 0 0 0.385013126780523 0 0 0 0 0 0 0 0 0 0 0 0 0 0 0 0 0 0 0 0 0 0 0 0 0 0 0 0 0 0 0 0 0 0 0 0 0 0 0 0 0 0 0 0.4072299440637633 0 0 0 0 0 0.3112794730920855 0 0.2890896152605632 0 0 0 0 0 0 0 0 0 0 0 0 0 0 0.4363410505333653 0 0 0 0 0 0 0 0 0 0 0 0 0 0 0 0 0.07960079330943702 0 0 0.4530994511332442 0 0 0 0 0.3216085159805672 0 0 0
0 0 0 0 0 0 0 0 0 0 0 0 0 0 0 0 0 0 0 0.2702952120766913 0 0.4780207834824267 0 0 0 0.0973388400733004 0 0 0 0 0 0 0 0 0 0 0 0 0 0 0 0 0.6938608525221734 0 0 0 0 0 0 0 0 0 0 0 0 0 0 0 0 0 0 0 0 0 0 0 0 0 0 0 0 0 0 0 0 0 0 0 0 0.4555424200199696 0 0 0 0 0 0 0 0 0 0 0 0 0 0 0 0 0 0 0 0
0 0 0 0 0 0.4348764276788399 0 0 0 0.1903478237155689 0 0 0 0 0 0 0 0 0 0 0 0 0 0 0 0 0 0 0 0 0 0 0 0 0 0 0.3573110987539752 0 0 0 0 0 0 0 0.3283781249666299 0 0 0 0 0 0 0 0 0 0 0 0 0 0 0 0.4282155913812755 0 0 0 0 0 0 0 0 0 0 0 0 0 0 0 0 0 0.3218590869410816 0 0 0 0 0 0 0 0 0 0 0.1136895512436118 0.4592542683977502 0 0 0 0 0.1683600984633119 0 0 0 0
0 0 0 0 0 0 0 0 0 0 0 0 0 0 0 0 0 0 0 0 0 0 0.1014128763487579 0 0 0 0 0 0 0 0 0 0 0 0 0 0 0 0 0 0 0 0 0 0 0 0 0 0 0 0 0 0.3407899825630296 0 0 0 0 0 0 0 0 0 0 0 0 0 0 0 0 0 0 0 0 0 0 0.1030837393516653 0 0.6573843345311179 0 0 0 0 0 0 0 0 0 0 0 0 0 0 0 0 0 0 0 0 0 0.6563514269731716
0 0 0 0 0 0 0 0 0 0 0 0 0 0 0 0 0 0 0 0 0 0 0 0 0.2636402215040466 0 0 0 0 0 0.7459932775309007 0 0 0 0 0 0 0 0 0 0 0 0 0 0 0 0 0 0 0.289003449940137 0 0 0 0 0 0 0 0 0 0 0 0 0.5020367816758442 0 0 0.1960202521456933 0 0 0 0 0 0 0 0 0 0 0 0 0 0 0 0 0 0 0 0 0 0 0 0 0 0 0 0 0 0 0 0 0 0
0 0 0 0 0 0 0 0 0 0 0 0 0 0 0 0 0 0 0 0 0 0 0 0 0 0 0 0 0.04751427940417248 0 0 0 0 0 0 0 0 0 0 0 0 0 0 0 0 0 0 0 0 0 0 0 0 0 0 0 0 0 0 0 0 0 0 0 0.9988705588076476 0 0 0 0 0 0 0 0 0 0 0 0 0 0 0 0 0 0 0 0 0 0 0 0 0 0 0 0 0 0 0 0 0 0 0
0 0 0 0 0 0 0 0 0 0 0 0 0 0.5607971438737125 0.4471285867778388 0 0 0 0 0 0 0 0 0 0 0 0 0 0 0 0 0 0 0 0 0 0 0 0 0 0 0 0 0 0 0 0 0 0 0 0 0.2427147478906029 0 0 0 0 0 0 0 0 0 0.5741603773209449 0 0 0 0 0 0 0 0 0 0 0 0 0 0 0 0 0 0 0 0 0 0 0 0 0 0.1346298684408948 0 0 0 0 0.2808679424637101 0 0 0 0 0 0 0
0.9866834865554571 0 0 0 0 0 0 0 0 0 0 0 0 0 0 0 0 0 0 0 0 0 0 0 0 0 0 0 0 0 0 0 0 0 0 0 0 0 0 0 0 0 0 0 0 0 0 0 0 0 0 0 0 0 0 0 0 0 0 0.1626520745602932 0 0 0 0 0 0 0 0 0 0 0 0 0 0 0 0 0 0 0 0 0 0 0 0 0 0 0 0 0 0 0 0 0 0 0 0 0 0 0 0
0 0 0 0.3183024877445237 0 0 0.2747116484357319 0 0 0 0 0 0 0 0 0 0 0 0 0 0 0 0 0 0 0 0 0 0 0 0 0 0 0.1014579493599116 0 0 0 0.5673896175960641 0 0 0.2969270525162678 0.4485492009615268 0 0 0 0 0 0 0 0 0 0 0 0 0 0 0 0 0 0 0 0 0 0 0 0 0 0.3104733331245527 0 0 0 0 0 0 0 0 0 0 0 0 0 0 0 0.3244018990150209 0 0 0 0 0 0 0 0 0 0 0 0 0 0 0 0
0 0 0 0 0 0 0 0 0 0 0 0 0.1673237072956433 0 0 0 0 0.04457656838987176 0 0 0 0 0 0 0 0 0.08462870480392468 0 0 0.1505490911986507 0 0 0 0 0 0 0 0 0 0 0 0 0 0.4868960687841002 0 0 0 0 0 0 0 0 0 0 0 0 0 0 0.3628355108059406 0 0 0 0 0 0 0 0 0 0 0 0 0 0 0 0 0 0 0 0 0 0 0 0 0 0.4026267239710587 0.5524440100768868 0.3227516183773181 0 0 0 0 0 0 0 0 0 0 0 0 0
0 0 0 0 0 0 0 0 0 0 0 0 0 0 0 0 0 0 0.3590381385757555 0 0 0 0 0 0 0 0 0 0 0 0 0 0 0 0 0 0 0 0 0 0 0 0 0 0 0 0 0 0 0 0 0 0 0.7962300873232001 0 0 0 0 0 0 0 0 0 0.1266334114853501 0 0 0.4699508003051401 0 0 0.01481510976963085 0 0 0 0 0 0 0 0 0 0 0 0 0 0 0 0 0 0 0 0 0 0 0 0 0 0 0 0 0 0
0 0 0 0 0 0 0 0 0 0 0 0 0 0 0 0 0 0 0 0 0 0 0 0 0 0 0 0 0 0 0 0 0 0 0.01845803254720861 0.521679535854728 0 0 0 0 0 0 0 0 0 0 0.2233767326070236 0 0 0 0 0 0 0 0 0 0 0.4178718862519747 0 0 0 0 0 0 0 0 0 0 0 0 0 0 0 0.4105370735159723 0 0 0 0 0 0 0 0 0 0 0 0 0 0 0 0 0 0 0 0.5783208419068517 0 0 0 0 0 0
0 0 0 0 0 0 0 0 0 0 0 0 0 0 0 0 0.2929929528810643 0 0 0 0 0 0 0 0 0 0 0 0 0 0 0 0 0 0 0 0 0 0 0.5906499313111792 0 0 0 0 0 0 0 0 0 0 0 0 0 0 0 0 0 0 0 0 0 0 0 0 0 0 0 0 0.4298469227120466 0 0 0 0 0 0 0 0.6168625545768829 0 0 0 0 0 0 0 0 0 0 0 0 0 0 0 0 0 0 0 0 0 0 0
0 0 0 0 0 0 0 0 0 0 0 0 0 0 0 0 0 0 0 0 0 0 0 0 0 0 0 0.9157648102318309 0 0 0 0 0 0 0 0 0 0 0 0 0 0 0 0 0 0 0 0 0 0 0 0 0 0 0 0 0 0 0 0 0 0 0 0 0 0 0 0 0 0 0.40171483958283 0 0 0 0 0 0 0 0 0 0 0 0 0 0 0 0 0 0 0 0 0 0 0 0 0 0 0 0 0
