0.9501761192470797 0.5566531881951564 0.9156063497662745 0.6415662089463375 0.3900077141412462 0.4859906670969097 0.6043104829199732 0.5495479215085626 0.9261814267064536 0.9187334356336061 0.3948756129235549 0.9632625284407118 0.1739556666804644 0.1263295194396373 0.1350791580467313 0.5056621656768967 0.02152480527419798 0.947970211217681 0.8271154711707325 0.01501898074212238
0.1761962555750552 0.332063574366837 0.1309968448109169 0.8094906921265821 0.3447366526832935 0.9401074823333672 0.58201417994708 0.8788319844118441 0.8447344453922219 0.9053923187086492 0.459880265816807 0.5463468160203733 0.7986035911520394 0.2857188517341476 0.4902535226199277 0.5991103076458784 0.01553327555083572 0.5934814081966372 0.4336763489894583 0.8073605288848414
0.3152448030953729 0.8928887085251513 0.5778572152845355 0.1840102016274651 0.7879292338255043 0.6120311770449339 0.05390927207375296 0.4201936800011322 0.6790688365654296 0.9186017779775258 0.0004020248913574331 0.9767591490310596 0.3765803147457745 0.9737835383583225 0.604716100974053 0.828845807980693 0.5747115047081023 0.6280761983073504 0.2855762816956939 0.5868333406560829
0.7500217637026599 0.8583138364290424 0.7550821884676802 0.698057248447303 0.8644794300545998 0.3226809968367464 0.6707887907875872 0.4508739364133492 0.3821027520315172 0.4108113499221856 0.4014795834695406 0.3173839459582769 0.6219193679203014 0.4302472708212643 0.9738020779272523 0.6778008914343111 0.1985698884271109 0.4267010093480328 0.343346239774423 0.7976388039585666
0.8799982885634318 0.9038419558263719 0.6627198123752622 0.2702082620297578 0.2523667015045897 0.8548979426974024 0.5277146463087466 0.8021610840045981 0.5724885171916063 0.7331425252875111 0.5190116274640558 0.770883910501888 0.5688579907047155 0.4657098785919809 0.3426889079532818 0.06820934841670412 0.3779241793280999 0.07962607769825236 0.982817113730445 0.1816128513307638
0.8118586977205398 0.8749616449558981 0.6884132523859433 0.5694944127453757 0.1609714368156088 0.4668800227633063 0.345172051155215 0.2250399578140846 0.5925118687657968 0.312269837701917 0.9163055534683507 0.9096355249515571 0.2571182937821962 0.1108913007440292 0.1929627320191128 0.4995841706788861 0.7285856679745962 0.2081944384087915 0.2480335583772307 0.851671874936367
0.4158487182675273 0.6166850671552362 0.2336661392392501 0.1019672594257974 0.5158570169685298 0.4771409870497824 0.1526716440931633 0.6218062317404155 0.5440101188139381 0.6541373469707443 0.1445455401246598 0.7515278171352439 0.2220491397999227 0.519351824366033 0.7852960282216189 0.02233042799180618 0.3243624597261865 0.8729223764001111 0.8447096076020696 0.5384405925945437
0.866608274166513 0.9498059913536265 0.8264069976293413 0.8541154438365387 0.09874340182034835 0.6513043323409911 0.703516988152653 0.6102408126466297 0.799615261736028 0.03457121987163425 0.7702387345549799 0.7317286007395269 0.2596983932983531 0.2570692988221467 0.6323033174301278 0.3452974615910815 0.7965886780072875 0.4461462320034573 0.7827494147841719 0.9904717836238407
0.3002483395339001 0.1430058282580994 0.9013084363492738 0.5415593788873733 0.9747403708550822 0.6366044000018972 0.9939130246104789 0.5460708041429516 0.5264259339055213 0.1354279030721699 0.3557051709838811 0.02621856729637329 0.1603951795196491 0.7456371927074961 0.03039968992878883 0.3665430972437443 0.8623462528380441 0.6926777175073543 0.6909421420661686 0.1886368009553109
0.4419042807484234 0.5815774073442912 0.9897517076637052 0.2039062252331219 0.2477329017623549 0.2621730837729119 0.7501724132979928 0.4569753274356928 0.05692943841109499 0.5085162406102396 0.211960164643676 0.7986042447602102 0.2973313815072722 0.02760601195450363 0.593432449464621 0.8438404289311888 0.3810161240622142 0.7498583107261434 0.5111414782971282 0.5409518049621886
0.9594343210617524 0.8039608914986468 0.03232306662357398 0.7093872512312951 0.4650014815635061 0.9475489413950998 0.2214327343234883 0.2670720196843658 0.081473964877262 0.4286188286637865 0.1090187640190683 0.6337867606119179 0.8029632373737379 0.6968004961201785 0.7662113810757705 0.3424541198435198 0.8458514830276777 0.4287687749994425 0.8240098704123188 0.6264961586242938
0.1434230486702449 0.07838689985494796 0.01833264291300729 0.06672499763935646 0.4585838137084318 0.1133419227675905 0.02778334884866995 0.7548614813904674 0.3948504804606394 0.7469384956075251 0.4524048267464515 0.4500867470007611 0.478072506717831 0.474003926562194 0.8031633421141696 0.4023925198577358 0.904686160343623 0.03706104795403586 0.7738743427204187 0.1256413811377388
0.6185135669120855 0.01036426133523194 0.538627282576347 0.003017956619596363 0.9511937854902045 0.9054020337027781 0.7959669419422694 0.9152743199147875 0.1455582311583971 0.1577300698705333 0.187631672902434 0.6224959022999211 0.9058094960083019 0.9899551783590737 0.7111224587658159 0.7318004091422953 0.9092932045442544 0.4008737323711209 0.2498506802250368 0.1734301707871229
0.119457050333729 0.8126105880328287 0.1467923734172432 0.2642974827269007 0.8190891786335308 0.31058725179421 0.9824174492929428 0.2666387021516352 0.5336533449712114 0.3144670111858496 0.9107728311738374 0.3665566438512344 0.4335923272731645 0.5122926922783614 0.9388864773697133 0.03094900627115071 0.7168786636316892 0.8910189542923389 0.02728722351746882 0.5220512472525107
0.3259898117700253 0.8594893208655858 0.5585165509225178 0.6902278681627478 0.4528534999515375 0.6283090375213571 0.2900968516874258 0.009348577966515781 0.5767559349870908 0.3114442141324628 0.5172675985011298 0.9164058530538978 0.426474788501396 0.2473960366023854 0.3712937612790544 0.9318611166365406 0.9368683813090937 0.8443299485657132 0.9202065143056605 0.2279002899513169
0.08748220955359087 0.2273097362846888 0.3143766161140504 0.1747658763563116 0.6070941619724605 0.4135864150011613 0.8163515118272141 0.1851303982690307 0.7018765297563104 0.2403556248491389 0.5742190888408597 0.3489875972207889 0.05696439948283272 0.2288136709603759 0.6641025553547935 0.4972500933605313 0.5190159840736788 0.1747201501089225 0.5707158515462564 0.99675342520821
0.8168351087916219 0.5943726238309778 0.9759890683309049 0.9015625846693213 0.5956079336026455 0.03242632531445711 0.09357709581748075 0.06537171504222639 0.4517331486914753 0.3754348331678578 0.9753500342702865 0.1679832931996149 0.9727875919326552 0.7674748688630131 0.8242378396244978 0.6326158167779973 0.6687327702067321 0.4768823335211934 0.01313635692307225 0.3530060855418248
0.4920718014935584 0.7300912110901043 0.4686283427461092 0.4574049160894317 0.1376627409456032 0.01088873380347899 0.7582782604769962 0.3199528380776784 0.9843834501935107 0.220234226159156 0.3387080254816797 0.5238961356661317 0.7548914570605327 0.4638577839002956 0.1248225431116763 0.3125013784920495 0.5045191697009946 0.6738490080168676 0.7701499563120922 0.1303357809543543
0.02291513132238177 0.5190823222119895 0.8099887106624163 0.01260376702987631 0.6724698446537339 0.6868082266569918 0.4492467535866376 0.9147886867419343 0.6443610847569929 0.005239837651465851 0.4844284455143756 0.8593178060976 0.8303995700373394 0.6491541971124779 0.6736984238986317 0.5784995797892005 0.2741197751668522 0.5605299905360588 0.6717297848174203 0.3524296302164088
0.8558283672539277 0.1950374860087073 0.7473208103319232 0.2896027461868774 0.773799287244182 0.4277373293360762 0.8076984091122095 0.3535348626679904 0.2136932376295811 0.7672845084217665 0.3086419476306511 0.7332450677264275 0.7444731530777321 0.2213967009082011 0.2141121368206484 0.1989479234270667 0.1425183377658447 0.3770825992073341 0.02662788469162147 0.1109203690342406
0.6745640237634105 0.7997765368973863 0.0805295271283859 0.231702310485792 0.2076256618038144 0.9173335630816306 0.7113145181364867 0.5538846110514143 0.3045179879206202 0.8348540476317985 0.43530595762952 0.9234562151187752 0.7060518043359332 0.4780313079652834 0.1262101037493587 0.9760435504677476 0.1598336503440934 0.2026021252196626 0.4311817551603709 0.4042019057751473
0.1467514807642941 0.7293189193611234 0.188745066877186 0.6438956443116628 0.7543059505762987 0.2107323920833207 0.60095424810764 0.7489283752458364 0.6382187106203334 0.5971273029466491 0.2954822856554971 0.7316064712415088 0.9453084399999497 0.4255613902615469 0.7821818168314053 0.0561410396619153 0.8352716024899659 0.1922500168221477 0.3950968688899732 0.3000810459253564
0.08010364380604929 0.9046310029362429 0.3701541775537383 0.5306974384761395 0.4941162658963251 0.1321611419429382 0.206454058889433 0.07618880903232117 0.5079216999452875 0.2615495518329871 0.3570616088827919 0.1080653286972368 0.7875518396525072 0.1065838767888011 0.9857088237131878 0.1771611644384173 0.5724051124346493 0.04484533458908813 0.7871162896558341 0.1896059478182965
0.5279039784081266 0.7400775431590716 0.1499314849172559 0.5510871741869717 0.2166172083287794 0.7591960493171447 0.7229151935562137 0.176549034277083 0.8619665576670734 0.01977509951634426 0.8602369974231152 0.5589038111609383 0.4032204721058492 0.7587469310223366 0.7169290016924699 0.9873261748084265 0.2780850486129828 0.003793672409342586 0.9339026083148878 0.8578971045378938
0.7288508775192559 0.5166887829215384 0.706956245248761 0.7805295568767427 0.3748759435368594 0.7703225253299576 0.7506243191751754 0.6132112115442597 0.4018659239678374 0.6973080192643409 0.003112857825192106 0.7748966467245978 0.896416602456847 0.2393157074375046 0.1207671843092297 0.2202839877937276 0.3020967312900983 0.8830285085638342 0.5431664302380945 0.2867116496064306
0.1383546897929465 0.2901444631045417 0.6138710897412526 0.3241385298974466 0.4573601816909985 0.4441171070166144 0.8281353607315121 0.4263481542362306 0.3456988211755023 0.6749716048091052 0.2214820557335287 0.4672458239265538 0.3147656873240164 0.6268556021628346 0.8773604746948126 0.4476890001456285 0.7844574187919231 0.4569657005615504 0.6562293317171314 0.1318409750275021
0.4329815069676481 0.9093119886549367 0.6054790010309347 0.7667745872371021 0.5047006080958943 0.4980556248280075 0.8428998401928499 0.06780693434095375 0.5732722715496846 0.9427625754329493 0.5178600481723219 0.1944658095278845 0.8479393924434762 0.2516391423558528 0.700726036482538 0.5402609403968999 0.9488362882802196 0.6243367024026759 0.8379779620477293 0.007932876194523097
0.989340056166638 0.07771457033238649 0.3221295136147696 0.9461523954567653 0.008939102371245067 0.8227300054219355 0.8612116383667944 0.4398308142085725 0.2557451938059312 0.8026895196332986 0.4778620044322212 0.1343386086556961 0.9278489928250108 0.8959699670066484 0.4915451500169353 0.8567024965177922 0.4185780257640986 0.6834649001663011 0.3979906394079225 0.5057420174508104
0.1895517028339273 0.9649889241109139 0.2942156882442547 0.1034595561164013 0.1443154002290481 0.01409229419244296 0.7159456994623945 0.5644983202408741 0.7945783511847522 0.5070799232841364 0.7918210395041538 0.6957642142718394 0.7778484768591754 0.4064828689770863 0.6477706331874812 0.1797942976929744 0.321819963387904 0.1726046201197925 0.4086372250132624 0.2414187479655988
0.4069219941293579 0.9752223424373121 0.3203193258220313 0.9824909449748953 0.6363061258559836 0.375091018393911 0.8574844990835966 0.6195867393685738 0.2520330801308394 0.7928556779768876 0.4329385087341631 0.3575111673304414 0.3302769365250809 0.6973688756131394 0.2686501239062266 0.8082780137053801 0.2952887943998478 0.5441213835853572 0.4879214918052024 0.8553564125953698
0.8883864343953859 0.1843844423677667 0.585348458938251 0.8982050460171371 0.4461172190344297 0.9218683054838154 0.2789908904569709 0.6088311741937957 0.6824537097668154 0.2282057333504841 0.0137675125577168 0.4167239623706961 0.938481891856734 0.3430281098304065 0.7797442954825999 0.1747363128274074 0.3419528363024524 0.1445977208380967 0.716770814146376 0.6993076236968142
0.6884973179489188 0.2533960344862997 0.6923601216234089 0.2272975409159496 0.4246491159313397 0.3719221216676872 0.3553079116201222 0.05765480724125638 0.6316466268659396 0.7073166026816995 0.6135886945028356 0.6483127561631246 0.1699407142172578 0.1494467989388625 0.5141750435258828 0.8753327263545391 0.183953441547222 0.4628391187082599 0.4289323340299029 0.4972891859195163
0.1615107704860119 0.3424406411348105 0.2618804041035202 0.844526943229479 0.8003322457764017 0.4266391582681436 0.6070154607890389 0.14546561026622 0.5096132942175586 0.2969470857869045 0.8596509535692011 0.6715983809063899 0.633474012622421 0.1247513000691792 0.4705878794988857 0.9865727795868815 0.9482991740726651 0.6450856402604436 0.1517248710319736 0.639126848719905
0.5656621125439275 0.468665837661252 0.4280374694682701 0.5992697556580301 0.8499698885159654 0.7511210403719374 0.5793605402972331 0.9247041815360281 0.06473998344154885 0.9913465087318091 0.05299454266798953 0.1994955461385614 0.4227526616445609 0.1075088761851677 0.6236704109977018 0.04799256404886731 0.2846238810069421 0.06103668111967109 0.7035193311050811 0.668456167589482
0.3785805932506022 0.1881942600298212 0.7470048290299451 0.3403792907654672 0.7953011674056428 0.4879009391796203 0.5256694443509794 0.02849084949156722 0.6442320198790318 0.3506565024321674 0.2292050272920657 0.4338833762117006 0.3824674572709176 0.4697890400863602 0.9794833541798064 0.3643780703682304 0.7744101333360395 0.5527675965498925 0.8891310891074828 0.354952851149572
0.2455186801865075 0.9110192396569683 0.04353426375776537 0.9507534280610023 0.5564069156709253 0.3763632166870875 0.9950523223391111 0.05836264614763165 0.5167063597676121 0.03109707545554785 0.5711757391862334 0.1804685089951156 0.6309592003395305 0.9809236757505815 0.8749025512123809 0.4518362494208706 0.7084608700517172 0.7774687500031893 0.4948430841825636 0.5285334901775651
0.1507843983721926 0.3693999256119063 0.1422212530727867 0.7268937533445626 0.4770129944022632 0.4488788367067655 0.8859979711653513 0.5276187723115614 0.4090908319168599 0.2688920222126459 0.07201203516976995 0.4181361337253158 0.02575348240658337 0.291153940552428 0.5035095098483965 0.9659330650197223 0.1093829141935846 0.673041054216622 0.4999323710992 0.777098229275783
0.1436069978742093 0.08320263643587555 0.3992186053524538 0.7969622519799001 0.1916757389098901 0.767777192147274 0.2902979970618682 0.2168914876117953 0.01671558907700643 0.3986590599223787 0.3810814912934524 0.6593449361953647 0.07091840047038722 0.1526039870422718 0.01657588290093415 0.1137963564474068 0.6517892760100904 0.4026568521749192 0.3210263141673159 0.5579119942437725
0.9934604630998499 0.8344865140180296 0.6996231823995839 0.9182585891320579 0.03972870668308481 0.07033344161552524 0.4740062899880546 0.3491674129570773 0.9372520621284489 0.4895649611451686 0.5396491100933506 0.8952603657312208 0.4466350458236905 0.8770343892703519 0.2535817493716284 0.2738097041581086 0.3283613900875901 0.5475642704809535 0.2201286740269812 0.6714291710812733
0.1427932828030004 0.09410027449963942 0.8701917462053776 0.2368687035569985 0.3860040110225955 0.5715420927253323 0.52580196995147 0.07602387944210687 0.8741259355980283 0.9511356184186921 0.8125073041746718 0.2838018349468743 0.5278467961179595 0.3394167240176095 0.5546673107876667 0.9744034689130026 0.3117029177189814 0.6687966059228697 0.3259672073089859 0.7744772660150796
0.3258099666132048 0.889827341447375 0.7517077209192669 0.7626320954451107 0.4694790285599257 0.2107645024687054 0.04147507957649887 0.3218287999702445 0.03711266449399442 0.6938554113738997 0.6703500319361684 0.430471782744975 0.767788977658173 0.5360084947395637 0.03985992663545257 0.1347931179606791 0.1934163990149184 0.3356638011646498 0.05231294643747675 0.6051167805003662
0.5120610275239188 0.6174610120171561 0.432355594764344 0.8477004682374377 0.4540590560591513 0.01540351979192089 0.8730681484470995 0.6562015477440989 0.823003040648471 0.9517756930338517 0.05091238351688721 0.2350718640910145 0.0633434434563398 0.4216578860324509 0.863829145501452 0.0816239827150681 0.4731119528858785 0.1255431098087236 0.7728856021671178 0.8414221567958434
0.04329093818615859 0.4864407431703948 0.2394110441377559 0.9524737816932592 0.9438926277837961 0.6139340023847009 0.9734873973251963 0.344861343716251 0.8978507176676818 0.4345949734085095 0.2358146371475137 0.9408279632013994 0.6842180509832275 0.06491158533912933 0.8704248568230661 0.7013802946333463 0.6049268729742817 0.7323748991793305 0.2534390424997808 0.6004889552745444
0.8146191812616553 0.05411366032399989 0.130510671339266 0.8424458099564136 0.6183458693278855 0.531287810481058 0.2482907289970986 0.2950785752494959 0.8726861649194619 0.4216659348497093 0.0644302555796068 0.8969850695075825 0.2033808328240511 0.8262275354923914 0.8817706230828073 0.4867507448183381 0.5984646931046363 0.527267456485417 0.624821294185499 0.8550417213473515
0.2821394484048606 0.8837555081806009 0.5676903301191493 0.1151030409669034 0.227001165214658 0.5959823856130138 0.2394462369046804 0.1314156605374606 0.1618477141238351 0.8448725182357391 0.6021836538927108 0.9635670871883419 0.3456792132960255 0.5956250981349497 0.5989852889734197 0.6157042872039488 0.05917720718572239 0.7503171845746859 0.9482094981876252 0.5346790571795887
0.1925560209550684 0.7529259149799422 0.0073189693278638 0.3282561036507808 0.9176063476443932 0.5883673328938768 0.8551902839041353 0.6046720523491877 0.822578152523871 0.8794835234293169 0.3209863745244532 0.1229547715521785 0.7213033441865708 0.4403470868312382 0.1267357091420086 0.5898236481098892 0.03606831456985993 0.2001821164109869 0.7883011896679689 0.01209676001535787
0.3033456717085691 0.02137596108807072 0.9974849927283295 0.5820299763434618 0.2933762784860566 0.9289494618931157 0.5071194235482045 0.4546922275524069 0.5878715062961865 0.2641376442105696 0.3052882993474333 0.3716545767241825 0.2444479993716109 0.5845472661166298 0.6958461339323264 0.07194722016400112 0.9710833196254638 0.7530706558694549 0.8061631629534083 0.7516404040812905
0.0800609772712173 0.4816962830211771 0.4456729564016561 0.6724726505249299 0.4487372588243219 0.7043133983839096 0.6816453376026229 0.6971485287527562 0.6186007425615364 0.1509807332796458 0.760802456305756 0.781045822193957 0.9041029859138049 0.2337686926041059 0.1766788930723414 0.3910991231067624 0.3205646539951602 0.8154769290056262 0.6135258996684316 0.7600017523497489
0.4276650996969642 0.09944056291558923 0.1150350120502462 0.3734071317371953 0.1938477675095072 0.8207464986229382 0.5996360084237168 0.688845259018665 0.4911099613042962 0.08817368124218106 0.2350776366861703 0.461602080891622 0.1985915030539263 0.0254762357788203 0.7293976982561526 0.7249167472191191 0.3303917463617028 0.8434941260636555 0.4284424759510734 0.8646861447635343
0.6570654246228895 0.5810356574180902 0.200727488035091 0.5295466104783949 0.8944324184275724 0.304993975835216 0.8709456091610533 0.9087452728583881 0.3298445626818823 0.6830743663365642 0.8992209495659688 0.07569688175830336 0.8785878632047704 0.1908393632684806 0.8497689100179306 0.6671187886992039 0.3443391954500539 0.151375569992799 0.6353709614884534 0.8477880437147416
0.8218493747640105 0.6282395971306578 0.9563015097552321 0.5899231270757698 0.1978327846479193 0.4293307226164923 0.3367459987011673 0.991945011907281 0.3802364961172647 0.992700873664818 0.5188042507334142 0.1722797014771255 0.07457407125147986 0.3703056937738877 0.1234188598147299 0.6345187162918416 0.4139198457294089 0.9909156325254501 0.9299556236533179 0.14923603230975
0.3948822625368005 0.4615797109623861 0.5609487551219452 0.7803635232892685 0.4871939090734237 0.4199935520102408 0.2619997047193356 0.9108061390867584 0.02227151153280416 0.8211218982189646 0.1884683996664185 0.6857568991725472 0.3552093893396437 0.9742126278950913 0.12277212944942 0.1875698926172396 0.8894424754644789 0.5834063146082279 0.3092463846587796 0.0007643854781880233
0.2275977383222531 0.1454036341712357 0.2034338243700906 0.8963225568040046 0.8730943782696405 0.7002894376334498 0.4704976761522091 0.8271360023322883 0.4958263970852124 0.3634886832849052 0.2756031027608588 0.9247408135383717 0.3869892342562922 0.4928808734313203 0.2544381023144221 0.8849665188380633 0.3832634568052867 0.2975747153138752 0.7175949621947544 0.1908699431723074
0.1181926293470384 0.8369977822135122 0.7441359213695352 0.5905205476471171 0.2428915749648707 0.6232471451875841 0.638355320741173 0.3275694441123251 0.06748934306754228 0.8805385975643267 0.4599567310742584 0.7638727180664299 0.2538886209427397 0.5913871822675169 0.4287951603487977 0.3821006425491396 0.1267133838469228 0.2442666632089758 0.07934158295831895 0.3028583047175786
0.7417048002315554 0.6150157249710488 0.6724110989339258 0.008383079525031589 0.6783769722513199 0.5031806905428871 0.2309084504841792 0.1748965089819222 0.1849829655508298 0.8442600050750985 0.9825897893050853 0.9137396248416316 0.3473694203728128 0.7802245796913637 0.5464545907014307 0.8164423975559377 0.4837269511889059 0.5899512982994037 0.7872634475242615 0.1002346431031323
0.5370071168405407 0.3659833466696543 0.6043068436688722 0.9588025156370005 0.3928229449969625 0.3929729979416164 0.7906369935895988 0.6450783990854264 0.3938840078553765 0.6889550482302514 0.404001609054379 0.1361131542481221 0.4506432686721344 0.3344193926972726 0.2179689300611679 0.9257748016364399 0.6896393990795577 0.5988208906234219 0.746657472123005 0.5419710617714415
0.7005330726195026 0.9305598192498451 0.8626166945052219 0.1674418575065213 0.2631390239238742 0.07161027944180454 0.978672805158347 0.2363840986603756 0.6605983559285987 0.089630698927462 0.2107709420870187 0.5028243835184045 0.104953668329928 0.3888734026947244 0.5379877201396809 0.3392041848851 0.5559002111265755 0.536768321942464 0.3906104987369058 0.6962700831011029
0.6784824539979241 0.6873031493743899 0.5614912587993742 0.3580799140129358 0.6131123353670123 0.9357362666081998 0.5968885249459731 0.9795901743594252 0.4410066204088712 0.7396119625075467 0.03760387864960013 0.7647266390004861 0.5182815803268124 0.005316532961103237 0.2772001047825985 0.5348322325198115 0.7679628782813116 0.05309259545252509 0.5490534438505197 0.800994555798356
0.6495830548784789 0.9314470149929107 0.07473144501476114 0.2768064626005866 0.9192375042561725 0.7650051482981429 0.5997403444720987 0.8329681438370704 0.896043491575002 0.9727203528528249 0.9985205070898059 0.1396493336841035 0.07054204474369918 0.07346665436012334 0.01474379089994693 0.9718200729779261 0.09476691645722912 0.8417368261858497 0.6851729969076996 0.4875571674829181
0.3466948813585782 0.3536477870670051 0.2538388823471872 0.9110179736986265 0.725642545494869 0.02592579278426987 0.4615212532471146 0.2813012725368114 0.02896618617789848 0.8846818943092944 0.7710053579546823 0.3297350792442609 0.796558587536711 0.3246383222029966 0.3078824438176467 0.9281090785007262 0.9769161619458502 0.5235553047168928 0.951935167567925 0.8879964939264646
0.5180325615944087 0.3727488020974856 0.7103545783196094 0.455643424642054 0.6052128951232129 0.9904061968899467 0.7739162499564685 0.3342764049938263 0.08899822082237796 0.1849055902784084 0.5268518758918344 0.417102418106858 0.8006596581292397 0.9332023381866817 0.1778647479513485 0.8600667708762162 0.9573949263266688 0.9594706068497821 0.0378625877204305 0.05758350560817371
0.005797392917688993 0.3126811561554764 0.05569841271210463 0.2938624854705442 0.3560164860311865 0.9536770184739218 0.476950922486778 0.2782384424213303 0.5030051950509548 0.6433579246491355 0.111245672567435 0.7580616581331086 0.8519457712872955 0.8442498595694283 0.8905068324120895 0.3818423967557611 0.4438051983665185 0.1015814759461662 0.2258069224312351 0.971320469273211
0.2846239689687354 0.9073961422409973 0.8905522863783111 0.9225044972603934 0.1561495644407948 0.8797221435013809 0.6319949504631371 0.2106281784188024 0.3451159147800812 0.1599187885892832 0.4443481574461272 0.08377495384546052 0.1653184904802398 0.1971963464666693 0.6910273415567042 0.5738028691653529 0.8733231340367321 0.2446340657192081 0.6296079567189131 0.03443126530709562
0.516198461077069 0.8632264817138495 0.9841265438849168 0.009872975358918512 0.2528414820768151 0.2238496703275253 0.04753759422776049 0.01017245626177565 0.4901953122442317 0.04548214567029407 0.278328130846902 0.6399745691089123 0.2946920415609042 0.2696547011590514 0.5905465222435671 0.3805340772096401 0.7025230339614009 0.4961239512498611 0.6332092658064775 0.3533943470016294
0.2870439461555087 0.1332071137511019 0.9370803847989643 0.8048358460157946 0.9380285431563524 0.1853805246478023 0.9331557628232255 0.9357532076921331 0.2835445136036545 0.274634248423863 0.5514315736733725 0.1852892393685523 0.4421011106267658 0.1853176459376844 0.9473759179539593 0.4938246574910856 0.9639177674239978 0.6449416725122118 0.4843157730323856 0.9676952459611975
0.1431897817087628 0.6323298746664966 0.6618883678367976 0.433839827152726 0.05935722533895749 0.4927226011660333 0.4651339435180775 0.8067468107748635 0.2566609899529763 0.3914303629842686 0.2401722072213772 0.6864434151723641 0.9898834533371155 0.1774295368682619 0.8214467402262973 0.2309885592816333 0.05797581337276703 0.1388165180456736 0.9351531155423887 0.8885421033562281
0.28926049548291 0.9477640661016069 0.8499305352314189 0.4346547940716735 0.4680495548664728 0.6298530215834227 0.1580318349638127 0.01478208674209291 0.2655120174723858 0.01544363194276088 0.6744988441622575 0.5514688358127765 0.3216481456027777 0.7802023371197586 0.1457854312147771 0.2448806387618836 0.2923137620392837 0.1959319464989921 0.08793868377060332 0.8699761802716075
0.08818864557151007 0.6837103358216379 0.1204008768577234 0.01069900314417416 0.5572682300749138 0.9071090552203707 0.8604566673368852 0.33845138411825 0.02715882932586222 0.8008593551300331 0.8059849322896659 0.8684881163027721 0.6696465998755331 0.8077788623150765 0.8974982823028202 0.4538299504900123 0.5578253037149105 0.5061311288282347 0.6919839045242188 0.6829068676298748
0.5203136358633165 0.8284681480854713 0.5057793867898664 0.8248585623852319 0.2818450881432429 0.1784948329774882 0.969870570344714 0.7419395254560768 0.2597916933044145 0.5812353422911717 0.9552622535381868 0.08075390781207881 0.08353420706174108 0.6191348314199072 0.2244934788359577 0.7651839567335081 0.5681525429491051 0.6661880902234952 0.1078139007945924 0.08428305143655679
0.6251210683054896 0.4097312611340205 0.08725252387198179 0.3710639450161891 0.6721444096568486 0.1895874001915857 0.8957291085287041 0.9498463888800873 0.9615725424345338 0.7300825577402602 0.4062884276883151 0.7437491963512196 0.2879868792747515 0.3144172223907462 0.6058963612178579 0.5948471334079176 0.8786609763158111 0.2546007556605769 0.7661883652028217 0.9410132668189013
0.001032932657734631 0.4760891180021048 0.6570403290247293 0.8433232139195225 0.1837394118760017 0.8561592379873718 0.3643654798570279 0.8922739292761724 0.02771174012236499 0.08539013912317062 0.9814104657541125 0.6095019257734966 0.4176323468141833 0.1692141846936905 0.64990115308969 0.03697506835935782 0.3116139134607047 0.3234791969890753 0.6074418935145536 0.6508312566756971
0.8460545992364693 0.9275809425975434 0.6604577276110997 0.5781739184085382 0.3987155436290084 0.966612492642142 0.1540791718323574 0.8950868086486484 0.3110130678848415 0.548489089666104 0.6820662584328149 0.2364696513261554 0.1677366850502716 0.508482013429616 0.7918638755846716 0.6924144621670756 0.1189733371730148 0.900742215071733 0.479737567049155 0.9466766792396476
0.5534337062482657 0.08480182166035288 0.2024630356745356 0.8542379729163827 0.7059273667647191 0.8949395201529242 0.3291460017942998 0.5280013966376261 0.6503981324841198 0.5942908535866644 0.2314629355342478 0.4268213494482356 0.2481114640601748 0.8456149622311454 0.9866774449680826 0.06657080313237929 0.7139280322669613 0.3301155521990743 0.6254353783114329 0.258129649281871
0.6510076093084951 0.3711471844627295 0.2948208795369637 0.9117631736977988 0.9424988742262075 0.6135500265601355 0.2144677808306926 0.9394188709061594 0.7504535467233241 0.7510898073228061 0.2117213348484862 0.8301565261622993 0.2400951541612101 0.6316207452501602 0.7107395698995863 0.7423834297071017 0.390264704599581 0.7598253967160974 0.9029359021217099 0.5874200192375769
0.09040971569479861 0.1289759841422761 0.1052625266627869 0.17272746332288 0.126430890289685 0.7783008900676276 0.03941151218444428 0.241558417340864 0.8790664013584655 0.9735188608362936 0.6054220077270481 0.9762382645603884 0.04345154171497678 0.9485727683760076 0.3112960824561671 0.798972840361593 0.8106291034469015 0.8599985915803449 0.458550810902501 0.9306443921654484
0.2578929844270399 0.9344454925295846 0.6191196332516605 0.9854449149448306 0.03264386596259239 0.7251666588327084 0.5655542353803811 0.4924240473983196 0.259218125650737 0.3268306848663751 0.2494622067013877 0.2192679103250608 0.7996608375248389 0.5023950058982584 0.08318988869699773 0.7769841920273803 0.5336490760837309 0.739387787346382 0.5153936931431213 0.3999459239851317
0.986246782436295 0.02824262016291268 0.9327639079648583 0.930854967759968 0.3909187115014581 0.2144648711333198 0.619213297933239 0.1779723354701694 0.8032081943280084 0.2539338558777352 0.2908061550326779 0.915915790009957 0.902916833474409 0.5353808917305217 0.8628389805786156 0.3525325688050618 0.9978842782249023 0.433689739404977 0.2948120117984954 0.04157423394916726
0.9897069537867418 0.4648876309118224 0.7345850140503707 0.6408076240458747 0.7230933996660097 0.05111090382611627 0.9200454054097137 0.9268412179022415 0.5519950271541971 0.963915888684551 0.2809555369903675 0.6021466271365452 0.3964626900526239 0.6280232317552282 0.3006322885237481 0.8193583846560202 0.06978597850420853 0.04187757029999628 0.04939638463331431 0.1504550283676634
0.3953504737946903 0.9553899892571747 0.1107954396959562 0.6475529858164272 0.5276215084563493 0.353242405983059 0.1981992293201918 0.2205940818473358 0.04382150972714693 0.7131639731598145 0.6538401991962549 0.4437697927247224 0.7189394880898436 0.1099759724453204 0.9387191733689311 0.8476267092393875 0.6590356596658833 0.3788311686617318 0.4165667290147474 0.4821539221574674
0.9352837700068006 0.8635929549181026 0.4779238492165594 0.554518498278167 0.8754038622793218 0.9492644337722901 0.639184755868246 0.7485203200897537 0.3516249063604426 0.91802831908618 0.8367520498538312 0.5520558812247628 0.8676272096151737 0.8498718814403323 0.8084113566061418 0.1306928243973881 0.5360025748218121 0.900783114706916 0.7708318305538303 0.4207131990251918
0.9778803933599658 0.2507731566730023 0.3336102288478977 0.954200507429589 0.8087153481852897 0.9003400045106619 0.01158958940989518 0.3797644330339948 0.2355219566098693 0.2959350518874113 0.7379954964038409 0.7240848448640741 0.4617994101990615 0.3652744612070937 0.5846916130045258 0.5337077546342763 0.550579559007862 0.6154770711146578 0.3956482722675488 0.7717184824154584
0.2512031833493866 0.655760767903366 0.9603971482200181 0.003554760464426043 0.7233610443943062 0.1089950339296437 0.5437874916638252 0.6269160166803346 0.2429471257708011 0.9138438752466082 0.6223125286916178 0.2316946913948599 0.7701321875998075 0.1055070799973348 0.5552253185313445 0.09495606980249149 0.5809840726750195 0.2529801127201884 0.6494668079547463 0.71582695285818
0.5241856145686612 0.6575214077031101 0.8132938453250557 0.8075122716430321 0.6196819920538628 0.4511024621207749 0.4079499890473675 0.8747476199043634 0.7029317321143713 0.1849350223734016 0.5657321466292633 0.9088080323000569 0.1506899922482712 0.8455176755307064 0.8202024663153499 0.4993411012978345 0.0375838514857032 0.1475025053969354 0.9226386946886712 0.04415479603186245
0.3724987664053595 0.6190396347254709 0.1969480389140167 0.9810797572402973 0.1559752330434224 0.5396791951612744 0.6180113243466446 0.2309899486697039 0.4663089892093414 0.4910085291329293 0.766862376326542 0.6342807527738734 0.4675500530653396 0.6669425431939752 0.4533774265221984 0.5257115913414097 0.6585680415583619 0.1811953819538616 0.7880495511723071 0.6028653375383973
0.9803328851373277 0.2223831935311757 0.4662664741665735 0.8956418025994466 0.6014334096987881 0.725958845848815 0.4136701642013603 0.6843096218313198 0.9460550298475632 0.2001860657393221 0.8073652638773204 0.9695380120998964 0.01456873176333173 0.2152095865944276 0.1173769203131297 0.7674235177414532 0.08121658594273329 0.9984135585909075 0.3896120158793052 0.9052027659330404
0.1885776034994678 0.4408721998222909 0.8448118190062035 0.5952697806732562 0.4621580966913571 0.5126497467571176 0.5738855268923474 0.4403192075855932 0.1935589577238105 0.1139657614591864 0.151227927370148 0.0524909638531339 0.5586764110636315 0.8477210140360106 0.3591193389241107 0.07531087263581782 0.4257244119851162 0.6020078384720013 0.4254034655756376 0.81072123360737
0.9418862461867052 0.8699107732683544 0.7039994982798885 0.4702989247821753 0.6826980429032513 0.01341831055652953 0.9824781185020439 0.172077331828896 0.9062603959616818 0.8071099016661061 0.8001396843869877 0.2689360577850649 0.2191538057572581 0.4288006929140887 0.8493711007306549 0.4503796424717202 0.9354201140070618 0.352679327251738 0.6193921656967597 0.9806990363557802
0.6434625222408049 0.04549821604060378 0.4635570909517118 0.3347513437136638 0.5321815485216747 0.2847462086131314 0.1222612302300028 0.6682889887508018 0.6813597548913063 0.8671392999990885 0.1323814935627374 0.798620308278031 0.826768738405129 0.6465499357511519 0.2049221457806338 0.2614207144058379 0.4184968175391757 0.5417990727827313 0.477437955592217 0.4674598920453694
0.8398407101976674 0.8701023653075677 0.8167539643767667 0.8778014186346996 0.5710087619370731 0.9640361333390818 0.6065443482504677 0.6039477410796814 0.3192977370746188 0.681204184117019 0.05196568850536099 0.1345464210119423 0.1302421675727651 0.6552012872247357 0.1753325917713383 0.3411468232515472 0.04431165583310459 0.2337343601165106 0.9642243248492941 0.5091394025163677
0.1510745184714319 0.5230085317344643 0.9435093839110807 0.865686014006334 0.3920658689303869 0.2838675159734027 0.7617298626927418 0.2404843248030878 0.2542323546573524 0.08408635417992949 0.8641440947640269 0.4478989156202798 0.5617862606099736 0.7367109576935199 0.7964888671311956 0.4475081389903138 0.1841275561757983 0.8287328515283018 0.03099795982825582 0.9467282696079524
0.5769778464775016 0.875388738450687 0.6085654369735587 0.2516595841523237 0.2961299234959044 0.5329225590316532 0.9620782128470935 0.1844956044901777 0.509898378143109 0.3437881034368444 0.7697253449571857 0.802866486432424 0.4245599103022166 0.2041224999943358 0.06708946032885532 0.1986482644205615 0.2724008501293822 0.5987889179092104 0.8730834972744356 0.1282309388454863
0.958188741714896 0.6831708438541465 0.7419642356783802 0.9828807859209906 0.416100772618142 0.5315834658959018 0.6792129501957186 0.5128751425899913 0.2991123446608356 0.1053846727300393 0.2849321457221448 0.7688528482877579 0.6407827044518462 0.8013307032031926 0.5171205319704266 0.232100021846335 0.6279619269819027 0.3040054900223031 0.02952874494202096 0.9033311768168756
0.4203695688027851 0.4261307804247122 0.7412517353318591 0.9484584043057936 0.07251552804546335 0.1727010881322749 0.3223574891327107 0.248424246330199 0.495494981361193 0.8244596107976835 0.8539724149421759 0.5958299420587015 0.2401737338310667 0.1864926882726853 0.743390512402039 0.2372140576435476 0.5394908909265497 0.7492807871271918 0.2282491046153859 0.174501187572744
0.03973568657585125 0.1475688376999476 0.8514389069469908 0.1046359117449586 0.2236450455273178 0.03275719974597713 0.6763566354512786 0.2317031414647196 0.4135917178017643 0.1393011713237268 0.3772172876115065 0.4244374662396153 0.4729649518600131 0.4228418130386131 0.1027565638741643 0.772580266631544 0.1372060034899114 0.424292374325812 0.2719561124527795 0.3010079430799063
0.6724207725864325 0.5177867238134145 0.1900870504799406 0.4691344398333771 0.3395408687963035 0.7044971982481261 0.226095202432549 0.8449881373583452 0.5262296648916304 0.5006195729230891 0.2536858068876802 0.186155669736664 0.4718190627375968 0.9818244178252573 0.1329062376618271 0.2834624324280571 0.800641174283456 0.6647768985107549 0.278758408693437 0.3146476067751118
0.4199482544019291 0.6027867622422961 0.7193387672210755 0.8573003334512307 0.6811114704584097 0.2369820644716983 0.92572053533626 0.7811954006757661 0.3073814804278443 0.3049656416420632 0.8811683184289046 0.1260784803971985 0.6334608342357256 0.2777127324734242 0.8272003251393062 0.3645234475558883 0.7333660944688341 0.1924178904137388 0.4814458975407394 0.8035946264310272
0.396988211672374 0.1615740398560899 0.6489822226486474 0.7533258058943924 0.2801926353730937 0.4513618612324016 0.9004489123860653 0.8719856311909184 0.7071876097841823 0.5909005994904067 0.8173822703971256 0.907644646099839 0.002507559667923154 0.3972277662337618 0.5614096837184815 0.7339231362848766 0.08747276218504352 0.3997549876808645 0.2796211794498489 0.423510053105183
0.4979786326732883 0.660015223526051 0.4962361389702792 0.6204682006051905 0.5824398618892226 0.4283323980388564 0.004976364711265391 0.1945164138596018 0.3202066542862888 0.1469781258549313 0.5986638816064357 0.6114994766596024 0.5000932595969295 0.3208489016008645 0.6532580520244544 0.1902834826790437 0.00588098144462823 0.7349420186839615 0.4435038419039351 0.6978416560498484
0.185043349636976 0.06261980198391548 0.3781085867830213 0.695996510445494 0.1028183674543158 0.1958342336749924 0.4539526504065199 0.6211491896936461 0.750124248068985 0.1097350212856566 0.6246236071556411 0.3873605221444808 0.670090368747807 0.2035603776619016 0.5279187975307311 0.1721625549559327 0.01868100599637534 0.4869502464239571 0.1841777765608931 0.6383433300033875
0.5365748193404329 0.7749453799977457 0.3929599026342032 0.9894521308362529 0.5152146961620737 0.4788234011854717 0.7494424707521696 0.5726882932924154 0.3624653173000254 0.4892447854601422 0.1891383749388498 0.3935834142968619 0.02996175252404853 0.4625290603422029 0.2744741128035708 0.5267158603586157 0.02927212140311253 0.5550867665221745 0.2929978836283572 0.5774906810135474
