0 0 0 0 0 0 0 0 0 0.3967649045257698
0.559410123613324 0 0 0 0 0 0 0 0 0
0 0 0 0 0 0.2341650577631353 0 0 0 0
0 0 0 0 0 0 0 0 0 0.9179202637139332
0 0 0.1555986863935644 0 0 0 0 0 0 0
0 0 0 0 0 0.6185830585431017 0 0 0 0
0 0 0 0.3930274731283704 0 0 0 0 0 0
0 0.1564896019328846 0 0 0 0 0 0 0 0
0 0 0 0 0 0 0 0.1438221846345439 0 0
0 0 0.5327151670099892 0 0 0 0 0 0 0
0.02090883346980988 0 0 0 0 0 0 0 0 0
0 0 0.2600806523772967 0 0 0 0 0 0 0
0 0 0 0.5409825302335168 0 0 0 0 0 0
0.2327617717922175 0 0 0 0 0 0 0 0 0
0 0 0 0 0 0 0.4978883303586907 0 0 0
0 0 0 0 0 0 0 0 0.6421590390634937 0
0 0.1673490712028664 0 0 0 0 0 0 0 0
0 0 0 0 0 0 0 0.3865384232486926 0 0
0 0 0 0 0.5162638317800258 0 0 0 0 0
0 0.7755353223122445 0 0 0 0 0 0 0 0
0.06458202449175397 0 0 0 0 0 0 0 0 0
0 0 0.623181012290523 0 0 0 0 0 0 0
0 0 0 0 0.3800191650837222 0 0 0 0 0
0 0.1340754823644477 0 0 0 0 0 0 0 0
0 0 0 0 0 0.5435290249901521 0 0 0 0
0 0 0 0 0.5058850986908381 0 0 0 0 0
0 0 0 0 0 0 0.8672411489848917 0 0 0
0 0 0.2889946972585837 0 0 0 0 0 0 0
0 0 0 0 0 0 0 0.8987183660441432 0 0
0 0 0 0 0 0 0 0 0.26023078888009 0
0 0 0 0 0.355756711393582 0 0 0 0 0
0 0 0 0 0 0.2858085244122625 0 0 0 0
0 0.5727774626582377 0 0 0 0 0 0 0 0
0.562478771672941 0 0 0 0 0 0 0 0 0
0 0 0 0 0 0 0 0 0.7047136949820683 0
0 0 0 0 0.4067181469283757 0 0 0 0 0
0 0 0 0.53448517428442 0 0 0 0 0 0
0 0 0 0 0 0 0 0.1490252498548724 0 0
0 0 0 0.2305389767677378 0 0 0 0 0 0
0 0 0 0.3797682434629279 0 0 0 0 0 0
0.4286209803811503 0 0 0 0 0 0 0 0 0
0 0 0.3217658782005985 0 0 0 0 0 0 0
0 0 0 0 0.2028666269868182 0 0 0 0 0
0 0 0 0.120841882911981 0 0 0 0 0 0
0.3580166764006289 0 0 0 0 0 0 0 0 0
0 0 0 0 0 0.1068270140428977 0 0 0 0
0 0 0.2212597215760072 0 0 0 0 0 0 0
0 0 0 0 0 0 0 0 0.1526116416680495 0
0 0 0 0 0 0.4171323541077428 0 0 0 0
0 0 0 0.2349851199563006 0 0 0 0 0 0
