0.8218493747640105 0.6282395971306578 0.9563015097552321 0.5899231270757698 0.1978327846479193 0.4293307226164923 0.3367459987011673 0.991945011907281 0.3802364961172647 0.992700873664818 0.5188042507334142 0.1722797014771255 0.07457407125147986 0.3703056937738877 0.1234188598147299 0.6345187162918416 0.4139198457294089 0.9909156325254501 0.9299556236533179 0.14923603230975
0.3948822625368005 0.4615797109623861 0.5609487551219452 0.7803635232892685 0.4871939090734237 0.4199935520102408 0.2619997047193356 0.9108061390867584 0.02227151153280416 0.8211218982189646 0.1884683996664185 0.6857568991725472 0.3552093893396437 0.9742126278950913 0.12277212944942 0.1875698926172396 0.8894424754644789 0.5834063146082279 0.3092463846587796 0.0007643854781880233
0.2275977383222531 0.1454036341712357 0.2034338243700906 0.8963225568040046 0.8730943782696405 0.7002894376334498 0.4704976761522091 0.8271360023322883 0.4958263970852124 0.3634886832849052 0.2756031027608588 0.9247408135383717 0.3869892342562922 0.4928808734313203 0.2544381023144221 0.8849665188380633 0.3832634568052867 0.2975747153138752 0.7175949621947544 0.1908699431723074
0.1181926293470384 0.8369977822135122 0.7441359213695352 0.5905205476471171 0.2428915749648707 0.6232471451875841 0.638355320741173 0.3275694441123251 0.06748934306754228 0.8805385975643267 0.4599567310742584 0.7638727180664299 0.2538886209427397 0.5913871822675169 0.4287951603487977 0.3821006425491396 0.1267133838469228 0.2442666632089758 0.07934158295831895 0.3028583047175786
0.7417048002315554 0.6150157249710488 0.6724110989339258 0.008383079525031589 0.6783769722513199 0.5031806905428871 0.2309084504841792 0.1748965089819222 0.1849829655508298 0.8442600050750985 0.9825897893050853 0.9137396248416316 0.3473694203728128 0.7802245796913637 0.5464545907014307 0.8164423975559377 0.4837269511889059 0.5899512982994037 0.7872634475242615 0.1002346431031323
0.5370071168405407 0.3659833466696543 0.6043068436688722 0.9588025156370005 0.3928229449969625 0.3929729979416164 0.7906369935895988 0.6450783990854264 0.3938840078553765 0.6889550482302514 0.404001609054379 0.1361131542481221 0.4506432686721344 0.3344193926972726 0.2179689300611679 0.9257748016364399 0.6896393990795577 0.5988208906234219 0.746657472123005 0.5419710617714415
0.7005330726195026 0.9305598192498451 0.8626166945052219 0.1674418575065213 0.2631390239238742 0.07161027944180454 0.978672805158347 0.2363840986603756 0.6605983559285987 0.089630698927462 0.2107709420870187 0.5028243835184045 0.104953668329928 0.3888734026947244 0.5379877201396809 0.3392041848851 0.5559002111265755 0.536768321942464 0.3906104987369058 0.6962700831011029
0.6784824539979241 0.6873031493743899 0.5614912587993742 0.3580799140129358 0.6131123353670123 0.9357362666081998 0.5968885249459731 0.9795901743594252 0.4410066204088712 0.7396119625075467 0.03760387864960013 0.7647266390004861 0.5182815803268124 0.005316532961103237 0.2772001047825985 0.5348322325198115 0.7679628782813116 0.05309259545252509 0.5490534438505197 0.800994555798356
0.6495830548784789 0.9314470149929107 0.07473144501476114 0.2768064626005866 0.9192375042561725 0.7650051482981429 0.5997403444720987 0.8329681438370704 0.896043491575002 0.9727203528528249 0.9985205070898059 0.1396493336841035 0.07054204474369918 0.07346665436012334 0.01474379089994693 0.9718200729779261 0.09476691645722912 0.8417368261858497 0.6851729969076996 0.4875571674829181
0.3466948813585782 0.3536477870670051 0.2538388823471872 0.9110179736986265 0.725642545494869 0.02592579278426987 0.4615212532471146 0.2813012725368114 0.02896618617789848 0.8846818943092944 0.7710053579546823 0.3297350792442609 0.796558587536711 0.3246383222029966 0.3078824438176467 0.9281090785007262 0.9769161619458502 0.5235553047168928 0.951935167567925 0.8879964939264646
0.5180325615944087 0.3727488020974856 0.7103545783196094 0.455643424642054 0.6052128951232129 0.9904061968899467 0.7739162499564685 0.3342764049938263 0.08899822082237796 0.1849055902784084 0.5268518758918344 0.417102418106858 0.8006596581292397 0.9332023381866817 0.1778647479513485 0.8600667708762162 0.9573949263266688 0.9594706068497821 0.0378625877204305 0.05758350560817371
0.005797392917688993 0.3126811561554764 0.05569841271210463 0.2938624854705442 0.3560164860311865 0.9536770184739218 0.476950922486778 0.2782384424213303 0.5030051950509548 0.6433579246491355 0.111245672567435 0.7580616581331086 0.8519457712872955 0.8442498595694283 0.8905068324120895 0.3818423967557611 0.4438051983665185 0.1015814759461662 0.2258069224312351 0.971320469273211
0.2846239689687354 0.9073961422409973 0.8905522863783111 0.9225044972603934 0.1561495644407948 0.8797221435013809 0.6319949504631371 0.2106281784188024 0.3451159147800812 0.1599187885892832 0.4443481574461272 0.08377495384546052 0.1653184904802398 0.1971963464666693 0.6910273415567042 0.5738028691653529 0.8733231340367321 0.2446340657192081 0.6296079567189131 0.03443126530709562
0.516198461077069 0.8632264817138495 0.9841265438849168 0.009872975358918512 0.2528414820768151 0.2238496703275253 0.04753759422776049 0.01017245626177565 0.4901953122442317 0.04548214567029407 0.278328130846902 0.6399745691089123 0.2946920415609042 0.2696547011590514 0.5905465222435671 0.3805340772096401 0.7025230339614009 0.4961239512498611 0.6332092658064775 0.3533943470016294
0.2870439461555087 0.1332071137511019 0.9370803847989643 0.8048358460157946 0.9380285431563524 0.1853805246478023 0.9331557628232255 0.9357532076921331 0.2835445136036545 0.274634248423863 0.5514315736733725 0.1852892393685523 0.4421011106267658 0.1853176459376844 0.9473759179539593 0.4938246574910856 0.9639177674239978 0.6449416725122118 0.4843157730323856 0.9676952459611975
0.1431897817087628 0.6323298746664966 0.6618883678367976 0.433839827152726 0.05935722533895749 0.4927226011660333 0.4651339435180775 0.8067468107748635 0.2566609899529763 0.3914303629842686 0.2401722072213772 0.6864434151723641 0.9898834533371155 0.1774295368682619 0.8214467402262973 0.2309885592816333 0.05797581337276703 0.1388165180456736 0.9351531155423887 0.8885421033562281
0.28926049548291 0.9477640661016069 0.8499305352314189 0.4346547940716735 0.4680495548664728 0.6298530215834227 0.1580318349638127 0.01478208674209291 0.2655120174723858 0.01544363194276088 0.6744988441622575 0.5514688358127765 0.3216481456027777 0.7802023371197586 0.1457854312147771 0.2448806387618836 0.2923137620392837 0.1959319464989921 0.08793868377060332 0.8699761802716075
0.08818864557151007 0.6837103358216379 0.1204008768577234 0.01069900314417416 0.5572682300749138 0.9071090552203707 0.8604566673368852 0.33845138411825 0.02715882932586222 0.8008593551300331 0.8059849322896659 0.8684881163027721 0.6696465998755331 0.8077788623150765 0.8974982823028202 0.4538299504900123 0.5578253037149105 0.5061311288282347 0.6919839045242188 0.6829068676298748
0.5203136358633165 0.8284681480854713 0.5057793867898664 0.8248585623852319 0.2818450881432429 0.1784948329774882 0.969870570344714 0.7419395254560768 0.2597916933044145 0.5812353422911717 0.9552622535381868 0.08075390781207881 0.08353420706174108 0.6191348314199072 0.2244934788359577 0.7651839567335081 0.5681525429491051 0.6661880902234952 0.1078139007945924 0.08428305143655679
0.6251210683054896 0.4097312611340205 0.08725252387198179 0.3710639450161891 0.6721444096568486 0.1895874001915857 0.8957291085287041 0.9498463888800873 0.9615725424345338 0.7300825577402602 0.4062884276883151 0.7437491963512196 0.2879868792747515 0.3144172223907462 0.6058963612178579 0.5948471334079176 0.8786609763158111 0.2546007556605769 0.7661883652028217 0.9410132668189013
0.001032932657734631 0.4760891180021048 0.6570403290247293 0.8433232139195225 0.1837394118760017 0.8561592379873718 0.3643654798570279 0.8922739292761724 0.02771174012236499 0.08539013912317062 0.9814104657541125 0.6095019257734966 0.4176323468141833 0.1692141846936905 0.64990115308969 0.03697506835935782 0.3116139134607047 0.3234791969890753 0.6074418935145536 0.6508312566756971
0.8460545992364693 0.9275809425975434 0.6604577276110997 0.5781739184085382 0.3987155436290084 0.966612492642142 0.1540791718323574 0.8950868086486484 0.3110130678848415 0.548489089666104 0.6820662584328149 0.2364696513261554 0.1677366850502716 0.508482013429616 0.7918638755846716 0.6924144621670756 0.1189733371730148 0.900742215071733 0.479737567049155 0.9466766792396476
0.5534337062482657 0.08480182166035288 0.2024630356745356 0.8542379729163827 0.7059273667647191 0.8949395201529242 0.3291460017942998 0.5280013966376261 0.6503981324841198 0.5942908535866644 0.2314629355342478 0.4268213494482356 0.2481114640601748 0.8456149622311454 0.9866774449680826 0.06657080313237929 0.7139280322669613 0.3301155521990743 0.6254353783114329 0.258129649281871
0.6510076093084951 0.3711471844627295 0.2948208795369637 0.9117631736977988 0.9424988742262075 0.6135500265601355 0.2144677808306926 0.9394188709061594 0.7504535467233241 0.7510898073228061 0.2117213348484862 0.8301565261622993 0.2400951541612101 0.6316207452501602 0.7107395698995863 0.7423834297071017 0.390264704599581 0.7598253967160974 0.9029359021217099 0.5874200192375769
0.09040971569479861 0.1289759841422761 0.1052625266627869 0.17272746332288 0.126430890289685 0.7783008900676276 0.03941151218444428 0.241558417340864 0.8790664013584655 0.9735188608362936 0.6054220077270481 0.9762382645603884 0.04345154171497678 0.9485727683760076 0.3112960824561671 0.798972840361593 0.8106291034469015 0.8599985915803449 0.458550810902501 0.9306443921654484
0.2578929844270399 0.9344454925295846 0.6191196332516605 0.9854449149448306 0.03264386596259239 0.7251666588327084 0.5655542353803811 0.4924240473983196 0.259218125650737 0.3268306848663751 0.2494622067013877 0.2192679103250608 0.7996608375248389 0.5023950058982584 0.08318988869699773 0.7769841920273803 0.5336490760837309 0.739387787346382 0.5153936931431213 0.3999459239851317
0.986246782436295 0.02824262016291268 0.9327639079648583 0.930854967759968 0.3909187115014581 0.2144648711333198 0.619213297933239 0.1779723354701694 0.8032081943280084 0.2539338558777352 0.2908061550326779 0.915915790009957 0.902916833474409 0.5353808917305217 0.8628389805786156 0.3525325688050618 0.9978842782249023 0.433689739404977 0.2948120117984954 0.04157423394916726
0.9897069537867418 0.4648876309118224 0.7345850140503707 0.6408076240458747 0.7230933996660097 0.05111090382611627 0.9200454054097137 0.9268412179022415 0.5519950271541971 0.963915888684551 0.2809555369903675 0.6021466271365452 0.3964626900526239 0.6280232317552282 0.3006322885237481 0.8193583846560202 0.06978597850420853 0.04187757029999628 0.04939638463331431 0.1504550283676634
0.3953504737946903 0.9553899892571747 0.1107954396959562 0.6475529858164272 0.5276215084563493 0.353242405983059 0.1981992293201918 0.2205940818473358 0.04382150972714693 0.7131639731598145 0.6538401991962549 0.4437697927247224 0.7189394880898436 0.1099759724453204 0.9387191733689311 0.8476267092393875 0.6590356596658833 0.3788311686617318 0.4165667290147474 0.4821539221574674
0.9352837700068006 0.8635929549181026 0.4779238492165594 0.554518498278167 0.8754038622793218 0.9492644337722901 0.639184755868246 0.7485203200897537 0.3516249063604426 0.91802831908618 0.8367520498538312 0.5520558812247628 0.8676272096151737 0.8498718814403323 0.8084113566061418 0.1306928243973881 0.5360025748218121 0.900783114706916 0.7708318305538303 0.4207131990251918
0.9778803933599658 0.2507731566730023 0.3336102288478977 0.954200507429589 0.8087153481852897 0.9003400045106619 0.01158958940989518 0.3797644330339948 0.2355219566098693 0.2959350518874113 0.7379954964038409 0.7240848448640741 0.4617994101990615 0.3652744612070937 0.5846916130045258 0.5337077546342763 0.550579559007862 0.6154770711146578 0.3956482722675488 0.7717184824154584
0.2512031833493866 0.655760767903366 0.9603971482200181 0.003554760464426043 0.7233610443943062 0.1089950339296437 0.5437874916638252 0.6269160166803346 0.2429471257708011 0.9138438752466082 0.6223125286916178 0.2316946913948599 0.7701321875998075 0.1055070799973348 0.5552253185313445 0.09495606980249149 0.5809840726750195 0.2529801127201884 0.6494668079547463 0.71582695285818
0.5241856145686612 0.6575214077031101 0.8132938453250557 0.8075122716430321 0.6196819920538628 0.4511024621207749 0.4079499890473675 0.8747476199043634 0.7029317321143713 0.1849350223734016 0.5657321466292633 0.9088080323000569 0.1506899922482712 0.8455176755307064 0.8202024663153499 0.4993411012978345 0.0375838514857032 0.1475025053969354 0.9226386946886712 0.04415479603186245
0.3724987664053595 0.6190396347254709 0.1969480389140167 0.9810797572402973 0.1559752330434224 0.5396791951612744 0.6180113243466446 0.2309899486697039 0.4663089892093414 0.4910085291329293 0.766862376326542 0.6342807527738734 0.4675500530653396 0.6669425431939752 0.4533774265221984 0.5257115913414097 0.6585680415583619 0.1811953819538616 0.7880495511723071 0.6028653375383973
0.9803328851373277 0.2223831935311757 0.4662664741665735 0.8956418025994466 0.6014334096987881 0.725958845848815 0.4136701642013603 0.6843096218313198 0.9460550298475632 0.2001860657393221 0.8073652638773204 0.9695380120998964 0.01456873176333173 0.2152095865944276 0.1173769203131297 0.7674235177414532 0.08121658594273329 0.9984135585909075 0.3896120158793052 0.9052027659330404
0.1885776034994678 0.4408721998222909 0.8448118190062035 0.5952697806732562 0.4621580966913571 0.5126497467571176 0.5738855268923474 0.4403192075855932 0.1935589577238105 0.1139657614591864 0.151227927370148 0.0524909638531339 0.5586764110636315 0.8477210140360106 0.3591193389241107 0.07531087263581782 0.4257244119851162 0.6020078384720013 0.4254034655756376 0.81072123360737
0.9418862461867052 0.8699107732683544 0.7039994982798885 0.4702989247821753 0.6826980429032513 0.01341831055652953 0.9824781185020439 0.172077331828896 0.9062603959616818 0.8071099016661061 0.8001396843869877 0.2689360577850649 0.2191538057572581 0.4288006929140887 0.8493711007306549 0.4503796424717202 0.9354201140070618 0.352679327251738 0.6193921656967597 0.9806990363557802
0.6434625222408049 0.04549821604060378 0.4635570909517118 0.3347513437136638 0.5321815485216747 0.2847462086131314 0.1222612302300028 0.6682889887508018 0.6813597548913063 0.8671392999990885 0.1323814935627374 0.798620308278031 0.826768738405129 0.6465499357511519 0.2049221457806338 0.2614207144058379 0.4184968175391757 0.5417990727827313 0.477437955592217 0.4674598920453694
0.8398407101976674 0.8701023653075677 0.8167539643767667 0.8778014186346996 0.5710087619370731 0.9640361333390818 0.6065443482504677 0.6039477410796814 0.3192977370746188 0.681204184117019 0.05196568850536099 0.1345464210119423 0.1302421675727651 0.6552012872247357 0.1753325917713383 0.3411468232515472 0.04431165583310459 0.2337343601165106 0.9642243248492941 0.5091394025163677
0.1510745184714319 0.5230085317344643 0.9435093839110807 0.865686014006334 0.3920658689303869 0.2838675159734027 0.7617298626927418 0.2404843248030878 0.2542323546573524 0.08408635417992949 0.8641440947640269 0.4478989156202798 0.5617862606099736 0.7367109576935199 0.7964888671311956 0.4475081389903138 0.1841275561757983 0.8287328515283018 0.03099795982825582 0.9467282696079524
0.5769778464775016 0.875388738450687 0.6085654369735587 0.2516595841523237 0.2961299234959044 0.5329225590316532 0.9620782128470935 0.1844956044901777 0.509898378143109 0.3437881034368444 0.7697253449571857 0.802866486432424 0.4245599103022166 0.2041224999943358 0.06708946032885532 0.1986482644205615 0.2724008501293822 0.5987889179092104 0.8730834972744356 0.1282309388454863
0.958188741714896 0.6831708438541465 0.7419642356783802 0.9828807859209906 0.416100772618142 0.5315834658959018 0.6792129501957186 0.5128751425899913 0.2991123446608356 0.1053846727300393 0.2849321457221448 0.7688528482877579 0.6407827044518462 0.8013307032031926 0.5171205319704266 0.232100021846335 0.6279619269819027 0.3040054900223031 0.02952874494202096 0.9033311768168756
0.4203695688027851 0.4261307804247122 0.7412517353318591 0.9484584043057936 0.07251552804546335 0.1727010881322749 0.3223574891327107 0.248424246330199 0.495494981361193 0.8244596107976835 0.8539724149421759 0.5958299420587015 0.2401737338310667 0.1864926882726853 0.743390512402039 0.2372140576435476 0.5394908909265497 0.7492807871271918 0.2282491046153859 0.174501187572744
0.03973568657585125 0.1475688376999476 0.8514389069469908 0.1046359117449586 0.2236450455273178 0.03275719974597713 0.6763566354512786 0.2317031414647196 0.4135917178017643 0.1393011713237268 0.3772172876115065 0.4244374662396153 0.4729649518600131 0.4228418130386131 0.1027565638741643 0.772580266631544 0.1372060034899114 0.424292374325812 0.2719561124527795 0.3010079430799063
0.6724207725864325 0.5177867238134145 0.1900870504799406 0.4691344398333771 0.3395408687963035 0.7044971982481261 0.226095202432549 0.8449881373583452 0.5262296648916304 0.5006195729230891 0.2536858068876802 0.186155669736664 0.4718190627375968 0.9818244178252573 0.1329062376618271 0.2834624324280571 0.800641174283456 0.6647768985107549 0.278758408693437 0.3146476067751118
0.4199482544019291 0.6027867622422961 0.7193387672210755 0.8573003334512307 0.6811114704584097 0.2369820644716983 0.92572053533626 0.7811954006757661 0.3073814804278443 0.3049656416420632 0.8811683184289046 0.1260784803971985 0.6334608342357256 0.2777127324734242 0.8272003251393062 0.3645234475558883 0.7333660944688341 0.1924178904137388 0.4814458975407394 0.8035946264310272
0.396988211672374 0.1615740398560899 0.6489822226486474 0.7533258058943924 0.2801926353730937 0.4513618612324016 0.9004489123860653 0.8719856311909184 0.7071876097841823 0.5909005994904067 0.8173822703971256 0.907644646099839 0.002507559667923154 0.3972277662337618 0.5614096837184815 0.7339231362848766 0.08747276218504352 0.3997549876808645 0.2796211794498489 0.423510053105183
0.4979786326732883 0.660015223526051 0.4962361389702792 0.6204682006051905 0.5824398618892226 0.4283323980388564 0.004976364711265391 0.1945164138596018 0.3202066542862888 0.1469781258549313 0.5986638816064357 0.6114994766596024 0.5000932595969295 0.3208489016008645 0.6532580520244544 0.1902834826790437 0.00588098144462823 0.7349420186839615 0.4435038419039351 0.6978416560498484
0.185043349636976 0.06261980198391548 0.3781085867830213 0.695996510445494 0.1028183674543158 0.1958342336749924 0.4539526504065199 0.6211491896936461 0.750124248068985 0.1097350212856566 0.6246236071556411 0.3873605221444808 0.670090368747807 0.2035603776619016 0.5279187975307311 0.1721625549559327 0.01868100599637534 0.4869502464239571 0.1841777765608931 0.6383433300033875
0.5365748193404329 0.7749453799977457 0.3929599026342032 0.9894521308362529 0.5152146961620737 0.4788234011854717 0.7494424707521696 0.5726882932924154 0.3624653173000254 0.4892447854601422 0.1891383749388498 0.3935834142968619 0.02996175252404853 0.4625290603422029 0.2744741128035708 0.5267158603586157 0.02927212140311253 0.5550867665221745 0.2929978836283572 0.5774906810135474
