0 0 0 0 0 0 0.6409302834513666 0 0 0
0.1909420272957207 0 0 0 0 0 0 0 0 0
0 0 0.6554143984472803 0 0 0 0 0 0 0
0 0 0 0 0 0 0 0.3259060140574312 0 0
0 0 0 0.5329898605584582 0 0 0 0 0 0
0 0 0 0 0.6379211993635832 0 0 0 0 0
0 0 0 0 0 0 0 0.281273888216339 0 0
0 0.6446446102810091 0 0 0 0 0 0 0 0
0 0.1338120291781482 0 0 0 0 0 0 0 0
0 0 0 0 0.2792216461329066 0 0 0 0 0
0 0.4816911195374511 0 0 0 0 0 0 0 0
0 0.4252718605537747 0 0 0 0 0 0 0 0
0 0 0 0 0 0 0 0.1239950570323531 0 0
0 0 0 0 0 0 0.6001812427421489 0 0 0
0 0 0 0 0 0 0.4785298816327361 0 0 0
0 0 0.5227165281493372 0 0 0 0 0 0 0
0 0 0 0 0 0 0 0 0 0.4369674045036459
0 0 0 0 0 0 0 0.03303341904828005 0 0
0 0 0 0 0 0 0 0 0.30134986072345 0
0 0 0 0.191578582241637 0 0 0 0 0 0
0.7454913906255551 0 0 0 0 0 0 0 0 0
0 0 0 0.3388093458185863 0 0 0 0 0 0
0 0 0 0 0.09129657995388128 0 0 0 0 0
0 0 0.05443520705007707 0 0 0 0 0 0 0
0 0 0 0 0 0.3125361476547833 0 0 0 0
0 0 0 0.06899136997290685 0 0 0 0 0 0
0 0 0 0 0 0 0 0.06271401254692403 0 0
0 0 0 0 0 0 0 0 0 0.1819094870329307
0 0 0 0 0 0.05358750575001256 0 0 0 0
0 0 0 0 0 0 0 0.1115642454440864 0 0
0 0 0 0 0 0.8843486164810959 0 0 0 0
0 0.3639749235209582 0 0 0 0 0 0 0 0
0 0 0.542428667163538 0 0 0 0 0 0 0
0 0 0 0 0 0 0 0.1038815502342814 0 0
0 0 0 0 0 0 0 0 0.03099725858830816 0
0 0 0 0 0 0 0 0 0.8760757914885711 0
0 0 0 0 0.5241404457805852 0 0 0 0 0
0 0 0 0 0 0 0 0.5809432719128499 0 0
0 0 0.002710494437511446 0 0 0 0 0 0 0
0 0 0 0 0 0 0 0 0 0.8808907003305025
0 0 0 0 0 0 0 0.3040199680408037 0 0
0 0 0 0 0 0 0 0.4592640265863959 0 0
0 0 0 0.4917914652570887 0 0 0 0 0 0
0 0 0 0 0 0 0 0.3608138188752945 0 0
0 0 0 0 0.4816986021559658 0 0 0 0 0
0.6385794615514785 0 0 0 0 0 0 0 0 0
0 0 0 0 0 0 0 0 0.3751248311824218 0
0 0.1454903168965989 0 0 0 0 0 0 0 0
0 0 0 0.5637455349035491 0 0 0 0 0 0
0 0 0 0 0 0.3426033569079141 0 0 0 0
