0.2038575715953397 0.3496058152639734 0.6904793775772908 0.9227065240960876 0.6879460130074898 0.3400935179887544 0.04004345990809655 0.3317507174847859 0.4761610597040945 0.7304001354118015 0.8936285933130457 0.006309041039328278 0.0767344622459043 0.2817905463438688 0.5356189297149452 0.5357855982615345 0.4252634793257445 0.8836374179203876 0.7273520450342843 0.1359613633298138
0.2351363452335682 0.5053058555146819 0.3625185543238116 0.8086200438431687 0.4193355363070452 0.9411625571261576 0.182456524343541 0.4827874781576865 0.8942473715874777 0.06573604136793065 0.2792316632894336 0.2027729254143843 0.9848127592862254 0.468453756468121 0.8881711480327409 0.8539254092751906 0.1039685832413332 0.3499435627110252 0.496695515942555 0.8788950441676689
0.9818540680087512 0.3369489293171689 0.7819485950343507 0.8587173362075939 0.2812492913825978 0.1989274353776971 0.6466136791600009 0.5641393330402388 0.1545755583498639 0.7421725312554781 0.3600926880302802 0.6046740203819879 0.006492972582530121 0.5905153664209507 0.7334260110546541 0.3456743376907632 0.7593298235379096 0.4269701211546654 0.4232000582420562 0.2993526375962332
0.7410589188281478 0.9170848638770785 0.4431012387881994 0.9869846488981605 0.7994877367102835 0.3112352492736875 0.2331052981841301 0.3589360040376469 0.4046692860273702 0.4958982904383696 0.7015337423351009 0.8409983347570872 0.05907402174593479 0.4530720120071641 0.4275558899293027 0.4240324145005606 0.5636770885928416 0.9398018101694869 0.3303214160955078 0.9489681421433714
0.2458842579096526 0.5484050277202206 0.713400836019665 0.8806216959925202 0.7816986897799817 0.9657612589875492 0.5511431027259658 0.9054263375404868 0.6546843569563314 0.1690100961978512 0.03066071514208635 0.7607805017586521 0.6776200720841414 0.2883134649731277 0.1060166129944062 0.6894602214202571 0.7494525153968865 0.5582820097955107 0.6652373633942178 0.4040609819585678
0.866087519586982 0.532401281751286 0.8948392016800111 0.7397095550632874 0.522901877997628 0.7196571309622739 0.8867460123730111 0.1945112851229119 0.4298050517698698 0.8593510087313693 0.03049636510686249 0.1330821821555361 0.4053468800031138 0.1123589980856868 0.7261520125492258 0.9748099995916681 0.4890665651791291 0.9602674925938464 0.1357691180578697 0.7004434248024517
0.5828583143224961 0.7917335624838278 0.5377006123447916 0.9798927970615768 0.4396527816134019 0.9502723535014963 0.9182785222225094 0.4238696728954923 0.4105219060232265 0.01994706530866552 0.4484941130033685 0.199410012046883 0.3359256340698007 0.2825157926023575 0.6701979675084021 0.4401735743398574 0.6002490211186909 0.843518432484373 0.8327720048654893 0.5855573426905576
0.4405364469063512 0.4004102571655167 0.07112713607759813 0.4673819807255151 0.4030428154695641 0.2015306927642802 0.8027249620079742 0.6981479779225153 0.9754081138097127 0.3855158212009935 0.4169275843723977 0.5197349195043111 0.3532884565943896 0.5452467443953123 0.8897525417359518 0.7305193866733154 0.2065119498005623 0.8001528795685877 0.7953080630390437 0.7990909604018334
0.3168026539627374 0.6129515207255519 0.6522909819467742 0.1202250039109185 0.9186752903843785 0.3681357735171472 0.6883767236348786 0.9283383793637647 0.6748721631716321 0.9384774127274217 0.6991076570229255 0.1708578946238436 0.7289055090750023 0.405720147290497 0.3185732933797989 0.7806462711010128 0.7904891353633537 0.9490117656563958 0.2031852952091615 0.5326643311279697
0.772122458631183 0.5163488687598282 0.2287864539478861 0.9952902913150423 0.8893198435637796 0.5771433371365626 0.538047806843471 0.8399761180782848 0.9146339813581575 0.8195853556817784 0.4328097755526352 0.8556231314791921 0.2256053317919582 0.5405160670188519 0.3151502886198437 0.1196344957255239 0.1455119527532067 0.9366048176878554 0.1949924278414866 0.6499101292412803
0.2391211579400825 0.5254695727323251 0.130634204114543 0.2895403460364386 0.4005245300481158 0.7066787742228039 0.9010699353512651 0.4285771319843574 0.713821968579719 0.1390864605494792 0.100575074472647 0.4481095903734141 0.7605062334799418 0.2316152840736775 0.8091328236943013 0.2524077355612057 0.08380122692037884 0.5130006140297886 0.0009778081589543186 0.7081130395586114
0.7390592486112548 0.9733195963038493 0.6631646068687582 0.4942167259302379 0.07362331711648329 0.5342950271226653 0.1418303940378226 0.8023887623876489 0.576148850536745 0.212914237650623 0.7070551786748137 0.3330084769159914 0.6690982123270099 0.7795510881468012 0.08657611869611215 0.5106564625707463 0.1036743620639057 0.6494615057501819 0.3154978825073803 0.643501190424533
0.04855378206841809 0.866996397020029 0.4781592550120661 0.7935531886275523 0.22663697816785 0.3349737422529327 0.7637749232114304 0.8534229165541922 0.4371238648457362 0.9303323300063634 0.5796142988403586 0.0490974814309052 0.4528613379550066 0.160400046327681 0.7328244469214485 0.3473526679306684 0.2011776397061527 0.842788034064323 0.8177963318022827 0.3436466908555792
0.4036227912413543 0.06059981017907001 0.1788847173767312 0.7359188438468761 0.566130348490864 0.8232369701013067 0.5011500981247835 0.7678624156754708 0.5099180004770675 0.5680690305779442 0.1846179642971857 0.5444010245167868 0.2010331487116715 0.5562191720969792 0.1414412376582579 0.1860099892913912 0.7647839601930789 0.07088626571143097 0.3693136455916091 0.8778780189185478
0.1043373998146707 0.3591532152607505 0.1139603675982034 0.8765407575704615 0.1262371128803381 0.2545555078427233 0.4219063525189753 0.6652560178001928 0.3447053095482027 0.2135016652967208 0.3733851057664603 0.5710246261646967 0.9907513493930348 0.3271651758113694 0.3622033363809831 0.7062352536720174 0.2989356914102731 0.3497007210488695 0.9947077354793283 0.6042673787827755
0.8288107950381358 0.03166569048661938 0.1454902197262089 0.727728294216953 0.5397439455910149 0.9952645064599802 0.4956296594508092 0.384103868507898 0.1943740012337618 0.5901664445660855 0.7666251865451571 0.9244391872210278 0.1376258262604034 0.008089923305083069 0.477960489221536 0.1829475862569223 0.6103386115064283 0.6202693045764363 0.4096301850713838 0.677205263887532
0.1996705691105815 0.8085819804847832 0.05033968420563784 0.1718618586534073 0.9806023190695672 0.9003771794068164 0.9397290211237066 0.908444293345448 0.4414171999533564 0.9388041036339804 0.2374134630686884 0.0495143119387923 0.5572640744729289 0.3133202351245092 0.5320773163972055 0.4716085694535741 0.4831324095157857 0.5700775293549659 0.9234422776550973 0.2361924935592524
0.8760801490992749 0.733835433258643 0.07921076300310081 0.8353874860030593 0.3976440185452329 0.3357381098211646 0.000393003192162511 0.2458051859861901 0.6879463498675434 0.8511726351136841 0.2410494693695195 0.3709397705100095 0.1504233377652363 0.8035001641072596 0.7170237234044958 0.7004781873795244 0.6788545241061085 0.892045004085718 0.8830309923985088 0.6253678484792837
0.2887783770398952 0.4031027853215536 0.0289572504552178 0.9164840140021397 0.6874477338720318 0.908170823529499 0.3020871371186011 0.9448264539608809 0.8640311717405328 0.8860127590881511 0.0001413302084268819 0.3772402189253093 0.1223252922827551 0.9328079064690463 0.5137072525150828 0.489336413426905 0.4869211668341662 0.570291901023215 0.5445075098554931 0.9171108608633298
0.8843845465271899 0.7837192592950845 0.3227273357745709 0.7844374215713414 0.1451854751117918 0.8602262001703626 0.7729997416212465 0.7759671355687482 0.5286986943613842 0.4501853666907679 0.2266314926925042 0.8086781770695518 0.9659290965618759 0.5435319722003557 0.9022074570473902 0.2823504419746198 0.517755251349526 0.3281625894251633 0.9918011592067861 0.2503166518227775
0.678755487511491 0.7642020789997055 0.03222663872243181 0.9822712283503278 0.09132273980371786 0.6140748319390118 0.1493508108256505 0.5207964967050822 0.09334509360030752 0.7812004399897563 0.7729310172845505 0.598148764929093 0.01454331957556299 0.04202422054464117 0.1809706574109177 0.9720306709820733 0.2546001889305973 0.7510088258632285 0.2812352095658633 0.2555186175363635
0.2578637359786262 0.2970529955101251 0.008944604937137224 0.9871761820679249 0.5664606358223131 0.6018424112867922 0.5382600708594458 0.04383754803860984 0.4715204888987573 0.5396765012085889 0.6729557907518587 0.5341680027167658 0.05507230898662863 0.6200989899363766 0.5811752027766969 0.545596325824134 0.8432812802132525 0.4473867597038816 0.6035654463082336 0.1236128863988412
0.2523792529929978 0.8503543257543007 0.01622436248646686 0.1562509781029018 0.8233849747596624 0.2293376814793499 0.2591949553381178 0.7007906066726736 0.9665252791289367 0.1982798199644802 0.7474972878938463 0.1405062449817521 0.3824975712793079 0.3232892514033832 0.8837855189840369 0.6553813962406582 0.3335753600012303 0.02160795914792346 0.3690086591281789 0.9721806718439246
0.5290990867820917 0.7421448232056075 0.345388836894019 0.4605898653252292 0.2116356982179798 0.8369597301372854 0.3598088594001205 0.03708813295068469 0.6889891899907271 0.1557888841089706 0.798751169310482 0.01526245262533199 0.585623147313232 0.4955162770256144 0.9974617337584916 0.1343707364262665 0.6725536822244123 0.09494547529971986 0.1617684143190222 0.9883312916279946
0.8066650674613896 0.2446402886671024 0.846300445700792 0.03560025903492647 0.5356070511818318 0.09147475560820062 0.9709056666420878 0.5831009367246858 0.5557412746375598 0.3179730730240664 0.8499045421492847 0.530154513465718 0.01709822415172679 0.1848948905473273 0.4334683098322705 0.07997641110511489 0.2806575533854596 0.2503952863580918 0.0006086423091991033 0.6928853192293604
0.7738896364811566 0.8203492980213409 0.8516296143866011 0.1515248809808434 0.8900366384529912 0.6582128898145322 0.6961336628141894 0.5640716642088865 0.9396819983471073 0.2518470435011207 0.7868842837227377 0.4952584663688091 0.8909002067462011 0.2761986897941914 0.0152469091908527 0.06489100463442987 0.8996350862213649 0.6411502232454998 0.7302687217068667 0.5043617045380032
0.5575746004125175 0.3638944826554436 0.7826356482727505 0.7568652512075241 0.7000061369477979 0.9618924149418538 0.7688383710827266 0.977922591143854 0.5902764496936616 0.6192590906865287 0.6390532170869906 0.3263713869512017 0.0330290180615378 0.7881763786137156 0.7101878505852305 0.0790316916668774 0.1485818364369702 0.6863402441962448 0.5350373773137375 0.1912144427589973
0.05595335088496012 0.6114123003073613 0.05361162687879506 0.2135753119522728 0.5026626703120288 0.09403110962040273 0.4089061107150217 0.02011579808306752 0.1194637458058411 0.9400625138171678 0.558861088998048 0.6864613759880351 0.3777702031407377 0.7631214106853785 0.8963890348402849 0.9101921629339087 0.496486148131659 0.7626102319611849 0.7089620332115116 0.9512968538192491
0.2415544901471862 0.5613397077830184 0.04377326756780975 0.9231779590175359 0.9452565787586052 0.5009063448895332 0.5861174481858638 0.7719418450568793 0.2493311842774562 0.3789904760461922 0.2886055961989953 0.5388039652149142 0.9489568238140139 0.3854006995498551 0.04500976581373906 0.6825186327094862 0.4950306601798781 0.2965120008987219 0.4158886067092111 0.8625102968817711
0.8210177135498551 0.1708463401004969 0.6851332782460625 0.9976633612725854 0.7843592980408396 0.7250463554353692 0.310019979210334 0.1594707905844115 0.8643221540234217 0.6103462184166267 0.3900903985337764 0.7555907348208796 0.718627885721305 0.6473331254774046 0.2072633615633397 0.8855278177946995 0.7190059624284972 0.3026305634146216 0.06359849887670277 0.9127964154958703
0.7938500584516285 0.4985836429715954 0.4139251942081669 0.6155624739890907 0.3985151761030816 0.03891804002549182 0.3019683321053582 0.2462785581235365 0.9723025876721264 0.7674980490993547 0.4036966138355975 0.7366272087072516 0.3026550151405917 0.5272958274321721 0.207143239828657 0.2542602835857236 0.4340230688193736 0.08242585896444932 0.8532879567289522 0.9163292162919756
0.2131078625515476 0.4737220117607128 0.841459701675827 0.2882789734588559 0.6107088220506567 0.4420480119556424 0.3974914783719659 0.7893742213089067 0.4645126140061657 0.4648025184152748 0.9920285043254465 0.9622297954466864 0.2350808879822273 0.2269537671213898 0.6627380175437828 0.4119464352032193 0.7187540405514171 0.7334533565591088 0.7832948611987212 0.2633144877988361
0.998358215305066 0.4937004367704417 0.08392651435770837 0.1120156832445609 0.5614997241464469 0.5101089424261638 0.9348355065512138 0.9008260608353997 0.4654036478537409 0.2064771332281155 0.5644176059163296 0.3087333817774225 0.6505856339559448 0.5151040068807616 0.8431800914407652 0.1317404149332022 0.251006777252771 0.5975314342455021 0.6252147812669753 0.4125940853790218
0.9005921743687358 0.8102750250424482 0.5408498828153867 0.4050293603878681 0.3971781442327371 0.1139888473931161 0.9372449468869547 0.2345355136768663 0.1528168276661543 0.5100158064555218 0.4550445354605238 0.07402697049277207 0.5755728724790967 0.6985352813761585 0.4905487346816844 0.07289365228724298 0.1796639885388505 0.1159354593520853 0.5834625741376914 0.08508780297389018
0.3840548740663904 0.1471563954411074 0.4114862358555937 0.6252749588601846 0.3595396617024561 0.8959843477482992 0.4174803476249062 0.933655236309334 0.8204568328933642 0.1166424875580141 0.1039656215977748 0.1328101383845905 0.6384683675245519 0.6845921351882761 0.790010083814763 0.5423258639370772 0.6753578692002615 0.6867516712595328 0.3382298681394844 0.6505163127267886
0.4040960185300494 0.6401644971550445 0.9346202183348619 0.4299706922714241 0.5061675452156382 0.3320648020129806 0.5787205369807141 0.8634203032304242 0.2836493560105574 0.83439032219953 0.5194772047229053 0.2260762600567963 0.4194472284690277 0.1669946738486131 0.9123945247299408 0.0579471474662161 0.6040034328780133 0.1039516679424443 0.3134780709344828 0.1429416599114329
0.4995104875439256 0.6360977745823923 0.8292554710198417 0.4500129348811263 0.7694491171666842 0.5953378136788511 0.9722643330460055 0.1197157953174368 0.8163176825978249 0.8351562049127252 0.7915717827274511 0.4548248726627996 0.5272094061190504 0.98538461742128 0.944635813433744 0.7630017536657997 0.4602613340588871 0.5402355602833143 0.8045603312460032 0.2768695895548876
0.2565331178037924 0.213861345395875 0.5512061607760821 0.951395602838791 0.2377366944896655 0.8015993547597385 0.03041001828202705 0.5062200113876759 0.2840253587052725 0.2827217298726605 0.3919738907254965 0.5354573610136704 0.7728853634255273 0.9616582544972533 0.1503856378108287 0.3947901414439905 0.162740260175215 0.8366421548115258 0.08480241664150034 0.8562857216543666
0.7408451571254663 0.8583365084057961 0.8899202098221197 0.1507766460348161 0.556686044291935 0.3025176099964864 0.2712231961231227 0.01643437559277483 0.515180771178199 0.01904939961756835 0.8982285778096194 0.2669816914342679 0.4933734055496374 0.6364175239710728 0.001499756841966238 0.1132389460482083 0.4665414298958832 0.6232778015416 0.819671062347814 0.4148056144153559
0.9268541348147243 0.5973832457074379 0.001830797119396821 0.6800379256025162 0.2127736450379927 0.01525583223166094 0.7357482316354939 0.5519103823134891 0.7836210892704623 0.0881690729527439 0.3556996834024179 0.2997016387616143 0.5690029977179771 0.5101532052376175 0.7821262500216196 0.1870579083080708 0.5764955065612383 0.6443774083467568 0.4598679872862814 0.5579772299699466
0.9743260633386297 0.7516724175522118 0.3809863610008279 0.4340162854684582 0.7128314840965011 0.09371209374096712 0.6378082226396038 0.114358495877141 0.1018479878990138 0.6666687791670224 0.1670998775369686 0.764718468999262 0.7505904110774281 0.312020271678708 0.5708645996220422 0.6451406450065615 0.8114646093675147 0.2014663196803215 0.6762427163892354 0.8228905834822886
0.4143856788852301 0.4936968050183258 0.5142493960889272 0.9393286277176713 0.05165076136192959 0.571552824094102 0.4897600923469176 0.343828100189723 0.669916719851435 0.7694400106617776 0.5400595769588181 0.0416380471168103 0.2350808651400905 0.02043975133049991 0.3277782923589608 0.4680560778756401 0.7845691130895557 0.5322729558284961 0.4774265006789925 0.6979497206785618
0.01741718530221414 0.6949907649340304 0.3119595867952945 0.5597909594664436 0.6068066454095338 0.1821426571500366 0.2502725902591647 0.5788180585538116 0.2626226717460972 0.2394170493667156 0.3590313502569825 0.9044109982517952 0.8692103055155421 0.5140357785375853 0.05174768110702721 0.8003379069103024 0.1811891879194154 0.6687412544085102 0.8353717147661669 0.9647965567706357
0.1268459086882018 0.523311321703079 0.850611044662294 0.537609254036449 0.7300464760863334 0.785459646223292 0.8365955447696011 0.6665324271498678 0.8977391897292477 0.6477912340100236 0.9446373903547087 0.6292983819035761 0.8724286238902514 0.5956553604281646 0.3443489842906311 0.8134574863103849 0.4323810279877621 0.1265456604379588 0.9685687326655372 0.8525635238982158
0.5612594235880608 0.6706122975626793 0.9977242219091645 0.1613087202858273 0.5345399601043379 0.3909787078216136 0.5411475699980743 0.1033778532751273 0.440742258109414 0.4614641374475624 0.5958916441909958 0.6623751810848598 0.5901493735310075 0.7293827600961478 0.5809026238628769 0.443103108613214 0.4967884445398908 0.4300888170299059 0.2100738531048549 0.2268011161554399
0.4573886760903693 0.4335527126328119 0.7792837590685543 0.4208583762875786 0.6733683325343512 0.1660386839279013 0.8240589843929864 0.6854067761401983 0.7890523985934054 0.3594844876243651 0.6625490004394449 0.2170904638719006 0.221005787567951 0.2424567724176688 0.2645883170240357 0.4084119555984481 0.8286954482179013 0.9474195541927019 0.6324579967325411 0.1347391364802225
0.4199934526833755 0.9361853889098445 0.3205442753283897 0.6192809860477866 0.935133647276181 0.4606823360458484 0.5003990541168443 0.9186937097536678 0.9298235710096753 0.9044868733895719 0.513634530677844 0.6398112505952036 0.5890061758781516 0.1584948199278213 0.6234490043814691 0.3191443228782305 0.1307355006001497 0.2150030045690442 0.3136602971825204 0.9514518007767209
0.9907671616984056 0.8668863637915473 0.4618609790074506 0.465617252578218 0.7647285069816646 0.09840807711625799 0.9940373696538016 0.6922148832180902 0.2992856910387669 0.9088481925305185 0.5525788467617463 0.08518997745971579 0.1082457432088542 0.03166485526440965 0.2161947362230433 0.05141394497181617 0.5102724652617997 0.08294038882183197 0.4431222830216547 0.2362007407421538
0.5597206976291003 0.438967791441904 0.8375404627600262 0.336544754529903 0.2302316469211757 0.9401158333455935 0.4663636964010778 0.02815775923245789 0.07943638382464979 0.5555717675653012 0.2107714023767842 0.1482356152536637 0.1955323751366445 0.7447489495590164 0.94901396087113 0.1293779679526937 0.8797802474098482 0.7119198228127357 0.5568433174860075 0.06701863851775203
0.7877411169496611 0.8122801542934124 0.7545818666792485 0.5504895616174639 0.6316047932368029 0.436662894082981 0.3078470089093652 0.2077112692620264 0.7707608894156975 0.9347758176814333 0.6215157139377017 0.534247428646956 0.8832704670053452 0.04480297296181657 0.3026755409366108 0.3824711110627528 0.03109949068634166 0.5199329546185186 0.9405764149357706 0.797245019387289
0.5350943616885587 0.6765410399118151 0.7852348191791286 0.261093302026839 0.2756636014110555 0.6052237867144624 0.6741811157852274 0.003613473467713457 0.8557009789832759 0.1449120464738484 0.5123521734078346 0.5621803887080782 0.007191149392087981 0.4288505379237205 0.5337427664694584 0.6907067003771811 0.9031738844669089 0.06856112649931412 0.2830987146005076 0.527932312951505
0.2902349646868813 0.4201312865569291 0.982052953257923 0.05693336079497602 0.9289132122047991 0.667978213958503 0.4985805462667326 0.4646970867681994 0.5589344708399187 0.2915871572343127 0.1718004807239468 0.6197406557487335 0.988477295805034 0.5162206645247791 0.6710083500244129 0.5195325796765725 0.2000308608912083 0.5786958675286965 0.9578795599756601 0.6924241539152177
0.0273369390689997 0.3631188073271675 0.6338853526150154 0.5670731079284508 0.1213337110116429 0.9364732832196151 0.3938391332426731 0.7292627220134197 0.7856872553743665 0.2129927218610888 0.6626243426225693 0.5233670996589541 0.1782972301922091 0.7184408581641232 0.5405765104673484 0.2140937898944304 0.4180618114972299 0.6807615186891385 0.993761523701813 0.5484378308305802
0.7939200369776612 0.330578172353899 0.5115610387290143 0.835025000366442 0.9704579902597702 0.1784720060553944 0.8513075884032492 0.9883969710026502 0.4504620159214028 0.307960143940304 0.9124596045982729 0.2198572301990045 0.9882637076580929 0.4015416103070082 0.09223362770207177 0.1367748768442659 0.4770723279484665 0.06094777385889549 0.251885434908355 0.7950022597540991
0.7853319258563585 0.8108198336998863 0.04626281155818679 0.7664489999746931 0.8068465468383037 0.01604967730406393 0.3913279343577331 0.8655770717294297 0.9584746349497779 0.9195919413171776 0.5469879342928875 0.3099212728830081 0.5892649961079146 0.595990487876512 0.664551851390028 0.590815024658507 0.8680554487074396 0.3739778324297737 0.2440165353254939 0.02048657243933949
0.2326886091818429 0.1616016491447276 0.2381603960616206 0.8809631663852348 0.7315994323831607 0.2433890815231226 0.7930542720070146 0.5441208531845826 0.4064862444749718 0.2058022629341268 0.310731880275837 0.07924651802966831 0.2336235092859686 0.6657513962917473 0.3510201540057712 0.8197201954510278 0.6611549008077319 0.6243511027441567 0.420277839786501 0.6450022828645198
0.8748306547397094 0.3112726535383379 0.3427520272310403 0.848679156518333 0.5298941128454961 0.9236880872072707 0.1875529477343901 0.2148732613237957 0.8624587457320549 0.09949038095416929 0.4716623752905192 0.8394035592751208 0.6937366035772592 0.462241484501935 0.165198494150311 0.5508158918373094 0.9879786688777412 0.8051575446656331 0.05492883405725846 0.7109283761946852
0.9766162745680134 0.1933739235540897 0.9564077063215296 0.2333455472731552 0.8193978224592456 0.1494186841913296 0.5141047381371626 0.3640146831342694 0.6706875269496453 0.1791170903017083 0.5797483408523066 0.002423687653833717 0.4256542352323046 0.51579320900155 0.8377965998172092 0.7576376637788953 0.09189163910542086 0.6250336673744067 0.6600028862021396 0.7340287360330257
0.5548600346953475 0.1073555099006249 0.6403477806472073 0.6705308529900654 0.250106991551986 0.9482752601153205 0.4526491150709225 0.8667156388829108 0.6530810926207812 0.616535109329149 0.5494008797971354 0.6475674602171423 0.8443352500831156 0.7768788234369576 0.6726274664443596 0.03184533367198139 0.00869477233051752 0.3585376449938042 0.03063382119780644 0.5178474532388242
0.003553900803520471 0.4807303994425632 0.3776086124426631 0.9574640379521862 0.0558535499925743 0.06519097325360512 0.8492665472444203 0.7952578782339053 0.9358461521716702 0.07823664859620538 0.6200997744812532 0.5144048737784671 0.3215740448649291 0.6108114505932886 0.9180777884851582 0.0625655064824111 0.6597261401838326 0.2851715064286259 0.4054476914775906 0.8496945344599989
0.1217295053779733 0.8429710736013803 0.4042427443633172 0.9838874787321004 0.9180156615052889 0.4076743827384076 0.2979203080915669 0.2209463831643323 0.2177359396194973 0.7687380642466022 0.7554424818629714 0.9782532313711055 0.08330977188722744 0.2201833803550045 0.9837109359322731 0.5463743788511821 0.5536704155665585 0.3487709952977793 0.7037864359453778 0.4997637813382626
0.4694932611295656 0.5497728445803042 0.02518020147259525 0.5312606393717546 0.1329645608337353 0.4589290942217623 0.08227120239869401 0.888961649120884 0.3784256047522496 0.4303547104217613 0.7420611816254444 0.1557745193834075 0.5750236919214267 0.5110477507325528 0.3683035776747728 0.6833355164060049 0.7944862027912328 0.4676844931938957 0.6273511057972959 0.9125391168190023
0.4569718623393947 0.1350199471544786 0.5432330943695144 0.4300280555930357 0.7683130799940705 0.7976746108343042 0.1718459718715289 0.4379389363206019 0.2668209948339539 0.9546892246039254 0.936872133873722 0.4343487519814965 0.4310106878162174 0.7464771504966384 0.5959759495755602 0.2590709865943224 0.4831700652315026 0.8901083766800943 0.6815540918195304 0.5631265282888835
0.8767539244259733 0.2762763826645223 0.9968474753997546 0.1998398333230859 0.8397935279170212 0.7423419607916683 0.8640539174051521 0.5849175744816693 0.2323812638769415 0.4835199313147117 0.8623752135825575 0.7978045046781688 0.1735105368522732 0.992209928883655 0.03041224118736663 0.3926484632796582 0.7544013153277939 0.9737396828979249 0.1421266421340395 0.9240405486532299
0.2190239545531008 0.5526385468142296 0.4328074697543632 0.8080551045114243 0.1385695809120613 0.1908699211658358 0.5675125045623979 0.2099516833821469 0.8799926485544707 0.5783530045146132 0.9117551049748555 0.7643415823606483 0.4749431391135894 0.6924082984349915 0.05980220125798363 0.6312585312563551 0.9840472643835402 0.1193844802298641 0.4515666739520751 0.01853394470037883
0.6881278584235981 0.01942263144467959 0.4552722202285313 0.2191504101656825 0.8072154960969384 0.6456374067585068 0.666268828894062 0.5498911062580487 0.2504464030747056 0.8156910242501731 0.8801199554491272 0.4383170989964358 0.5863298150556587 0.6243004243053664 0.7276055597377094 0.5909037491885929 0.8065975765748519 0.8240880789627544 0.5565503654521331 0.8829538041900344
0.2029386420474661 0.413615433707173 0.6301098493481434 0.1025726971721197 0.7186436207851746 0.4796833377740578 0.3789938371078758 0.4518467073339311 0.3675861553095398 0.239538043891119 0.9158724257387112 0.7993622949107074 0.3339400213874605 0.1690516715894262 0.1166262261402135 0.795332848076821 0.7020282284835249 0.07523265514118871 0.1165939896662541 0.9138040336972366
0.8697713939138086 0.2919524444375033 0.1019999694585444 0.8088913815385153 0.02617366420022915 0.6363476959221258 0.1600870147913598 0.6916244287005272 0.1680196961559125 0.3490487272973934 0.1220869163186149 0.287087031015409 0.1290973626475835 0.4633861711911664 0.6494077303326019 0.3945105686623814 0.9529585014592254 0.7548653907417532 0.5443753307388431 0.5635228919386142
0.3206039533081433 0.512519766949796 0.7578116971914729 0.001809625475787002 0.4805918973756174 0.9041565410343608 0.8495002140074858 0.2209954345516413 0.7362364420776445 0.584873636653729 0.5255361143234935 0.661444512850285 0.6320676125180189 0.07141739781238354 0.4168422356997632 0.1992972208148333 0.7005834407967317 0.2733103321694758 0.4364194344075276 0.8216256472112755
0.7830629874015154 0.8541601498282541 0.4790538451781585 0.9264947399997299 0.03155468805746553 0.9382832463440546 0.3486287925818631 0.8128230766925369 0.9483210969217813 0.8918140716820837 0.6980191173734704 0.6701831394602892 0.9735779727730127 0.4651087350486763 0.1040170616876152 0.02414741697437306 0.8813002042746541 0.02619101957629322 0.9508279892979901 0.5699176423931861
0.6575679317062869 0.9091704210434223 0.9019522825060607 0.3908550313778476 0.6125394717413318 0.5218353517364804 0.81704122134026 0.05618281291851934 0.6269754476310478 0.429738375018603 0.860930796881652 0.6878665280273724 0.2610246054831911 0.134238750930384 0.541341679477201 0.9818994020158649 0.3499072553652821 0.9954117488991338 0.5180752239450738 0.1903372888099707
0.03061565225198681 0.3030230674708406 0.03507816464975655 0.5900511249845765 0.70162053599018 0.6699878619430502 0.3562098421776518 0.1116447284907783 0.6413201908616455 0.06319731628406633 0.644363201139949 0.8352888821218574 0.05715904138137418 0.3558696938580604 0.6187194242935997 0.638600787950913 0.1979387428116397 0.6233628520982011 0.5575406376547483 0.8857177637341683
0.6970254470180037 0.3642631004363207 0.2253475630639756 0.6109091367243324 0.2555653737063374 0.07581330626384686 0.8227021042786465 0.2279522987325014 0.3795528208465642 0.8464873809428486 0.1031506508734766 0.9693897831387973 0.522823738989747 0.673336502314276 0.7315304306693198 0.9809788050098012 0.5527569774050577 0.6997243444153014 0.6826863213026338 0.6302331411833633
0.7993449617230864 0.3456544994975845 0.4818918322431548 0.07812253909103151 0.9101058383294635 0.5592257408097784 0.5249861670705551 0.2669518898253131 0.8999928855786703 0.01391356817782807 0.09700113610033589 0.06007492497371159 0.2409223425639929 0.4968492094618961 0.4635240474112381 0.2705462091027109 0.5551091868334684 0.2273351465513268 0.3656962967818663 0.1699631176569165
0.6642725791702929 0.08166718150004504 0.3432886894878433 0.5310253177436273 0.5495300822173746 0.367654358738842 0.6437520397113392 0.1644480799726533 0.7242971650234492 0.9252496558973464 0.9898259376048114 0.8784825575892745 0.2609188616490782 0.03809333265392023 0.974025765044137 0.5571198921236816 0.5397099791937598 0.1464611330311508 0.9124921775393321 0.9576095883373343
0.859629895072581 0.6927604650610965 0.3859013486436761 0.926727881991679 0.8544663982403107 0.8378862403057681 0.584056893061529 0.06997746764914725 0.02565477571423214 0.2256021196989809 0.09230232781551495 0.7451053927776636 0.8510554453727723 0.540469999664386 0.6112711637131678 0.4731375845323853 0.9351886775377882 0.612812702378953 0.6203611222951351 0.8580066033345092
0.3837375530624363 0.0641095130546635 0.7401471971998388 0.8441892804830194 0.5202334774668042 0.4676445332287774 0.09862411611915201 0.3132581451731512 0.1873861717891192 0.747424940356067 0.1603664182347979 0.6846308202408904 0.4406710248345073 0.004251298385437807 0.7023379225787175 0.792892482436361 0.3384893490378096 0.4773360161128124 0.04871675070882919 0.2265706790182127
0.6962569275688464 0.1411373254829754 0.2305909756223998 0.6947876567526882 0.06836549912688317 0.7293324628217346 0.6274579358763386 0.652066072785955 0.3214668960695832 0.5384429930920315 0.07878261316952451 0.2845162056894225 0.202866019436683 0.5113480699261359 0.652209250046824 0.6150867700409683 0.1336370625985758 0.1801553460178945 0.4972567146192963 0.02004896620912067
0.7361379670402067 0.5924243918867071 0.1588332770473385 0.9173117720217062 0.5437259611308904 0.9977626724769947 0.04232433866563134 0.8129464775291613 0.0773806866977319 0.9402469590356723 0.3614360122273931 0.6666122685250695 0.7146068241303697 0.7130988373497396 0.6939515279720185 0.011649682113684 0.2204756242966563 0.7972718722454357 0.7869702718927071 0.8016620581186015
0.007828594123784449 0.04134612651688208 0.07382610621756747 0.8737476483459298 0.477439029937707 0.7317232080176701 0.2183167529835008 0.6698300014255412 0.4440271635401083 0.9886401938971813 0.2862482592076524 0.1084934204252966 0.5469011135814948 0.6811714997981392 0.1347202674832327 0.5392440436430704 0.7443910733655555 0.1118434347286437 0.7856712631309465 0.5441586104208547
0.0105245355922341 0.5890978945377798 0.80467022934278 0.9909430662723419 0.9913096190454692 0.4139504016148311 0.03733500479225926 0.9704121316763321 0.2205396837183033 0.9550115730926192 0.9653728042585705 0.3283366990203781 0.7627569721834443 0.6319218089916416 0.8464307517046127 0.9543989534039193 0.2058041424630302 0.4093444743696431 0.728557056721844 0.5899189912412111
0.9411959683343067 0.4468873835700453 0.6175837821169542 0.08248823390805216 0.2304129991652117 0.1219866915910687 0.7666893734121517 0.01926845600995608 0.9409982541036847 0.8358895422294965 0.6790094248468797 0.028650140716036 0.2578977482321844 0.1362819343677966 0.7106987396608322 0.06946591418465631 0.8898881189992887 0.5543699850324568 0.103389072112256 0.460525547942892
0.1419850855159569 0.4231437418338397 0.7138731588543651 0.6962936074568703 0.3481492258992462 0.3487592853487383 0.07612456975028614 0.08751267646507155 0.04988106726831343 0.07447615796739016 0.3850894153930947 0.8163713822345596 0.3411770998621311 0.506118205056948 0.6234871736928094 0.5852884164453064 0.1338751283066713 0.6194141656214694 0.5223563985605799 0.7514781313637631
0.6756780853221722 0.4789578627008109 0.9561340627496338 0.2609165086270981 0.710647265532105 0.2016419179782444 0.66361805301098 0.2495157256870155 0.2062474293178884 0.3701715434242216 0.5088566827453554 0.6809256525625847 0.3095952620344884 0.3823367038794032 0.7609284349805077 0.3300307564235713 0.0637994047144127 0.04610445746448422 0.1349253666678564 0.4695157497312593
0.3841041008667575 0.6751984472643119 0.09539458890796282 0.1618048750482837 0.9691439205911079 0.4244850325208711 0.9160530450268672 0.2343457171384546 0.9825474442517093 0.126488257949488 0.7799228786154758 0.9806316720286541 0.4870262674767147 0.4898856079265431 0.1751459503326042 0.6089411381905278 0.2428820406598121 0.7167971580913962 0.4740663572380623 0.2323881569783954
0.460679902359316 0.02460732053382209 0.09713128634022161 0.101454845358938 0.3892212287643657 0.7159658738810409 0.05288207279200652 0.01248794637589945 0.147469963279117 0.9366752836417755 0.8657350472080249 0.4025197248486858 0.161294029878869 0.3548242954834414 0.9348325927594068 0.6435484366693806 0.4710684144781159 0.4023677648340115 0.8965539369262759 0.9734727729483547
0.7786754026144235 0.8333433192606572 0.3070893413654556 0.9395175787171641 0.4526986967074954 0.179305693073093 0.5963022595959289 0.6841033862184466 0.4373435754673433 0.3733447613702735 0.7043148228719102 0.259741092802106 0.6863474331009211 0.5749206674243172 0.3350071019488179 0.6766903874949955 0.04289580977601049 0.5488253096232636 0.5955994245054923 0.287219675853879
0.3562816970466401 0.8630184990576621 0.6193709101043715 0.6399418677732041 0.1046109960016828 0.2379177598505045 0.7192806119747454 0.6994697927526515 0.446621874136457 0.03925227709235568 0.05039634002116422 0.08850355949087774 0.8643264667477646 0.1360949670607624 0.6582617347495177 0.5769661528776571 0.7265955449517022 0.5825688573622932 0.1794178962119479 0.7340835951719715
0.5954440134301016 0.5461849318795767 0.7271232606822634 0.3139469259111524 0.07060750139538929 0.08821398358808574 0.3277273672779187 0.2316824217377234 0.7482171739884509 0.6076388685630708 0.09543133749356103 0.7198533417555577 0.9160978147033636 0.8243801957689545 0.6733090542921819 0.7766406579132118 0.1501241198694738 0.06551257744072581 0.7479799802018421 0.9847820247554123
0.2402431001046735 0.5619359552062745 0.08082577630264576 0.561186644825019 0.4504363851736718 0.2405522605698046 0.5653790514321393 0.6539934828811698 0.9116711893322315 0.7826438676318219 0.9768283308643181 0.4427183021525195 0.1410214376289998 0.40996822363819 0.7922972557140712 0.2110365261641457 0.1773813134597184 0.6451021613642897 0.9470368130329879 0.4092633156215153
0.6968718792714689 0.4039730452366974 0.3498162157028164 0.1329689017254501 0.0199125929718269 0.1196706290304463 0.4442405943678933 0.7297847499010849 0.05369025719325249 0.2216677870809467 0.03106449974057857 0.8333244024612799 0.381875717904575 0.2845792169283408 0.7836716051674921 0.278903576265385 0.2808174501871805 0.9350013512734265 0.1642148959791723 0.03791006576067213
0.9560425517714191 0.3061348449328148 0.4140759164494987 0.7967922364005232 0.3561845244010869 0.1048579124756016 0.7889007685284247 0.1296156025968241 0.1980399314147868 0.1397072537443711 0.2216597197007567 0.2353469395157457 0.72640396397953 0.09524400955459611 0.6682438116944487 0.9109321907310892 0.629997950828498 0.3368844831404286 0.8394502548814503 0.8985636295911416
0.4934584864630279 0.5634825052060984 0.580663219579194 0.1327572441426779 0.3730606748042563 0.8116141648408736 0.519604609978901 0.9395846864732936 0.6158186412937624 0.7794547743824966 0.2480288696515461 0.5593076413727026 0.8106393802414588 0.1527110100107996 0.5401590445717128 0.6103012929081465 0.1870568101892511 0.6368905608918393 0.06757480290448681 0.7795396433636577
0.3259736967224712 0.4827842378284704 0.3823106533033261 0.3269776609737236 0.9876796830140505 0.8789978774384485 0.3022936583741868 0.1606470545109971 0.5293139990010789 0.1380595046437149 0.6497904760756085 0.2329538502249826 0.09655660210156702 0.02199255006820866 0.8590631623683239 0.1427099364011284 0.4029289919456651 0.09356443645283685 0.1178936508053683 0.3748168696300402
0.165386216534143 0.7189522593050742 0.1258513622955493 0.7388336931969588 0.8413842839456422 0.08268066826828191 0.04007809298622678 0.4935328755428749 0.6007584500142 0.6839993611127025 0.4782747396464658 0.5431589664076517 0.5496102012446531 0.7137820419519219 0.1561608624474431 0.02174242152623207 0.5080527881327768 0.9536878434570218 0.02515341626862244 0.6128016376645978
0.4938814564466879 0.900196040343476 0.02360713700145323 0.6595058560338867 0.6562208231293264 0.8837527851518415 0.5364219148615179 0.6906471955594633 0.4126666513589499 0.826590835503785 0.6850120233713873 0.1080130254250751 0.1398948644393284 0.1580719374952485 0.1205393216973902 0.2302775811502206 0.4233623849528649 0.6707615072940807 0.3366213132855601 0.5197543991279365
0.8211203414982776 0.8845919403299062 0.7044937263053629 0.834490519597363 0.309075128010103 0.7906170879005867 0.9166627079020627 0.03840550855532288 0.4456287277645875 0.2399291687826988 0.494015440173347 0.6174758078601426 0.2090481874381742 0.8744273357688803 0.2558916410712677 0.7136091407943622 0.8522299983286491 0.9324114623567382 0.9557292675096427 0.6802008069917949
0.6285196915101531 0.595965643122396 0.4851211567892151 0.3604319892837857 0.02076531811716642 0.7486724557904725 0.3936752463668433 0.2793384495809391 0.7775310617128283 0.6602659093784123 0.9097966440293617 0.1276146344975101 0.3823585486099014 0.5773849306934928 0.3544976255952339 0.3480483071420533 0.4840886946310745 0.07143843875251465 0.03868569105878628 0.8406096444662683
0.007368889641819032 0.7037578038522245 0.4455631029788747 0.9695095709343492 0.8099218931918798 0.3996118046535396 0.3938296789475679 0.1285941606772126 0.3645914673898732 0.2041811572120373 0.3160716078460857 0.5623157261270272 0.8619117905528751 0.09820171326161009 0.8300568207173695 0.9206667337616684 0.2236280123511818 0.2008475846458122 0.7684351810912601 0.02052819987946997
0.4899435443776311 0.02237545602442848 0.807297937164412 0.02436128675662652 0.1605539103309216 0.2461314232352623 0.9971177980982139 0.4207492471254179 0.07226278343939563 0.2502713574756721 0.4115690367293054 0.4202599137001294 0.1221718443108115 0.009503786013218551 0.8154554134577853 0.2419551377894605 0.08342444564752116 0.3902233159137365 0.4325392717168515 0.524095810986686
