0.9257041086902309 0.4055573841390242 0.07503263933654081 0.8613524744830288 0.5192975854704402 0.3189358689174241 0.9630323387846756 0.9382617685023783 0.2600189719566923 0.2013918537137203 0.5889087033060773 0.8425182098415589 0.3367210897450549 0.5864294214642616 0.1622449994788078 0.1945937352381418 0.7613352159920956 0.15009846135205 0.2659070410478275 0.6894948631776694
0.01508930763297911 0.03219440386857053 0.2875259400240286 0.3366231805122991 0.3622161055300112 0.8071905755135196 0.03598096765864189 0.3583952446253251 0.6382781332668243 0.1430041095183227 0.8577386145114406 0.6455644082734328 0.1152934254800271 0.2080974099989472 0.7454983307481646 0.4034066283341728 0.4844700609485068 0.8874550780727275 0.1374435496242309 0.9643727973861176
0.04262968179657989 0.09944025725488481 0.2232384309404435 0.8065850822605141 0.4558728073695024 0.6532511422613194 0.1743211375198372 0.1667219329265283 0.5208483405537891 0.7402936352802216 0.4624744652150284 0.8696140851211128 0.6604119346706403 0.2490900884519328 0.2349022208021049 0.3740467168670696 0.7566160562962172 0.9379376643097822 0.8619059993188329 0.2616107926829218
0.4122789279785698 0.6115440994503215 0.5468344558158084 0.3892749454089657 0.1014207768812767 0.7122448043972556 0.08813516392543386 0.8660774293737196 0.8634484403326346 0.7084507915153727 0.4864245738076861 0.6991465654129165 0.3949870601017651 0.7974959842933487 0.7864170822798477 0.1555285838736217 0.3178175503505978 0.3439831767859903 0.3641702986535258 0.5666455566878987
0.04168744252028778 0.6599697189638991 0.2016317590566343 0.4164625561731081 0.4508926565007 0.3487267695476459 0.3832803101280126 0.1803060608477594 0.06813005739407441 0.5512566489358516 0.5958669456166511 0.1454997892217088 0.2309417083221241 0.2863771315373824 0.8307513669044257 0.1534209411624123 0.5521388075534814 0.5681397176921924 0.3434200931086723 0.3506171893069536
0.9591120175192023 0.5533439494595207 0.6527312009009547 0.4907401164444133 0.6466499816717906 0.605250785507062 0.1451732929200956 0.3346805328845932 0.4604339934589334 0.1278216616063849 0.3630733236044982 0.2281416342929222 0.847502602270402 0.3414740800212986 0.2267893206662649 0.4081814028522822 0.6830640476222469 0.06562199896142484 0.1807292136029898 0.6943069389237286
0.7522566048040932 0.6177542796100679 0.8791985605365955 0.1688001900775936 0.7035477322014285 0.9172601590800086 0.1507396591030582 0.2437639773961812 0.5466845720908042 0.3441193369759975 0.6906390807823941 0.05756761842510749 0.1607641423234598 0.7162383064796215 0.9706186984339439 0.9295503765123406 0.9010669934228137 0.1277433139035933 0.1459289180716035 0.07226475681487265
0.5425402331447909 0.8824861729023715 0.5317919000668885 0.7817152853959399 0.1884537869112616 0.863111260166335 0.1874247707253515 0.05476412606652326 0.4214910104280981 0.5551044300084385 0.9707420095213946 0.09175383344119148 0.273918093229555 0.1051070690820495 0.3904396367376164 0.2890110831877697 0.5133003494679066 0.348256681750747 0.928228018250101 0.7899477963830404
0.8610113686139755 0.1295009459428959 0.5750701669887139 0.2147825358848587 0.868238571440889 0.01501942175342408 0.1057442151300522 0.3760570755473156 0.4020939060931935 0.2772200829786826 0.09606299875993918 0.1187304051125936 0.3179447538473339 0.9507928340777205 0.207406564819324 0.7472803210592225 0.258188664007484 0.03724025561078481 0.01605220916706207 0.1527059311811765
0.4620841929977422 0.7559010975378051 0.7288149319451539 0.3523894424830367 0.4791392787629136 0.8140737533756652 0.8384029063789791 0.3199167004179855 0.004265018407107135 0.04693084322623264 0.7378073776039841 0.272632281072508 0.4814858121866522 0.1920312660311443 0.8471129160821944 0.5033776096365531 0.5271601757222614 0.2880795880857548 0.5119992306639229 0.00196364538252003
0.2772950403432101 0.3487629835384359 0.283950886289036 0.08595222757741783 0.5217812092340585 0.7884791333735152 0.9425984356081718 0.4972897921166635 0.5937538583554435 0.2908599378104706 0.1491595089201888 0.1318716907284411 0.7323607758695577 0.7344694353499344 0.1793500166366352 0.4135603797757919 0.5941443278915395 0.1252819461861487 0.7853689498688659 0.619992203320239
0.6152216915084545 0.7012080919186323 0.9871830820663744 0.5623944559571782 0.864416261698348 0.4187086750571659 0.6544693512274343 0.9252611878587662 0.6641508156440753 0.3030806759430662 0.6199456938616299 0.3513183203581925 0.3223666751344195 0.6102050587463702 0.160323231988387 0.4867389357577533 0.9456342849863913 0.383914241978538 0.1889625932458114 0.468838949642181
0.8409078314535324 0.8426677225950326 0.8278032394592222 0.01147551260581336 0.2670403099282952 0.9998757875742624 0.1196832771924865 0.4900894960876333 0.7900261506026853 0.1222139100938562 0.6624091806912479 0.4880804455213241 0.1942899820861868 0.8786300265827204 0.1814873975577304 0.6390528592947753 0.7408268781979291 0.5626728865932282 0.6288415685971911 0.1189653966220044
0.3080369870545313 0.5869622072296792 0.3954637163075114 0.6639460814328006 0.8519546448042983 0.1902220893121835 0.903272700870335 0.3831758504310933 0.9431243307282546 0.6173823130249652 0.7900955211459 0.514775428373226 0.5311446943933088 0.3275938987659719 0.1293647072273555 0.3838219118604237 0.2149764807916776 0.03286525588191658 0.2748868298252595 0.1805760526668569
0.8755303150381228 0.08123656243140498 0.1838955990818832 0.7040306955363342 0.9192258910202734 0.2514584522319341 0.02130113146138157 0.9605044727550998 0.6822206404739506 0.3106626960638559 0.4723734422152398 0.5992558738787634 0.3738685720653422 0.874487796621177 0.7261725883076274 0.9543407046242112 0.3510655228482117 0.9371740887217811 0.479100574225744 0.6423226386484714
0.7366472047548874 0.8093379690056801 0.3962593672826938 0.4479459785147711 0.8172770261127507 0.7175572030909549 0.9408492093746439 0.9795978714178412 0.1789133363658466 0.2279194118127552 0.7159864472790468 0.7473827346542434 0.6031795542325254 0.8772997642215113 0.2519904621107385 0.3394873942967924 0.494646848106909 0.3150270889685676 0.5454390893418044 0.6824780792979444
0.2203669011536948 0.4853374539683806 0.9929813576374784 0.3241613031812349 0.03536191949131395 0.8173517292840132 0.5033067835996623 0.0527838561185705 0.8903050272242412 0.4045143799803578 0.9292731821403969 0.4020781738005615 0.07683228477468085 0.2453011441199927 0.3502605057072028 0.7507282923552251 0.1847481523492837 0.4309736537258744 0.8732454198159687 0.5337610913727832
0.1031547197490567 0.02452248705463222 0.7058098011610486 0.9791274909582171 0.7851652629523068 0.7647261968454175 0.6754475156780199 0.7955027102986651 0.04001778567264369 0.264681631716854 0.6953975359715524 0.8669883296077439 0.6746068718168242 0.1762761279834316 0.9363084599456931 0.9033787001108529 0.08667876614010639 0.193000037574253 0.2751930306105267 0.7384118706046068
0.859373328300857 0.5783223874515512 0.1996455706516622 0.4150898876213625 0.1378592002641071 0.9173961868584244 0.7645309404104735 0.5102138338060775 0.453575043170838 0.09784207834556991 0.3186753563003273 0.1206327953573965 0.7823380633622601 0.5448837066761946 0.2272773814151589 0.2242028392559363 0.2603981975157855 0.308872752316256 0.3877051317814099 0.2975489323772372
0.6795558945331504 0.03507361930507891 0.3281103149313681 0.7452918728580155 0.9428079850752847 0.8027325501575512 0.240826209571554 0.2329154683838317 0.1903367947171891 0.8824975348586093 0.2378556872412199 0.7581806234131274 0.2610497314046866 0.03308184340751563 0.7334477000687659 0.7262018097952009 0.08895911096105347 0.3267012579296016 0.9483652901890226 0.1629489985821845
0.08667247265291012 0.5946038881116259 0.9309898653459719 0.1337783077430914 0.5130122936600178 0.6839992141169576 0.1718297596068271 0.01125989349218948 0.8876831304797248 0.03523127065335951 0.2574582838076745 0.6516840317406685 0.2857829333557622 0.009707596574816568 0.5754518344649824 0.3077922783347106 0.1515140618521231 0.9712833117325801 0.1649722678989525 0.7272354411432771
0.890724191493513 0.8587151157269453 0.1842570671584468 0.2368085336942393 0.01836263650257242 0.9314054672648543 0.8871211766573064 0.5954661689695429 0.1093676555068537 0.1735426468425015 0.5769603709326084 0.2516569735001449 0.3001718332360485 0.1709873489430184 0.1895917190727648 0.4634211543904514 0.5098739726284359 0.5115798896647326 0.9971387993669208 0.1295958172701398
0.7561698883877354 0.7937567472248925 0.5848825987705206 0.4627381802693252 0.8934266373502794 0.8281802190731247 0.05029093602870371 0.962983753087854 0.007339891753643801 0.5731322046839419 0.5724308169270726 0.8343796647905168 0.3847160679253756 0.09104086904598219 0.5816872693689248 0.02484586036373126 0.3617957609071614 0.9853168020853229 0.86877886955502 0.1524967417612054
0.7988260890560822 0.8109969194215267 0.928207219127176 0.2243842660439845 0.49896747449996 0.8274440914110759 0.6673337849981975 0.5939361433837695 0.6519758207707419 0.238516012799013 0.02554008487579074 0.736257257446534 0.3267918253308776 0.3767568869201464 0.6126160541495541 0.657165042363517 0.2028989006228424 0.8260315378454188 0.3802066052454794 0.6317444085013915
0.9664114156523105 0.5647862352666362 0.3589111417888569 0.6189701087401422 0.5017931180631695 0.4523762477778516 0.7322707347562686 0.9245101499841026 0.4792714152835895 0.08823015100009579 0.5696535566840739 0.2449508551148344 0.03957791147536915 0.7881402066436831 0.2727682366647881 0.7770704929423838 0.4882089430882048 0.3179358910751153 0.3140254500508968 0.04202476008611444
0.5343998369045507 0.8235515559967603 0.08389535249937796 0.1085587056087176 0.5292559268677169 0.6601418096235968 0.6947459923366617 0.313221695146886 0.0377777758061465 0.4145628796923949 0.2260441708752942 0.001114830252406662 0.6857165722257366 0.9520625390545332 0.3911517605350282 0.3002984293714631 0.5537518126102953 0.8519762580648814 0.7949674246929233 0.6847567049785765
0.4321070912997065 0.6904340198543137 0.216025351251607 0.2839434378462468 0.7778206109003843 0.9299801363463566 0.1900495036166898 0.2960632894182326 0.006210267190516094 0.4315622452804017 0.210295071752601 0.6414247825536215 0.7095892156781084 0.1187777143984851 0.08214400203193162 0.9063350695803358 0.3892387547409639 0.5334034972660143 0.9632415649136705 0.7590540122163353
0.3255402975989895 0.08584930112029354 0.536024016688411 0.3361254429373312 0.0216854045261019 0.7711523332537787 0.3849091298539828 0.5713211500587355 0.7557428557962304 0.9408474199010457 0.6123223386846226 0.3153961787801431 0.1100765078470179 0.07391888791127221 0.3196907738727295 0.660839138956005 0.6951520647276903 0.2077180400629877 0.08279593858834744 0.3055106612860311
0.5475745598545727 0.7546696744748647 0.5296573205700426 0.2869837527470745 0.6241797232639109 0.2648366551761958 0.652692914334523 0.8418980078267378 0.6389478203684317 0.5656314689767339 0.3071421092708613 0.8767770399379612 0.9888218847172996 0.777479431209941 0.5736438575704191 0.1412793326410017 0.3149290223926036 0.3668593185911837 0.2918952210274658 0.4459528147489278
0.6106325168676457 0.2129145905151636 0.2497597542867038 0.1121504832210968 0.3075885891748025 0.4974482785846432 0.4898077847100882 0.9955772118463961 0.9811085630636269 0.4365627716811432 0.9720206217903173 0.2143979041758141 0.5411208861089534 0.4534353144697316 0.9676088975125462 0.8361762231353584 0.2141469247807413 0.4395391021553912 0.1684769716464471 0.5290872104552504
0.7934846741670334 0.03587914896601674 0.19135887753572 0.9774555643930162 0.9607973060206447 0.5565916591021018 0.6460907214959392 0.2720930142932744 0.9520910857128398 0.66977480632724 0.6668079951387617 0.01110333336992286 0.8529698498496928 0.7783262186802019 0.6849239969048068 0.740781813019585 0.1565724245983772 0.71877505284865 0.09681841069321007 0.7069494480386341
0.002631796125503238 0.7762057874603809 0.4915571847815394 0.2043868662978648 0.7292466144453952 0.3156541317831608 0.8838175899975118 0.180233525232222 0.9385506542860252 0.9707501480531616 0.3044852440523308 0.8624863997043009 0.8421791188670099 0.4246127100946028 0.3636844078527848 0.282437473235045 0.9932367844655456 0.2557510269518997 0.9206755977591222 0.4283352137597225
0.9354270123414087 0.8388448341981828 0.1557773256155128 0.5742833543508832 0.6735030146856861 0.4058204059990451 0.004877044482226589 0.3253313297689604 0.8389449479732487 0.06282398021726943 0.1054197464393172 0.7017873465119159 0.5141582677561877 0.4981668249945123 0.373609718926406 0.603513616671319 0.8514687668770384 0.2769230564689927 0.844761362843635 0.4166191485721183
0.5009840123939405 0.7296233785681803 0.2587217075066073 0.9216369186561401 0.7020694642288483 0.618930423097489 0.2730088373119177 0.6958484563594459 0.2572147484534554 0.8164526703274775 0.01147245502290606 0.1665376436115401 0.557828988762059 0.7122809996025021 0.4924806539131104 0.8778095014799501 0.9758699375629136 0.4642770675442432 0.7679869794828058 0.4947721338335273
0.6650987783358207 0.2248749799673657 0.1095417172162685 0.9790089375741902 0.8149946597059848 0.285383532449531 0.5858283844279211 0.3800712052787912 0.1763380407698657 0.4188351430524928 0.2971877941967276 0.01662410653290591 0.3873683069988095 0.9209130038047522 0.8282002587074487 0.5740747551965509 0.3186468647803825 0.2312642948854375 0.9560195836309339 0.5646100990687117
0.2176053035591231 0.2494820510986229 0.9595962025309192 0.238814133296392 0.1067140883555379 0.1839619397526692 0.7662248069179191 0.7087642559312614 0.4379419247771238 0.7938045071164251 0.5175126921426194 0.413598161129107 0.1174419362275896 0.8839110659363493 0.2755932144103168 0.6162607233298604 0.984579778960706 0.1894180220437538 0.9651879917930428 0.6527153684256953
0.1287316045965476 0.7719271460730484 0.9517757782570937 0.5627805496894249 0.6885551997581481 0.0263478788699828 0.9890756855079469 0.3184571198136825 0.02390377936621935 0.8085641504743885 0.9732525517670682 0.7375885099166811 0.002735806045400357 0.06336051137403531 0.5842694052275808 0.3357151077556031 0.8818334807517967 0.8736693693569384 0.9875189087044416 0.7158319690725937
0.8768836998086516 0.3196501118620526 0.111176951919806 0.8653641057823798 0.303472597961525 0.4193322981668862 0.6460302570715727 0.6050991341555126 0.4209230845148799 0.3861505118705936 0.1226810418590063 0.5338618843034166 0.232854097243996 0.7548078511004613 0.6748705841645001 0.07192696480921446 0.9892646847358003 0.7804569355743413 0.2278258868905976 0.03074281834969705
0.4783718310716986 0.352742437501074 0.5465114993642279 0.6596639554249211 0.7972198073587383 0.01354434683912764 0.7142955138788785 0.2953139661018992 0.986402575637417 0.8462417305877817 0.5604011810847819 0.5977656853768393 0.1920756730045573 0.2262515885870655 0.1540131783379511 0.3778135474644417 0.1119554443415811 0.5112728936342619 0.6384779554015474 0.1222123782369833
0.3441963589302681 0.07034787968520784 0.5257611872720692 0.6502897692030054 0.6154721413751028 0.8138695628094851 0.2355662365024204 0.6181818418404456 0.3028285192326406 0.08876770607914231 0.3052614715658132 0.07135647494461617 0.9585742110196708 0.7271654349269293 0.101460857824004 0.7862693223485936 0.3521553600965318 0.9114351403237924 0.4954974347471134 0.8726927229848721
0.2205297947437237 0.3671923259032656 0.3668369421583827 0.09713268160328525 0.3310144340657948 0.6597098038387995 0.4665434913737406 0.8792315697444312 0.2696702663903483 0.3548193487216488 0.3203542901506122 0.5517379706217076 0.1882194156062879 0.1732442715081729 0.9394819242084544 0.37664771374633 0.5870981348830498 0.05515208501882385 0.1408579968993668 0.09635855186124331
0.8121155679581462 0.1031467825834642 0.5163160456795491 0.1555778979920741 0.2788167554288485 0.8826020025030701 0.6315937651309106 0.9636627102130699 0.599714365615993 0.009519716216558005 0.4156410055204216 0.02244175435867979 0.3139843280469464 0.4816249307207418 0.575459341123808 0.2386502029289299 0.5582865784476518 0.3949201341072339 0.506582187506927 0.1959670145425215
0.1567516100034313 0.7545170076023864 0.3299732288055194 0.6441956925382164 0.5654555965905419 0.899530915886071 0.880683617907015 0.4431114003267834 0.204735086492257 0.6321923752918258 0.6368359753465501 0.6924175033786027 0.9074732027348 0.7825809780445985 0.6252909358558468 0.6009655953980898 0.2127590360681421 0.651365361997868 0.8145001707766045 0.9223224808528965
0.9166501120809326 0.5610988058726366 0.2598339757404877 0.3337974568237166 0.9977623655688204 0.5255977882178193 0.8159066728378224 0.5970161877845721 0.5069303873283266 0.3485396153056978 0.5377705282313024 0.00673470699420331 0.8766858065965739 0.5614864815326793 0.02428142532467858 0.8181747453311654 0.1353543908620732 0.03063869809086972 0.4623354041351158 0.9606566952869964
0.09361424846399025 0.06559851613504319 0.8799355762219236 0.8213720415432885 0.8199694222450838 0.4678180478153717 0.4274920945605305 0.4010683054344961 0.5822150421393071 0.7289706693761112 0.784292002349626 0.6547991875604179 0.5624661646760132 0.412392608220297 0.3199150620438546 0.2862477928261852 0.2961767184030752 0.6827528661644432 0.7624411821595793 0.5976197869899762
0.2228638922535608 0.1943950205047229 0.7656861187707539 0.9786938189750454 0.01590996159256253 0.2488981419825798 0.7923128717707478 0.7191652977533548 0.2459799577394348 0.5548923810758453 0.5855857940990207 0.7213842766472296 0.4636737112127011 0.4048484715227227 0.3080094708208896 0.2383089084068227 0.09250335815060395 0.6458833874176423 0.6695704485402362 0.6873434739168471
0.003145720464372448 0.4382530325209861 0.1225533649113631 0.5266093357063074 0.9797396209018743 0.4992770109633381 0.3746499792735207 0.8138399923945955 0.9682014382446995 0.2871233775287954 0.8030000397465009 0.9961414373632698 0.1118242397516078 0.5310473545872221 0.8135265794850003 0.3762941836568982 0.4457745262747252 0.7509025596645666 0.09834637894842024 0.3605263049964609
0.5637062552864558 0.2385855959425838 0.8399537717220329 0.7658509922899394 0.9655425795923387 0.5229880750137287 0.1065246579905931 0.936617023061487 0.8342359894963491 0.5444181610032376 0.8363022773854041 0.8816909193539424 0.7760811373668977 0.5712539770424174 0.6152987214660823 0.8443906826433587 0.6222166363139338 0.2064799591876316 0.6914884235539698 0.5320137500773816
0.2632470589001895 0.0007865415296364198 0.2354977612999136 0.673566697976032 0.8783201996809448 0.8307025692405677 0.1081073855885104 0.07112497952283825 0.7615923118790051 0.2848333721183067 0.2718030524966213 0.002000300608431704 0.09853901064055304 0.1355970473923531 0.1593602062291966 0.4453136026153652 0.8141358147238202 0.8122981153684475 0.9099896216824481 0.4435920386203337
0.7087105079450133 0.4883341181204487 0.04984255813452099 0.08043143396954711 0.2459423352161391 0.9816217286230167 0.6919172292767848 0.2680075818573204 0.7062632445513162 0.6613461343815696 0.04329016087390747 0.3614875846417379 0.7737279834022938 0.07852291483410356 0.8843841167758716 0.9308682962545582 0.8530855123898898 0.117377604100948 0.5651734817019118 0.7075599478322232
0.8879800899401759 0.09577602929981288 0.8157705845493284 0.278016331668782 0.5922873857659138 0.7197957093739197 0.7770191493604176 0.2946648489988695 0.6073765389488749 0.2874728742023305 0.9983167502844696 0.8145056079423507 0.4139779162693674 0.8791421856642359 0.7325011151084537 0.928746930727756 0.1716106942469242 0.2948350049208741 0.0937366760746422 0.3179810316787127
0.381188613746538 0.6327125396187535 0.4715199383485827 0.717668980777047 0.2692235335017145 0.1730567191821845 0.3791226027753652 0.4380814374278545 0.4221265678158336 0.913569686661525 0.2695670183469543 0.3520434026951569 0.215209660163327 0.3719230114042729 0.389855390831109 0.5754270571118745 0.278364978622443 0.2594923085078481 0.7190613950565239 0.9101787075725445
0.1220968195634415 0.1822889707499848 0.1331096448759032 0.6836076828044971 0.2140097727076603 0.6045716033063737 0.201678734802983 0.8177571936931245 0.3161071322581981 0.6696167646858762 0.1487335628025609 0.3059454470861604 0.2972414453016764 0.6350799325450489 0.6808805271233367 0.8452486465038237 0.1833469067689233 0.7604297643064385 0.7119394022793596 0.5575439140774725
0.6501629863156845 0.0899951030326972 0.1468758157225714 0.4155717207166358 0.7113706883010249 0.1678211636235943 0.3889791392243084 0.4979459538874261 0.9350457269132086 0.05519624865450556 0.8290074909485965 0.9841598458987846 0.2672726135198888 0.8900573037740913 0.2903001387754092 0.7990074981966317 0.4598573679992363 0.59760864887687 0.2366673767651024 0.687614962160815
0.1486848661132304 0.5596864990017729 0.4943289305440131 0.8372059959494197 0.481468515373733 0.7847309599867293 0.4002943067357757 0.3079059334309052 0.7872271363776071 0.4184642639114249 0.496766061213335 0.577322531324329 0.8196657378893285 0.5813199746267194 0.4061429026808099 0.1605868285092428 0.7021113049141089 0.8832328216518347 0.1083788879041522 0.4662139758130815
0.9345355051790349 0.5635091674751708 0.5452535141070303 0.06347554987814286 0.5353001796288375 0.654541303819938 0.1465918456331445 0.9563647276468465 0.1961507919433427 0.673925993557942 0.2743411534081995 0.1084308338318746 0.2609008036948824 0.3341518335180748 0.4647318772310227 0.2343564434014873 0.7275038866586078 0.807191102024009 0.7909755960469493 0.7157485483912336
0.2696432461610226 0.2104577910406757 0.1091283282414149 0.3966811014027529 0.08726664017603281 0.6553896564824753 0.9498289143624183 0.755633280579152 0.1168917270983925 0.02048124871840196 0.3348888297863468 0.9928761567590365 0.3128317479770013 0.7375077987941283 0.7165293765913929 0.5725575976952813 0.367646057669637 0.2082656940300881 0.9799992164436357 0.06589377000512553
0.2362277519371 0.3088994705101167 0.9095033534823053 0.7133692630190983 0.2653718502380127 0.1645013029386631 0.8804974135265312 0.7937831324318396 0.03838743197640437 0.8793008435965847 0.5879397452104611 0.4575371969863721 0.6738518768832562 0.03944279853538757 0.3303212034696615 0.08804841780935202 0.6836374647810503 0.3980117152162973 0.4789540917739409 0.2898033391923721
0.7882945201123254 0.04651268226775163 0.2811256463638583 0.590595861758878 0.7901335024345391 0.6015993359119542 0.7304886686536354 0.02352791487782813 0.254923589308543 0.04209175984237279 0.5000123984687892 0.9891402961407735 0.01353050810521894 0.4408790383372555 0.004786418105884538 0.6128886193293469 0.1833587261280697 0.7127417837905282 0.1596485119729479 0.8285756552303601
0.2061781637342316 0.3522162738319508 0.2305784719232691 0.8076844924516463 0.4902699555897064 0.8738335058866241 0.1300859726981044 0.4989581103650381 0.7766136339820839 0.9812101687911365 0.6733777301945412 0.1830011797869537 0.7597729555480026 0.07463521512286109 0.76277246372078 0.8278152309219722 0.559209716111827 0.4927208298082278 0.9365274226769438 9.695068767479054e-05
0.00956689437851066 0.2519514231454402 0.5056764632586181 0.5404166504960898 0.3712924240247065 0.2927113751951868 0.2023673464739448 0.8002818943961242 0.3159229045819424 0.492467985547119 0.8112908917040034 0.6123589424601151 0.4086084961771249 0.1769042223604275 0.3976520898471001 0.4852126537301182 0.9905845925641049 0.2841950759205856 0.1656396764792318 0.2205755135154441
0.2114673443568529 0.07604769057476157 0.3649076984234536 0.2847340247906425 0.8875887921433807 0.780259609956419 0.1090649568473457 0.8505034953674093 0.1095986069091566 0.7202077467752445 0.5728242979210983 0.08680838426747961 0.9053280360773668 0.8745665148853765 0.8438517313619269 0.3695673551173151 0.2229514123754536 0.9971116548587963 0.817338365479504 0.04212816062810631
0.3732778778648282 0.8121869757489847 0.5283846967228796 0.2471308256001284 0.7928879304474935 0.2617510439444676 0.0003983800547517902 0.2313189189557325 0.9933702889624809 0.6562008343421062 0.2206681220871737 0.6861397019787449 0.6869368982218188 0.640742769936858 0.07054851672187645 0.2429641169892971 0.8708371928269385 0.7347408193015217 0.1678160059840834 0.298589461276546
0.5627220287356469 0.826445766022829 0.2005163063645068 0.1016652936534889 0.3818688895906489 0.912353469252759 0.2605135192574243 0.1083043527130803 0.05594296527578257 0.3516705558700568 0.03762694526852262 0.583033921230445 0.6725568103202951 0.4604835899847382 0.7411168537245286 0.5010249644140818 0.702352620836162 0.2306409059229675 0.7446124094614665 0.5016372020053996
0.7053688299090277 0.4466977903163892 0.5059406095753813 0.04153518297857339 0.4893092906042646 0.1422875021973244 0.1424958469845456 0.4333504025595449 0.5762147898259073 0.343048695191552 0.1604915902642081 0.7414104169799515 0.9630915727829361 0.7336422859505056 0.07706423149742647 0.8409081581252351 0.06751405041336966 0.4363120485992489 0.9288627993212792 0.2631801036365445
0.1279531718927953 0.7622387720608016 0.9286081213991312 0.3257684207043177 0.2324580978453366 0.1824854764117131 0.9632355226640739 0.5766346346502746 0.8600877719102842 0.3083449860518661 0.05643643035844093 0.4538041851153017 0.2071100959073722 0.5189836643290452 0.5379876356177355 0.2942882172433129 0.3074538821838113 0.0241736722148328 0.4204020139303806 0.3236894136587639
0.6194901252611663 0.8597630666919952 0.4926404407929157 0.08270829803188939 0.9334804583342925 0.8083269668547564 0.3655188231357733 0.3307289110251447 0.937934078744633 0.3748943405611161 0.6358022186231704 0.9853443380985734 0.03673976453048744 0.3146309781487783 0.231235721941473 0.9223654191512636 0.5511367305514145 0.05371353840991677 0.7552482494733969 0.6840838213346168
0.6621741034351711 0.9557287749268826 0.8746015987152932 0.7532514851657419 0.2226659543716385 0.1380149620432186 0.2208883363414058 0.2055098610936521 0.5679645458145579 0.6630438231677197 0.5274175204016522 0.05634939173447451 0.3631625949531299 0.9677274091080609 0.6955115754051091 0.3697397795415153 0.6716261486023335 0.2651096939734627 0.07747756400296191 0.5280671392556082
0.2897691258518927 0.4816518956541637 0.9019945945493233 0.6517403667487239 0.723319135625947 0.1025865252271354 0.4796580857927076 0.4043418903894574 0.6468572427516849 0.287735134554958 0.3830647122175665 0.981016791950987 0.1148105677852667 0.1999078630613759 0.2390461643457704 0.6966542004402304 0.7136880913205015 0.7847549365756692 0.3810443748278509 0.8524032876575542
0.6973465395889892 0.7132598975767365 0.8219886443150707 0.6289244383408126 0.4222276228482986 0.03079881116467331 0.5954556632890023 0.5637635695018256 0.6008080215491192 0.3228534686765717 0.5548819768446921 0.1716563042840867 0.6498594262094919 0.07167347369091615 0.8750771337997444 0.2161379501465994 0.2938445705782526 0.8847369186394346 0.8835920900256854 0.8362672161514131
0.3269356169062471 0.9023446392045666 0.7718022957748861 0.6580829809857549 0.8998030738224682 0.7831314722628366 0.4247495091830883 0.3242552241270888 0.3938781377701506 0.06141215405816436 0.3634308930261969 0.3530436858449395 0.8656244875574273 0.8887000495302622 0.9630520868624081 0.3281992476146343 0.6933201557909643 0.6330662678957141 0.2424437455899482 0.8699876263426785
0.2141019157696299 0.7477140026507801 0.144663935514229 0.1068196562396116 0.7203222101235442 0.5263181160447106 0.4429158313362551 0.7781805677545706 0.3587433527982574 0.8533495985139066 0.9621724971568286 0.97912549357449 0.2776280022802573 0.4150070363847951 0.7250098843173551 0.8948659340129544 0.7113111101046645 0.7581322827790503 0.8834036519677717 0.3669482381501168
0.5425449416471573 0.5347699755827457 0.6475825802042952 0.8951838797241277 0.6008274761261335 0.9699385377160038 0.7321355547652482 0.4152914915545824 0.5811384601640893 0.9223207824170438 0.6185003839269733 0.7099286034183619 0.6612920320944801 0.3361464388995626 0.2033348551226982 0.4078129626004203 0.1507698061317337 0.8263335477210154 0.7104606135008141 0.4010561894105159
0.1713826960883208 0.8757993398860495 0.6390639060380273 0.9966028199815464 0.1010978895977452 0.2448483591322624 0.0836549341630618 0.7447417757596947 0.1595753094570423 0.8816595339350156 0.4914795265388975 0.526169262668513 0.04252028879100422 0.614053635731627 0.2276147890950673 0.2135040893470156 0.8953185689241916 0.8880133489969917 0.005265184326319505 0.832303959586102
0.902298840019556 0.5119476580924737 0.6561738180513871 0.7677856839334473 0.6854399747525683 0.4591164196426792 0.5734522319827082 0.5740594317304389 0.8421305200242547 0.2404417076191439 0.7572264662657039 0.8123371097183338 0.7970323611449748 0.8077078189919843 0.8292800223865544 0.4175157513022394 0.6178867356005426 0.7552455161468585 0.7697655693416834 0.9586046229255358
0.975075275592005 0.5647345919090407 0.4657390687419055 0.8355253266864215 0.219960923956657 0.7663980894608939 0.1920115991267738 0.5916275659530674 0.6068314566255671 0.4418438028021768 0.8645506528079976 0.5434821861417696 0.4927297109245765 0.4181256356700572 0.06222518338635219 0.3621494599268943 0.09281535819413889 0.5656384996760548 0.6405016315575907 0.7677822626181597
0.6325352563441428 0.1870607551754626 0.7502439507791163 0.5488594004307864 0.1021703593343899 0.02482702918790802 0.2987461923833448 0.6900150292649251 0.9327883504441357 0.9664972006802195 0.7645480893346467 0.2932491857068945 0.6220691252729669 0.2310961275368256 0.7506903716516717 0.1658670294795279 0.7564703855241026 0.8685889989304815 0.519506353586457 0.06563483825850425
0.4488920207457957 0.8378286113798175 0.179752653430054 0.03855906126279496 0.7326935744791824 0.5630407235733951 0.0420606264492327 0.9848852640583016 0.5693323874837272 0.5851566729626539 0.7899066418664441 0.9026346706863088 0.06075073632969408 0.3485132093888155 0.2000918630683927 0.4651515316549586 0.09146794196561492 0.06808577423972362 0.3008894331302838 0.9043452577718513
0.9755419778874962 0.7637200317833946 0.0007409129605489007 0.735215554236234 0.02199250998502478 0.168565682255061 0.0105140082845302 0.1491269987672621 0.687505525161023 0.7020168753413566 0.3710774066218568 0.7311908242003646 0.8473042054246386 0.1303575144415501 0.08740731616174402 0.3719214565139027 0.403883637551174 0.2764042198603703 0.7541681859444468 0.3217862005523922
0.8001443119174996 0.9113083542736461 0.5131490075412158 0.4294220296806521 0.09159480217154525 0.2736773038049665 0.8866478145458545 0.2459443412735529 0.6211893868708748 0.4950073958428007 0.09437253593421435 0.8993685313928761 0.06777083245811377 0.680702325466581 0.9719981399843843 0.709373790820744 0.3259087204583756 0.07344016636799866 0.5797370470473434 0.7335170182530933
0.3588460336535408 0.6537514725103031 0.5665914081984585 0.03410641739832987 0.9206944530487665 0.3800058034524793 0.3794019439968851 0.846355875797671 0.484277901996814 0.4510687942633032 0.6398567153443468 0.2117712907888351 0.5283006926972544 0.6685685244157344 0.5387766999829049 0.7087611375080665 0.5985364919631379 0.8414055336997581 0.8791707628014417 0.09783920303270877
0.258593994522077 0.05465615541932234 0.2288918677688312 0.7209167071121103 0.07854523949262249 0.1551195130500365 0.7707683274257636 0.4443251773727787 0.2901207376923213 0.643984696272966 0.8869384045483765 0.03760544037577229 0.6930943445013796 0.6685507240228905 0.8680120985975806 0.1963720400235009 0.7127926295339706 0.1039011082552873 0.05662635679400785 0.6807960342578691
0.02263471413364293 0.04429908880212374 0.03695302277333601 0.4654105087333362 0.7578694442446711 0.9921992236899375 0.2266076965540623 0.7923802252705273 0.7952458641796896 0.8722427093421683 0.3142559902953881 0.1329250551372108 0.7967015799841431 0.5674633376679062 0.414653926800871 0.0586416771859708 0.006556875385934302 0.316023463304584 0.2714587853328814 0.4757236273103694
0.9236118647021984 0.4166844860606619 0.2878838708794117 0.8452465332465563 0.3069498673705151 0.9155840224499852 0.8634118432842225 0.6388191881681066 0.7476751935737458 0.1573227955301317 0.6028742701114563 0.3270372838662459 0.4886780535619266 0.2253854580979061 0.9019576776682231 0.4115337771846267 0.4767340531968478 0.7214027529342648 0.1221968129227049 0.5030650485510998
0.8131476632864285 0.6773418599205555 0.3216507260246346 0.7106653966661972 0.9344395986794815 0.8947762383513413 0.7422347881751267 0.2661011688501626 0.3724874069369445 0.5584179211235301 0.3810488968564146 0.4557468620624855 0.7935259441176924 0.1039401321101152 0.9729965782271728 0.7046190662110386 0.8647278683763254 0.7816800539428734 0.432183713508881 0.9425111433832147
0.2530862171085319 0.04624842318955236 0.09687823026480324 0.2007366219220781 0.5390805363474415 0.2236025525659371 0.8353208198514046 0.009338687242805621 0.7459009287946741 0.9690078222420352 0.2671832110849925 0.6238155064284149 0.7147796349456051 0.3269574179296341 0.4331265719128377 0.7344088461147882 0.1311501871880563 0.1436859729988217 0.3754063227485519 0.2284090518116418
0.3069863937799994 0.1500656848859049 0.09663605983898593 0.915984031116339 0.3458934084716969 0.5659662567350899 0.547198765072399 0.450357548152311 0.74782058034244 0.3315764573464737 0.8924774568573424 0.06803322230708742 0.5748895927250809 0.3390525769517404 0.3639003448877939 0.3050978942476084 0.6035862995105342 0.2344079295338484 0.2943061996904193 0.2854945905449527
0.006795445341167383 0.3716185094539123 0.04889735117246141 0.8743762125204062 0.7218226314034274 0.5953071045273394 0.7438783349886023 0.9010940837915135 0.6940905633704547 0.5907563171285277 0.124259243625451 0.4045826515221878 0.5789512482609072 0.6028443658191326 0.9607778367838566 0.2055003210755252 0.6631513275630005 0.2564291406614504 0.417761242510447 0.9719504621095331
0.3310774305910541 0.3620231653755401 0.4395684484649433 0.04066778988915665 0.3985702385044282 0.6189850995707687 0.5780799868502333 0.8734127277887768 0.6411865578151769 0.556955944679331 0.6406471570721031 0.04761678341063902 0.9961213485585053 0.1517054176194668 0.4184468867354262 0.2952514701436912 0.5772168940956345 0.5595610234476152 0.3521143242597727 0.9736294639810601
0.7512716390794671 0.889841362934226 0.4554101953612979 0.599406088634455 0.4134532757557783 0.3042551654400013 0.5254705707510926 0.1909673089279926 0.2141017239354513 0.5107874183129075 0.01385207449651882 0.4454871086749813 0.9967006713535814 0.8226829811499062 0.08346054648688994 0.6558903170161671 0.2253929300307771 0.117955852262439 0.3486772627926128 0.6771668179324907
0.5507645605228727 0.04396266353157552 0.8567542693470812 0.4775950236100055 0.8567762248683984 0.1876540115549781 0.08373326615041132 0.5159696620414999 0.454544662996622 0.01389439898984746 0.03935458969076633 0.09363283573135806 0.04067747992226844 0.1757390673441619 0.5755361511110012 0.4767526199665095 0.9797697328616091 0.07073713401634152 0.8674156321007591 0.5785197821401383
0.8764755457125712 0.05571361035313493 0.09915352142160372 0.8630947177469542 0.5703840264473814 0.5584938010898555 0.01301266794162514 0.6422528041164394 0.8476644814375841 0.9961261910990339 0.4329547907173616 0.3114090460583681 0.4047703249822441 0.228025096311007 0.2260985847335475 0.4336436086651989 0.684539508216859 0.6607372885925005 0.7724901682620344 0.2168146880705238
0.7287063787328217 0.7952538274190902 0.5618128640839037 0.465670689952025 0.1581998718463155 0.04645285104373797 0.4638321477729105 0.6543020802252184 0.2125463165481549 0.3999496048757011 0.4976378845098134 0.954903956652196 0.8774451285810319 0.8740496481285145 0.9966005388399094 0.7734532831404549 0.2030598780598764 0.8398873406651323 0.1662482485360245 0.8890870796898103
0.3385797959346366 0.2879446639067578 0.6062229999118651 0.06061154647401912 0.9070881746034647 0.3810706983653657 0.7899831709021062 0.7105474351529599 0.7041481300073186 0.5326261668903095 0.4666755104451503 0.6453979321350892 0.6915772071461485 0.2358181952782822 0.753808208295097 0.9366171681857524 0.8150976476385567 0.7306096688351293 0.821710938832267 0.00695491753946309
0.1748240466047641 0.3419792015163703 0.7335181339053596 0.9783732891856411 0.732877846676929 0.4789929328281815 0.9210518119248912 0.3776991400644555 0.6416906324889651 0.001504470185431317 0.179359544437937 0.2948387688928866 0.3869897984245252 0.4598205069731719 0.7967187589541168 0.2798455839731026 0.08266158515440902 0.5213701242953557 0.9811519881460986 0.4007584714887198
0.2571910818418502 0.7763414987844015 0.6155835367727537 0.007548336226465446 0.9862051049731199 0.4889185324211149 0.3040218708681137 0.6650770509816946 0.2855607812145312 0.4635439312861933 0.6518210713262587 0.1218820271760754 0.4672231264311034 0.7352057434325322 0.9605180403725312 0.02138949201596518 0.8324792105112068 0.9391460199366686 0.9858178203627183 0.9378316350189041
0.1292514080774897 0.8860201939444051 0.1528621293958289 0.3605163569932077 0.3611619384814453 0.2797853922706043 0.3548042438541301 0.54300156482881 0.07851701665774391 0.3728696711111941 0.5832188810001392 0.1342494099797255 0.2429879452919641 0.3127790825576541 0.0745338511835042 0.8076907953019956 0.2633974728261202 0.4106010091955299 0.4054128659393603 0.3047356362881533
0.1277380469794114 0.8935593740718485 0.6813948478763496 0.2668914619254061 0.09243092687336907 0.123495016085529 0.2764364013653792 0.04904347886550919 0.1451468639570195 0.475029547570342 0.9359794025149381 0.4340689856813111 0.7091404544851396 0.5703050741196372 0.9762441855878246 0.1782112071242017 0.7391050833284443 0.3504066948572232 0.9912121035805693 0.3528117351066002
0.9787831825255726 0.8603714469901419 0.5977366599771147 0.0274479567015824 0.1855320494491072 0.056511775487744 0.7924617615840707 0.07395108395938099 0.7864594356701907 0.02795184903979497 0.2552062530564172 0.2975833866405353 0.5646064903683536 0.5620612439865807 0.8874009646023955 0.6373774400433303 0.1614620303618195 0.02699479292438645 0.7619824979543223 0.535568797816832
0.5786291495500712 0.41410504786636 0.5898150880978024 0.405631378056676 0.4456924054751884 0.5927396360087918 0.4923445105353262 0.05910339095487294 0.9767897079155617 0.8551376400120463 0.3790856278281287 0.5465248427194851 0.9328743266395967 0.3979653417007749 0.9447726993676626 0.03048627618559663 0.7457995222351668 0.7970066110633042 0.1938351126287349 0.1628667752924607
