0 0 0 0 0 0 0 0 0 0 0 0 0 0 0.3029773577348149 0 0 0 0 0
0 0 0 0 0 0 0 0 0 0 0 0 0 0.1614657327484426 0 0 0 0 0 0
0 0 0 0 0 0 0 0 0 0 0 0 0 0 0 0 0 0 0 0.2196719970222188
0 0 0 0 0 0 0 0 0 0 0 0 0 0 0 0 0 0 0.1501243561403693 0
0 0 0 0 0 0 0 0 0 0.5651701472621276 0 0 0 0 0 0 0 0 0 0
0 0 0 0 0 0 0 0 0 0 0 0 0 0 0.485479275058028 0 0 0 0 0
0 0 0 0 0 0 0 0 0.6510170035404088 0 0 0 0 0 0 0 0 0 0 0
0 0 0 0 0 0 0 0 0 0 0 0 0 0 0 0 0 0 0.3050258849745377 0
0 0 0 0 0 0 0 0 0 0 0.03718671637173915 0 0 0 0 0 0 0 0 0
0 0 0 0 0 0 0 0.4939008109737716 0 0 0 0 0 0 0 0 0 0 0 0
0 0 0 0 0 0 0 0 0 0 0 0 0 0 0 0 0 0.07055663097031921 0 0
0 0 0 0 0 0 0 0 0 0 0 0 0 0 0.3753150497420538 0 0 0 0 0
0 0 0 0 0 0 0 0 0 0 0 0 0.0237908727191204 0 0 0 0 0 0 0
0 0 0.2704152918748937 0 0 0 0 0 0 0 0 0 0 0 0 0 0 0 0 0
0.4976908604108635 0 0 0 0 0 0 0 0 0 0 0 0 0 0 0 0 0 0 0
0 0 0 0 0 0 0 0 0 0 0 0 0 0 0 0 0 0.3490695973110774 0 0
0 0 0 0 0 0 0 0 0 0 0.3467346554289576 0 0 0 0 0 0 0 0 0
0 0 0 0 0 0 0.4271771600333713 0 0 0 0 0 0 0 0 0 0 0 0 0
0 0 0 0 0 0 0 0 0 0 0 0.6811185520530791 0 0 0 0 0 0 0 0
0 0 0 0 1 0 0 0 0 0 0 0 0 0 0 0 0 0 0 0
0 0 0 0 0 0 0 0 0 0 0 0 0 0 0.2345724350594162 0 0 0 0 0
0.1162915752013323 0 0 0 0 0 0 0 0 0 0 0 0 0 0 0 0 0 0 0
0 0 0 0.717196503133449 0 0 0 0 0 0 0 0 0 0 0 0 0 0 0 0
0 0 0 0 0 0 0 0 0 0 0 0 0.7031273117841202 0 0 0 0 0 0 0
0 0 0 0 0 0 0 0 0 0 0 0 0 0 0 0 0 0 0.2122841616261828 0
0 0 0 0 0 0 0 0 0 0 0 0 0 0 0 0.4429555375790023 0 0 0 0
0 0 0 0 0 0 0 0.3094305496782229 0 0 0 0 0 0 0 0 0 0 0 0
0 0 0 0 0 0 0 0 0.1853463242471617 0 0 0 0 0 0 0 0 0 0 0
0 0 0 0 0 0 0.142014774968593 0 0 0 0 0 0 0 0 0 0 0 0 0
0 0 0 0 0 0 0 0 0 0 0 0 0 0 0 0 0 0 0 0.4558285080194086
0 0 0 0 0 0 0 0 0 0 0 0 0 0 0 0 0 0 0.5156842805940776 0
0 0 0 0 0 0 0 0 0 0.5193642447829504 0 0 0 0 0 0 0 0 0 0
0 0 0 0 0 0 0 0 0 0 0 0 0.2426448578363941 0 0 0 0 0 0 0
0 0 0 0 0 0 0 0 0 0 0.4011254232414763 0 0 0 0 0 0 0 0 0
0 0 0 0 0 0 0.01458686497015303 0 0 0 0 0 0 0 0 0 0 0 0 0
0 0 0 0 0 0.4284212836290062 0 0 0 0 0 0 0 0 0 0 0 0 0 0
0 0 0 0 0 0 0 0 0 0 0 0 0 0 0 0 0 0 0.4321772621291373 0
0 0 0.7213757413853048 0 0 0 0 0 0 0 0 0 0 0 0 0 0 0 0 0
0 0 0 0 0 0 0 0 0 0 0.4245274084460485 0 0 0 0 0 0 0 0 0
0 0 0 0 0 0 0 0 0 0 0 0 0 0 0 0 0 0.6047113554335832 0 0
0 0 0 0 0 0 0 0 0 0 0 0 0 0.5773448322132421 0 0 0 0 0 0
0 0 0 0 0 0 0 0 0 0 0 0 0 0 0.500286787694552 0 0 0 0 0
0 0 0 0 0 0 0 0 0 0 0 0 0 0 0 0 0 0.5890511283588957 0 0
0 0 0 0 0 0 0 0 0 0 0 0 0 0 0 0 0 0 0.2735099046146044 0
0 0.731187867766697 0 0 0 0 0 0 0 0 0 0 0 0 0 0 0 0 0 0
0 0 0 0 0 0 0 0 0 0 0.3052601490294692 0 0 0 0 0 0 0 0 0
0 0 0 0 0 0 0 0 0 0 0 0 0 0 0 0 0.04575614804804442 0 0 0
0 0 0 0 0 0 0 0 0 0 0 0 0 0 0 0 0 0.02210306647625922 0 0
0 0 0 0 0 0 0 0 0 0 0 0 0 0.3970475486807702 0 0 0 0 0 0
0 0 0 0 0 0 0 0 0 0 0 0 0.2988184812928671 0 0 0 0 0 0 0
0 0 0 0 0 0.2739161815634938 0 0 0 0 0 0 0 0 0 0 0 0 0 0
0 0 0 0 0 0 0 0 0 0 0 0 0 0 0 0 0 0.3607621031308547 0 0
0 0 0 0 0 0 0 0 0 0 0 0 0 0.2983032707220898 0 0 0 0 0 0
0 0 0 0 0 0 0 0 0 0 0 0 0 0 0 0 0 0 0 0.6715760160846599
0 0 0 0 0 0 0 0.6908237681709125 0 0 0 0 0 0 0 0 0 0 0 0
0 0 0 0 0 0 0 0 0 0 0.4978398861153019 0 0 0 0 0 0 0 0 0
0 0 0 0 0 0.05810941151790278 0 0 0 0 0 0 0 0 0 0 0 0 0 0
0 0 0 0.5606569852940061 0 0 0 0 0 0 0 0 0 0 0 0 0 0 0 0
0 0 0 0 0 0 0 0 0 0 0 0 0 0 0 0 0 0.1728504620906158 0 0
0 0 0 0 0 0 0 0 0 0 0 0 0.4980985582862249 0 0 0 0 0 0 0
0 0 0 0 0 0 0 0 0.0434501596813518 0 0 0 0 0 0 0 0 0 0 0
0 0 0 0 0 0 0 0 0 0 0 0 0 0 0.2034759123155767 0 0 0 0 0
0 0 0 0 0 0 0 0.3987661587888409 0 0 0 0 0 0 0 0 0 0 0 0
0 0 0 0 0 0 0 0 0 0 0 0 0 0.05834778807674534 0 0 0 0 0 0
0 0 0 0 0 0 0 0 0 0 0.008684513689914781 0 0 0 0 0 0 0 0 0
0 0 0 0 0 0 0 0 0 0 0 0 0 0 0 0 0 0 0 0.5412487779394303
0 0 0 0 0 0 0 0.1551218739579233 0 0 0 0 0 0 0 0 0 0 0 0
0 0 0 0 0 0 0 0 0 0 0 0 0 0.612184702862986 0 0 0 0 0 0
0 0 0 0 0 0 0.8928262434576988 0 0 0 0 0 0 0 0 0 0 0 0 0
0 0 0 0 0 0.5147135722340039 0 0 0 0 0 0 0 0 0 0 0 0 0 0
0 0 0 0 0 0 0 0 0 0 0 0 0 0 0.4300461178782889 0 0 0 0 0
0 0 0 0 0 0 0 0 0 0 0 0 0 0 0 0 0 0 0.1859398838639505 0
0 0 0 0 0 0 0 0 0 0 0 0 0 0 0 0 0 0 0.4686349363347057 0
0 0 0 0 0 0 0 0 0 0 0 0 0 0 0 0.8965435804957265 0 0 0 0
0 0 0 0 0 0 0 0 0 0 0 0 0 0 0 0 0.9989526389753447 0 0 0
0 0 0.583199428727203 0 0 0 0 0 0 0 0 0 0 0 0 0 0 0 0 0
0 0 0 0 0 0.4924809116667813 0 0 0 0 0 0 0 0 0 0 0 0 0 0
0 0 0 0.4138754894097852 0 0 0 0 0 0 0 0 0 0 0 0 0 0 0 0
0.3328901643795102 0 0 0 0 0 0 0 0 0 0 0 0 0 0 0 0 0 0 0
0 0 0 0 0 0 0 0 0 0 0 0.4827670390593038 0 0 0 0 0 0 0 0
0 0 0 0 0 0 0 0 0 0 0 0 0 0 0 0 0 0 0.2401038251908469 0
0 0 0 0 0 0 0 0 0.7348031605899626 0 0 0 0 0 0 0 0 0 0 0
0 0 0 0 0 0 0 0 0 0 0 0.5504666239174085 0 0 0 0 0 0 0 0
0 0 0 0 0 0.262120196691642 0 0 0 0 0 0 0 0 0 0 0 0 0 0
0 0 0 0 0 0 0 0 0 0 0 0 0.1065563021194429 0 0 0 0 0 0 0
0.08435023684797563 0 0 0 0 0 0 0 0 0 0 0 0 0 0 0 0 0 0 0
0 0 0 0 0 0 0 0 0 0.01653625677541485 0 0 0 0 0 0 0 0 0 0
0 0 0 0 0 0 0 0 0 0 0 0 0.07794983712047986 0 0 0 0 0 0 0
0 0 0 0 0 0.2293312744413297 0 0 0 0 0 0 0 0 0 0 0 0 0 0
0 0 0.2576257673317676 0 0 0 0 0 0 0 0 0 0 0 0 0 0 0 0 0
0.7326346203155425 0 0 0 0 0 0 0 0 0 0 0 0 0 0 0 0 0 0 0
0 0 0 0 0 0 0 0 0 0 0 0 0.302232310659507 0 0 0 0 0 0 0
0.2899453353737338 0 0 0 0 0 0 0 0 0 0 0 0 0 0 0 0 0 0 0
0 0 0 0 0 0 0 0 0 0.6407573941021658 0 0 0 0 0 0 0 0 0 0
0 0 0 0 0 0.3305768968875621 0 0 0 0 0 0 0 0 0 0 0 0 0 0
0 0 0 0 0 0 0 0 0 0 0 0 0 0.125680506980501 0 0 0 0 0 0
0 0 0 0 0 0 0 0 0 0 0.4429033411328677 0 0 0 0 0 0 0 0 0
0 0.5341606750550318 0 0 0 0 0 0 0 0 0 0 0 0 0 0 0 0 0 0
0.005241050836827407 0 0 0 0 0 0 0 0 0 0 0 0 0 0 0 0 0 0 0
0 0.4243072887136678 0 0 0 0 0 0 0 0 0 0 0 0 0 0 0 0 0 0
