0.1383546897929465 0.2901444631045417 0.6138710897412526 0.3241385298974466 0.4573601816909985 0.4441171070166144 0.8281353607315121 0.4263481542362306 0.3456988211755023 0.6749716048091052
0.2214820557335287 0.4672458239265538 0.3147656873240164 0.6268556021628346 0.8773604746948126 0.4476890001456285 0.7844574187919231 0.4569657005615504 0.6562293317171314 0.1318409750275021
0.4329815069676481 0.9093119886549367 0.6054790010309347 0.7667745872371021 0.5047006080958943 0.4980556248280075 0.8428998401928499 0.06780693434095375 0.5732722715496846 0.9427625754329493
0.5178600481723219 0.1944658095278845 0.8479393924434762 0.2516391423558528 0.700726036482538 0.5402609403968999 0.9488362882802196 0.6243367024026759 0.8379779620477293 0.007932876194523097
0.989340056166638 0.07771457033238649 0.3221295136147696 0.9461523954567653 0.008939102371245067 0.8227300054219355 0.8612116383667944 0.4398308142085725 0.2557451938059312 0.8026895196332986
0.4778620044322212 0.1343386086556961 0.9278489928250108 0.8959699670066484 0.4915451500169353 0.8567024965177922 0.4185780257640986 0.6834649001663011 0.3979906394079225 0.5057420174508104
0.1895517028339273 0.9649889241109139 0.2942156882442547 0.1034595561164013 0.1443154002290481 0.01409229419244296 0.7159456994623945 0.5644983202408741 0.7945783511847522 0.5070799232841364
0.7918210395041538 0.6957642142718394 0.7778484768591754 0.4064828689770863 0.6477706331874812 0.1797942976929744 0.321819963387904 0.1726046201197925 0.4086372250132624 0.2414187479655988
0.4069219941293579 0.9752223424373121 0.3203193258220313 0.9824909449748953 0.6363061258559836 0.375091018393911 0.8574844990835966 0.6195867393685738 0.2520330801308394 0.7928556779768876
0.4329385087341631 0.3575111673304414 0.3302769365250809 0.6973688756131394 0.2686501239062266 0.8082780137053801 0.2952887943998478 0.5441213835853572 0.4879214918052024 0.8553564125953698
0.8883864343953859 0.1843844423677667 0.585348458938251 0.8982050460171371 0.4461172190344297 0.9218683054838154 0.2789908904569709 0.6088311741937957 0.6824537097668154 0.2282057333504841
0.0137675125577168 0.4167239623706961 0.938481891856734 0.3430281098304065 0.7797442954825999 0.1747363128274074 0.3419528363024524 0.1445977208380967 0.716770814146376 0.6993076236968142
0.6884973179489188 0.2533960344862997 0.6923601216234089 0.2272975409159496 0.4246491159313397 0.3719221216676872 0.3553079116201222 0.05765480724125638 0.6316466268659396 0.7073166026816995
0.6135886945028356 0.6483127561631246 0.1699407142172578 0.1494467989388625 0.5141750435258828 0.8753327263545391 0.183953441547222 0.4628391187082599 0.4289323340299029 0.4972891859195163
0.1615107704860119 0.3424406411348105 0.2618804041035202 0.844526943229479 0.8003322457764017 0.4266391582681436 0.6070154607890389 0.14546561026622 0.5096132942175586 0.2969470857869045
0.8596509535692011 0.6715983809063899 0.633474012622421 0.1247513000691792 0.4705878794988857 0.9865727795868815 0.9482991740726651 0.6450856402604436 0.1517248710319736 0.639126848719905
0.5656621125439275 0.468665837661252 0.4280374694682701 0.5992697556580301 0.8499698885159654 0.7511210403719374 0.5793605402972331 0.9247041815360281 0.06473998344154885 0.9913465087318091
0.05299454266798953 0.1994955461385614 0.4227526616445609 0.1075088761851677 0.6236704109977018 0.04799256404886731 0.2846238810069421 0.06103668111967109 0.7035193311050811 0.668456167589482
0.3785805932506022 0.1881942600298212 0.7470048290299451 0.3403792907654672 0.7953011674056428 0.4879009391796203 0.5256694443509794 0.02849084949156722 0.6442320198790318 0.3506565024321674
0.2292050272920657 0.4338833762117006 0.3824674572709176 0.4697890400863602 0.9794833541798064 0.3643780703682304 0.7744101333360395 0.5527675965498925 0.8891310891074828 0.354952851149572
0.2455186801865075 0.9110192396569683 0.04353426375776537 0.9507534280610023 0.5564069156709253 0.3763632166870875 0.9950523223391111 0.05836264614763165 0.5167063597676121 0.03109707545554785
0.5711757391862334 0.1804685089951156 0.6309592003395305 0.9809236757505815 0.8749025512123809 0.4518362494208706 0.7084608700517172 0.7774687500031893 0.4948430841825636 0.5285334901775651
0.1507843983721926 0.3693999256119063 0.1422212530727867 0.7268937533445626 0.4770129944022632 0.4488788367067655 0.8859979711653513 0.5276187723115614 0.4090908319168599 0.2688920222126459
0.07201203516976995 0.4181361337253158 0.02575348240658337 0.291153940552428 0.5035095098483965 0.9659330650197223 0.1093829141935846 0.673041054216622 0.4999323710992 0.777098229275783
0.1436069978742093 0.08320263643587555 0.3992186053524538 0.7969622519799001 0.1916757389098901 0.767777192147274 0.2902979970618682 0.2168914876117953 0.01671558907700643 0.3986590599223787
0.3810814912934524 0.6593449361953647 0.07091840047038722 0.1526039870422718 0.01657588290093415 0.1137963564474068 0.6517892760100904 0.4026568521749192 0.3210263141673159 0.5579119942437725
0.9934604630998499 0.8344865140180296 0.6996231823995839 0.9182585891320579 0.03972870668308481 0.07033344161552524 0.4740062899880546 0.3491674129570773 0.9372520621284489 0.4895649611451686
0.5396491100933506 0.8952603657312208 0.4466350458236905 0.8770343892703519 0.2535817493716284 0.2738097041581086 0.3283613900875901 0.5475642704809535 0.2201286740269812 0.6714291710812733
0.1427932828030004 0.09410027449963942 0.8701917462053776 0.2368687035569985 0.3860040110225955 0.5715420927253323 0.52580196995147 0.07602387944210687 0.8741259355980283 0.9511356184186921
0.8125073041746718 0.2838018349468743 0.5278467961179595 0.3394167240176095 0.5546673107876667 0.9744034689130026 0.3117029177189814 0.6687966059228697 0.3259672073089859 0.7744772660150796
0.3258099666132048 0.889827341447375 0.7517077209192669 0.7626320954451107 0.4694790285599257 0.2107645024687054 0.04147507957649887 0.3218287999702445 0.03711266449399442 0.6938554113738997
0.6703500319361684 0.430471782744975 0.767788977658173 0.5360084947395637 0.03985992663545257 0.1347931179606791 0.1934163990149184 0.3356638011646498 0.05231294643747675 0.6051167805003662
0.5120610275239188 0.6174610120171561 0.432355594764344 0.8477004682374377 0.4540590560591513 0.01540351979192089 0.8730681484470995 0.6562015477440989 0.823003040648471 0.9517756930338517
0.05091238351688721 0.2350718640910145 0.0633434434563398 0.4216578860324509 0.863829145501452 0.0816239827150681 0.4731119528858785 0.1255431098087236 0.7728856021671178 0.8414221567958434
0.04329093818615859 0.4864407431703948 0.2394110441377559 0.9524737816932592 0.9438926277837961 0.6139340023847009 0.9734873973251963 0.344861343716251 0.8978507176676818 0.4345949734085095
0.2358146371475137 0.9408279632013994 0.6842180509832275 0.06491158533912933 0.8704248568230661 0.7013802946333463 0.6049268729742817 0.7323748991793305 0.2534390424997808 0.6004889552745444
0.8146191812616553 0.05411366032399989 0.130510671339266 0.8424458099564136 0.6183458693278855 0.531287810481058 0.2482907289970986 0.2950785752494959 0.8726861649194619 0.4216659348497093
0.0644302555796068 0.8969850695075825 0.2033808328240511 0.8262275354923914 0.8817706230828073 0.4867507448183381 0.5984646931046363 0.527267456485417 0.624821294185499 0.8550417213473515
0.2821394484048606 0.8837555081806009 0.5676903301191493 0.1151030409669034 0.227001165214658 0.5959823856130138 0.2394462369046804 0.1314156605374606 0.1618477141238351 0.8448725182357391
0.6021836538927108 0.9635670871883419 0.3456792132960255 0.5956250981349497 0.5989852889734197 0.6157042872039488 0.05917720718572239 0.7503171845746859 0.9482094981876252 0.5346790571795887
0.1925560209550684 0.7529259149799422 0.0073189693278638 0.3282561036507808 0.9176063476443932 0.5883673328938768 0.8551902839041353 0.6046720523491877 0.822578152523871 0.8794835234293169
0.3209863745244532 0.1229547715521785 0.7213033441865708 0.4403470868312382 0.1267357091420086 0.5898236481098892 0.03606831456985993 0.2001821164109869 0.7883011896679689 0.01209676001535787
0.3033456717085691 0.02137596108807072 0.9974849927283295 0.5820299763434618 0.2933762784860566 0.9289494618931157 0.5071194235482045 0.4546922275524069 0.5878715062961865 0.2641376442105696
0.3052882993474333 0.3716545767241825 0.2444479993716109 0.5845472661166298 0.6958461339323264 0.07194722016400112 0.9710833196254638 0.7530706558694549 0.8061631629534083 0.7516404040812905
0.0800609772712173 0.4816962830211771 0.4456729564016561 0.6724726505249299 0.4487372588243219 0.7043133983839096 0.6816453376026229 0.6971485287527562 0.6186007425615364 0.1509807332796458
0.760802456305756 0.781045822193957 0.9041029859138049 0.2337686926041059 0.1766788930723414 0.3910991231067624 0.3205646539951602 0.8154769290056262 0.6135258996684316 0.7600017523497489
0.4276650996969642 0.09944056291558923 0.1150350120502462 0.3734071317371953 0.1938477675095072 0.8207464986229382 0.5996360084237168 0.688845259018665 0.4911099613042962 0.08817368124218106
0.2350776366861703 0.461602080891622 0.1985915030539263 0.0254762357788203 0.7293976982561526 0.7249167472191191 0.3303917463617028 0.8434941260636555 0.4284424759510734 0.8646861447635343
0.6570654246228895 0.5810356574180902 0.200727488035091 0.5295466104783949 0.8944324184275724 0.304993975835216 0.8709456091610533 0.9087452728583881 0.3298445626818823 0.6830743663365642
0.8992209495659688 0.07569688175830336 0.8785878632047704 0.1908393632684806 0.8497689100179306 0.6671187886992039 0.3443391954500539 0.151375569992799 0.6353709614884534 0.8477880437147416
