0.2408941286830678 0.545234766673113 0.127374309396371 0.07478072698450766 0.8306104453805759 0.7231553381690765 0.08391169890620198 0.5575821515729932 0.5251055480505906 0.5073117292763849 0.0324047262656566 0.9603705788570991 0.9276498915458713 0.9644145747649281 0.5333820701805849 0.1266398947125106 0.7322891006498334 0.9497328198987584 0.2592660553402411 0.2837685977286952
0.4470564744583515 0.1586184165903415 0.5685813927379626 0.4495327068392287 0.8874231978458674 0.2148314880583476 0.1679499691286742 0.495633880851221 0.5166255137637437 0.4061961037134472 0.2367964169533654 0.5363636574842151 0.9621408286120208 0.2564356381375154 0.2831898000063916 0.03146488480697807 0.8761053344032355 0.2743846281631023 0.05976241619416256 0.7520524443662809
0.9291890991946566 0.4239309673311623 0.325106121939176 0.6888243989601663 0.2070594562344088 0.5515181117236185 0.4945347468015946 0.5873593829160285 0.8352404644652138 0.6841282961300403 0.8823872657575814 0.2793550465235513 0.2499557017836408 0.1881119641235331 0.008355007642831702 0.6574561492135056 0.3718170334220691 0.1661259580306398 0.2591786238068576 0.1825024964657564
0.1780724261466023 0.2277682096827288 0.09641053997371796 0.5441050820438982 0.83619589815808 0.3466401247064954 0.9125999166272079 0.6839193120218606 0.8260371345639076 0.9248542679035265 0.7189455516790454 0.7704281392645873 0.07401755942587174 0.1886853786224875 0.3140515915501577 0.3343902642550874 0.4653049467878513 0.09525874393004141 0.3442274860795362 0.07315795152369642
0.3234141223659931 0.6615006869469517 0.002921116084913855 0.2843635509180832 0.07284644990124289 0.7107620299489312 0.8412679407776017 0.9783305417734778 0.6171676841772428 0.2248999233548449 0.2283111021473324 0.4935267607573623 0.93134652983935 0.6280560581742833 0.1814000585299013 0.516009316529415 0.4091226837909259 0.8690684440325837 0.104415600034904 0.2176274468012884
0.7593284932865708 0.9732461632023665 0.8088308809186111 0.5704327575985553 0.8096060188673314 0.3786382664867868 0.239808007588282 0.4423360539198953 0.2930455830388277 0.6443591425924556 0.9161241328126489 0.6713966514314404 0.7837309748996047 0.9199023407271345 0.731978521112057 0.4563333723360153 0.7421956122728803 0.9905888441287513 0.6738550174476206 0.7271356675782584
0.1353320258134086 0.8173445528432612 0.9291784069415743 0.0829405363395781 0.9222134323115989 0.7600126664789518 0.2526741824389922 0.03477964518943821 0.5933300164559482 0.1399963354786963 0.8806386491924056 0.6434804426873316 0.04118933360457244 0.1944123487083134 0.6245131675211257 0.5266523908189072 0.2902568661506205 0.3951182349760033 0.24656769412083 0.9983891703415115
0.8832948458238906 0.7409701157941385 0.2465379784733202 0.08888120842337155 0.09613141102702527 0.8814740362012751 0.2239122413323162 0.05503571790998807 0.6087485331781241 0.75404022833511 0.9055363370121482 0.4840271702766707 0.7185444812760777 0.04684219732037487 0.3045407337895382 0.08715254889230251 0.4003369760147595 0.1993561424597754 0.4985368604250388 0.241791271646959
0.1912727811311378 0.6017856499007441 0.4806060033773267 0.3815287141758411 0.4190123523293684 0.9469573484342344 0.6112508123028166 0.2017979519130881 0.2667868141308282 0.2997065972179737 0.7114624335279678 0.5095173680553274 0.2126175372399959 0.5805611960059336 0.8757200102394087 0.1263290861705449 0.9924537062192105 0.573311197171673 0.07551521850905185 0.9246987763590697
0.6613010100500327 0.2583634177343659 0.01131178271087219 0.8278301993124763 0.1968104323061561 0.9103909152004883 0.2620653263238371 0.3075370312298976 0.4290023201398968 0.849519874954319 0.3763091183825357 0.669082851107643 0.7311857477818178 0.8946690305724484 0.9385261649051004 0.872351151222521 0.4525494450897796 0.5508338718351826 0.5774219542964404 0.4855807291251272
0.9140568672868765 0.7863451487396721 0.0933273473926316 0.990932510658469 0.1912609559095607 0.2693911400951912 0.1511846885644675 0.263517884829504 0.3727637702013268 0.9738872079220462 0.1669284017983498 0.6101832912483096 0.4478852544543116 0.5870271654668652 0.05364939975316674 0.3093301779494166 0.09091131329891811 0.4634484736889161 0.8919864503132323 0.8213848510355719
0.872154526528884 0.3995965735739925 0.5093378529558674 0.25720613444364 0.6069879796726373 0.4463112220050854 0.4964064072051322 0.5409630623332463 0.5804621859143979 0.4646610795770505 0.7984871732146769 0.4092339526958211 0.04363207877628938 0.8334118466001776 0.4847911284706738 0.4784738559508399 0.1768341508277255 0.4430033880737042 0.14347193193665 0.0412377966395393
0.9631627698646282 0.2619513113454489 0.1360987586662115 0.6880564073000893 0.3739311236287601 0.6230799392730494 0.7064460160477506 0.6621093963120006 0.2269135335695319 0.7833730242472005 0.07096983328542261 0.7881427152322188 0.1623454131224327 0.4050096542843151 0.006197835088158077 0.1628522422660864 0.6778588866709405 0.7501441397183898 0.9101918933977718 0.4202256615344855
0.6103283997656216 0.4920427966051907 0.02540849326256922 0.448274728519923 0.6894498373314135 0.6768729275094748 0.2934353261517091 0.8774754515130949 0.771223712697792 0.8537215261441211 0.9371519027358591 0.2350039213562904 0.7172848789547412 0.04395249069589824 0.3036246065035826 0.4830484832154129 0.364420337192048 0.1984732407730043 0.6986843282186871 0.9253021153103479
0.09985798651762134 0.2301376379151898 0.2848465186547158 0.6679730565698023 0.3866169816311252 0.7655976188692937 0.09564634016769058 0.4601804392066485 0.2926151860810355 0.5134156398751205 0.1357454286331211 0.445997350969056 0.5163879513350718 0.3442062818520396 0.5546517339646851 0.7142907747913155 0.6638799157914297 0.3556716080501142 0.07657890780519527 0.8336720214244345
0.926244564077045 0.2341631828445843 0.001523738687215559 0.4796369792893052 0.615341740305303 0.6528463732468122 0.6035595881515029 0.6786655398752502 0.7332451695817827 0.8434108289329356 0.575121117753293 0.03332526756789811 0.9326365328755489 0.4172286108107842 0.4672084488127666 0.6190639188833564 0.2764575500931146 0.9094220352308914 0.6579034480494926 0.133490249693908
0.3735129920121953 0.2132426602297606 0.4433255180114584 0.2062730183314919 0.09791489442854306 0.3204598758337012 0.1344833920264629 0.03502500951191989 0.4983936325034358 0.6046325859692017 0.1964706308763606 0.3505251208337864 0.4535643450100959 0.2528381108816102 0.3380289716606186 0.260846534793831 0.6626162082696256 0.3894353376286117 0.4657870369805061 0.258975395850087
0.5788943789411239 0.4156538810578809 0.4571833892666132 0.2095637724025218 0.5116903925936255 0.4210331773153676 0.5381632580574439 0.5155279860243125 0.7123161745919073 0.3454309952452652 0.229241199276342 0.9189461864386455 0.3940835502837722 0.8151452670136351 0.8804902650491657 0.6518924970770741 0.7674755011029238 0.8975331313328806 0.498485948286592 0.4217582881205391
0.7285422586204782 0.5784437905037615 0.07011249288607002 0.8070603145468112 0.2020445554980828 0.2150087077147015 0.874289947815969 0.8102329141795535 0.7871554436448561 0.9784768991338926 0.9357459975076745 0.1293159357138289 0.4682507494680125 0.3041648831534062 0.89048764733644 0.1373129705470222 0.04797245380479886 0.9774604777956422 0.5648625428776286 0.2848837841604935
0.3318051535229144 0.1383832126999179 0.9912665551290658 0.8707143169297852 0.2416473130715017 0.3324402340371564 0.1654147096433973 0.5130333903215054 0.9797185274255313 0.596276924083877 0.6644619288009846 0.67117398675162 0.1911182137258989 0.2408845627393442 0.5009113038006135 0.46694601150973 0.3240942896835108 0.7200336661063669 0.2759673184017239 0.8955849229917112
0.1227422565912266 0.9216329510067545 0.1035167383256406 0.1929819618310016 0.4523451426296146 0.8823488821319718 0.307530475654586 0.6574243877338497 0.3389335441622203 0.0161384533314608 0.6244287618395765 0.2380692071637774 0.1945361142668092 0.8088527764498318 0.6173503510292859 0.7954376224483626 0.2653447425425626 0.047177198664063 0.8534522894880278 0.764329441079809
0.004500542865324864 0.699848764433042 0.2416597780673676 0.3596742414781787 0.7807427867340205 0.9865164557052445 0.2455629745401671 0.4674996114068974 0.4003353460788692 0.5582606212167108 0.5292646201639755 0.6580268533575649 0.4967293863941422 0.6853840204710872 0.312857380141405 0.2143764617536668 0.9071769906307039 0.5576028151651591 0.02901727791658693 0.1219660596618368
0.6813982976597366 0.808710348041527 0.8234806294798234 0.4330953252053364 0.5804301358574709 0.8075644275610733 0.9575834645777276 0.8797507965575683 0.3885108064996655 0.961483878099298 0.1370480867970729 0.9087384636360185 0.5213115588387742 0.714887735716461 0.7846707420929051 0.3346802560631225 0.877685331511859 0.2580110213534964 0.08357462314096709 0.7593707565905592
0.8950823456521622 0.9264478125375404 0.3740715334496697 0.3414609637022735 0.2556867691821987 0.4707924786413896 0.9671740713484351 0.4988659533288236 0.2390740922600528 0.2079148043534312 0.9267090797416256 0.6879333442809035 0.704781722452516 0.5888967669877716 0.6187262568804064 0.04599770071399423 0.3561614111691661 0.07975906682496181 0.3257713183784087 0.7105686774063805
0.07247765377073612 0.8990082698389253 0.3543102100276792 0.08977416972655772 0.1004768636648137 0.1469733771713495 0.7048051132484099 0.9431402423755186 0.7605406651854487 0.3922077581715807 0.7678140699984444 0.8359301374402913 0.06147765649610637 0.3105471188719584 0.7422788517388064 0.2604268998625031 0.9105290354969106 0.2422496851275765 0.7872460006073516 0.39894311656977
0.8879597855333348 0.2881286712148076 0.5763938372408136 0.01537380626861351 0.8051875322387861 0.03356415406227775 0.6409103061684498 0.5636478114991115 0.9284120773735279 0.9191136145500624 0.2488798077132758 0.2655153645972191 0.6574265806142557 0.2822687127010274 0.1758226641294838 0.1726300455773294 0.02787200061586792 0.4670869312013111 0.4885627933546557 0.4237120833684469
0.9883661900343331 0.6435355840206854 0.5622537758820659 0.08645663780423196 0.4523531444065513 0.06972368205708623 0.4871561275052925 0.01559032643854419 0.1415266311367464 0.6189293092638943 0.6761517719312126 0.6037248090546697 0.2509746051897026 0.06618577268324188 0.6772749239141002 0.768339628425048 0.1192750148802932 0.7395614932045437 0.773188313177355 0.1099725366889835
0.4864694084518384 0.005724992926462225 0.6259120488170994 0.8589844546773492 0.8601729369162051 0.9372774112681551 0.7838382805185339 0.4320387070423012 0.7740182100041662 0.9835552877477102 0.3672515821935051 0.03589498568936678 0.5077410534473636 0.3524993722162881 0.176061981166925 0.9343020803656154 0.1196180709606416 0.6542607316258888 0.168729472262093 0.7964376682605138
0.2581055495597943 0.6980070825669781 0.6278937000325981 0.7157976970635141 0.2508296474668449 0.5040243699956519 0.3421341332062652 0.1802994715400545 0.4755068463344896 0.9121232329494712 0.5679419535283431 0.6308898924471565 0.549249660636866 0.04502996896172873 0.8686672252963764 0.124793392859733 0.7364078059456743 0.4517576435567322 0.710274560860654 0.8611284558490331
0.6965717274019879 0.8539029461348109 0.4870699956981471 0.09179759931238574 0.3785902517495715 0.1914177301821054 0.7635159854409751 0.6953709280676172 0.5795298659214495 0.7688411541865142 0.3693641017285521 0.3691768840705135 0.7002094621529893 0.4523030750321316 0.8119157405194075 0.1546112042885265 0.5898564389594581 0.3735683355415079 0.2470785943290517 0.2543298582187012
0.7437471739746887 0.3288645657213185 0.2279157800971554 0.9053566257526875 0.4162943361170385 0.5343963731173853 0.3720605448643669 0.2338566822596874 0.102343527185936 0.05518210996913742 0.8728719143734955 0.1729699088785902 0.5389516687769176 0.9787241639301458 0.1673297673771649 0.5957635516194867 0.7513657168706862 0.07988705260833662 0.4527272242724262 0.7918273984881058
0.7217788399522224 0.6785646129308514 0.7666892946800224 0.5821025229541414 0.3748969435509247 0.4470934712985087 0.2804263408739492 0.3392557033352153 0.8801654791901637 0.5363498380936915 0.07374409621374967 0.6722680578174857 0.7297565509739476 0.3956095480140374 0.3475340085057905 0.1075325310399883 0.5466295105395328 0.2628224154928708 0.918016674954753 0.850645309455236
0.6536078632026771 0.8758376884740972 0.9689104709978394 0.590786894828576 0.9801317169060402 0.5492622666816462 0.2935955763823311 0.4912367418344006 0.4050863108463099 0.5997757946956921 0.4806974898032466 0.2867027835519399 0.6251881469019157 0.8054007311786807 0.07874771779453926 0.4236233821341041 0.6450020347028873 0.007283840940575104 0.8756890887486343 0.6940210321020192
0.7497687743941555 0.5232953788712903 0.9754667830492607 0.1530860268444331 0.9558163901649668 0.9955984235097057 0.07855342793849518 0.3368844208562746 0.9927436186834405 0.4267607295804955 0.8233484480591903 0.2881156282913867 0.5120943151741281 0.4661042595553982 0.3329429983920498 0.5270817803787374 0.0805114828331448 0.221195181954957 0.3359591044918179 0.9688741663773546
0.4407543860772529 0.9613130719949501 0.5736180839074043 0.04661560181831992 0.6587139737365308 0.01477381893510743 0.7424713487296055 0.4207045302533144 0.533884695958653 0.7888315492198894 0.9055951156372648 0.9868783221108338 0.8020764615327941 0.002542614430091406 0.6000853846077734 0.2888460270887538 0.70971574285949 0.3055437933528548 0.5558672622286347 0.9180691983203927
0.24787027257126 0.1118413806611431 0.5135407761669325 0.9137158477833915 0.179238307062472 0.2558784303517144 0.03399583060054878 0.01537174514815054 0.5422187455541732 0.8553602884012366 0.4465228138349502 0.2356371485763795 0.9365340498271237 0.6192088794612325 0.8645761611211153 0.1281133859202954 0.4412383808854438 0.8575539697118959 0.8981936146658955 0.8772638912170783
0.6254719988481422 0.758111821764701 0.6754983678371235 0.8451634800447989 0.6324473866739604 0.171889751776639 0.6505199913943127 0.4553400200882426 0.05885064160671516 0.5358628137388413 0.4392921507274832 0.8747264144079321 0.6607233018499858 0.2607881189080359 0.2167654553860252 0.0973231635762587 0.469144138635046 0.3497996960784708 0.577349027972851 0.05694199264469557
0.2499172270996177 0.5122945734774335 0.3759581877755012 0.6269019590533015 0.3732199330317237 0.4603131342372843 0.2342155333901063 0.2995891718545199 0.1152843499954189 0.7724393790009491 0.7938829391649324 0.04393585291182223 0.1609612760527691 0.8028577378768066 0.9104767471519077 0.3691907943329988 0.675310481990086 0.1899937054565422 0.8712323198736409 0.824706322718061
0.2500128913860611 0.592849455626123 0.7357629690964343 0.8838437231162374 0.4677279719841005 0.1346207968926314 0.109395120931258 0.5296773352894121 0.04928857229924299 0.6208959122846491 0.03332820495493094 0.02118370337327025 0.075209282712839 0.3680285601226393 0.3817523265483873 0.7669701368924509 0.845946732392701 0.7272007910424275 0.8844331842097144 0.5749024901609613
0.9398843251159421 0.9067893609551135 0.4484368437127692 0.4797261015151527 0.8566592782335984 0.3984061121370294 0.9419997748964922 0.29331195815754 0.2590074307095809 0.1089280340469312 0.2470434138712426 0.5377536414121011 0.9802373820877646 0.2077297182625524 0.5470199859158403 0.8783905355281972 0.5896618872645378 0.8352761809916889 0.2392855216880524 0.07307972548114217
0.9529664037606983 0.1123269736086289 0.8023964957677046 0.6510150581792128 0.8651141441951464 0.6297495653759271 0.2981782895660451 0.9314819386653588 0.6923020466284481 0.8766367718370163 0.8154922919187331 0.1360023212582425 0.6994124289192566 0.6810059931456934 0.7557959567843937 0.7996506119958293 0.9414460716168356 0.06514725420746359 0.5086150521355883 0.499656979018488
0.7007642164615409 0.9956033740392188 0.9079811812594617 0.296887127983216 0.3357545063795787 0.8201707044740474 0.3616136850372544 0.3253749761116909 0.4447038029666249 0.2771205991767954 0.7490052515109219 0.452675835005362 0.1639235204613816 0.9904607623306194 0.3379972833287525 0.3017591196585463 0.2253261414059221 0.4257438250228869 0.6951205220535861 0.6024065497518056
0.1814609241177507 0.2645617472814543 0.5982501085607125 0.8580467227304531 0.4129161190211678 0.2158481730301561 0.3233884400328586 0.691690433446191 0.7009487826238057 0.2233505775012686 0.3964956395736935 0.6993299077371101 0.7205749410774349 0.1305157467339538 0.6093740315509157 0.8860666670843835 0.582361356392866 0.3072089477485294 0.7451404231337918 0.9776968318462774
0.9046236940863945 0.8716031748093193 0.0002922485305991707 0.5826162557439158 0.2627199919985256 0.813005789775948 0.5234786316084248 0.8939002750406869 0.5237449532598172 0.8911351437722049 0.4497214229653378 0.5614998437602411 0.8124845444902065 0.4031717586021577 0.5686681984278915 0.8984612779316369 0.4846226338443304 0.5905891353845958 0.9363793832241536 0.883251597100688
0.7577192717193745 0.7112309949296435 0.8191950949303198 0.106081804803062 0.3810333193799265 0.5457904896773701 0.8585093964804711 0.1464023569449839 0.7140395284959207 0.5909671410844828 0.6087199713620096 0.372618837094408 0.9158222246716502 0.7139051167544834 0.6682994134920214 0.2214653569167538 0.8128751801204821 0.4958543106481438 0.5083709152379674 0.08473338032390232
0.4372681526388861 0.8632012456746356 0.6802363959759464 0.1894247537883584 0.5840733015546485 0.9440065005304467 0.5074602582835304 0.9674024339684295 0.3662670278015995 0.2907489017202275 0.839850559410055 0.8697251334231622 0.2016662451457522 0.7194519874718599 0.5921065629808115 0.8945115877841634 0.1494457991528414 0.763027182548487 0.6899552684312221 0.7950157844239194
0.4532874933080466 0.2284309181314204 0.286054996005954 0.3043029187013453 0.8402671377836213 0.5371576144810708 0.5635839602910175 0.2841679016130481 0.8341583133911769 0.7049307567282705 0.8781395612990752 0.1315266756423825 0.8495978363040728 0.05211235841962458 0.8771288849977125 0.2397415022072316 0.8856643552449998 0.3793099339363696 0.8429173472450983 0.5396130230174964
0.5641754518407447 0.9840212970814922 0.9637475283048125 0.1143243226593084 0.3641479244127198 0.2505462584583212 0.4482955907170084 0.1263529221663817 0.5115682391051219 0.8655821898741497 0.3523534812619125 0.1556404315223701 0.3072611520917787 0.7428745539959232 0.09127636235284264 0.7355817107232402 0.6139219618958283 0.7402587484394133 0.009049725767383721 0.7204726429554217
0.3205842513415481 0.6329719964136755 0.0538366809236025 0.5564342366455218 0.941598133016749 0.3200857092826654 0.5227366723149471 0.4077113602180464 0.5696532449153624 0.06831864075993743 0.3618802923095094 0.520658964468645 0.08482446549768952 0.4676468295216112 0.7722296784102041 0.4430034101972765 0.3909262921357285 0.2728764632085311 0.05185167392258605 0.7618216676491758
0.4857789072659439 0.1613467011952083 0.06607856053375494 0.7579004614267006 0.5884122520625269 0.5587647814600812 0.2063248847153153 0.5943405910262127 0.9342125737199418 0.7254790536230777 0.5865984731102063 0.8652951689921895 0.9965689461711925 0.8651080897412484 0.1791825368146163 0.6946640925049999 0.2962312282716468 0.05953369487627591 0.1080436563200474 0.7627937776432221
0.7654969604694121 0.3081727716820197 0.7353778827811243 0.8121984030110777 0.2366943252343628 0.0628237302511373 0.6220440689531128 0.9439377634177947 0.3476609637894773 0.4336262647732617 0.2772268038656586 0.6920736559979308 0.1835949544928429 0.7321125539479336 0.750295369465304 0.4550716094385795 0.7540281759798863 0.1550107981943643 0.6605188937746085 0.2939112986307268
0.4447639083627835 0.8318974486816986 0.9005117731906158 0.318277757182466 0.1790820168404911 0.4587413472309088 0.6789809335383882 0.414421162986482 0.05651935509139339 0.8540270110679247 0.8856219085188352 0.888237760139903 0.4771966465839834 0.7799670136275508 0.3992193213317781 0.266255324504438 0.2710856518753573 0.6471891787778047 0.04025540391379612 0.3844139145349698
0.6829276670149604 0.6936363096727493 0.8700864875082074 0.7815463993013263 0.1764513054902193 0.240524011415837 0.9432231833285726 0.6653632326054526 0.2645872766328218 0.1701244744666462 0.1480343992880202 0.9099691189537396 0.7761598846343321 0.2880678100378886 0.7472521863850478 0.8625645648951719 0.6136758643408921 0.9394965816601351 0.605609131243537 0.102287370452975
0.9893840985510547 0.9868155988241668 0.9007511246513878 0.731792616301789 0.9636199666556592 0.994309621818079 0.02075815406427806 0.1643292068114658 0.8847136230688427 0.1166654834651069 0.4546625381006424 0.831346837723506 0.694240662190999 0.6952562825172441 0.5786597265216702 0.08383084695768273 0.2677377137599485 0.7632495910437403 0.8740036010333703 0.4992231767395388
0.5786405665389719 0.6270826687270853 0.3851156684901741 0.5195682853836227 0.39181628424737 0.2528184171411649 0.5703046216771847 0.9283271088354101 0.1674076229629289 0.7608826738992962 0.4225237974981381 0.5906805831633479 0.5982094328985703 0.01608087611532794 0.796671351107351 0.04765157069332104 0.06942598905968933 0.4580276106052042 0.7633602438693028 0.864040212993951
0.7079274706565674 0.948017217756267 0.04699359582705664 0.8739888928988405 0.8079848703343491 0.04048856051664296 0.8207603211621884 0.5213526009448098 0.6460526061851638 0.525532781180034 0.770141428009405 0.4424481876789325 0.1066014124309226 0.7648969651417727 0.6856166269173501 0.7865165584977463 0.8243425341771152 0.6645874547259285 0.4515257944754199 0.41282188214939
0.4181265981259769 0.6121838642252089 0.2935821074382389 0.893662710969841 0.6977810746265278 0.4270480941778715 0.4651675574862868 0.4946286343827063 0.05205704894733987 0.2821767494862436 0.08767691946819145 0.4258112816650828 0.8225549305568123 0.9583441499704872 0.5364913945180284 0.3616480507924106 0.7964992354085698 0.9540379982085521 0.4939518325443375 0.215360352399554
0.579631986410803 0.139337919138372 0.7963781216340121 0.6743945106994327 0.7830901487470074 0.6630480359061843 0.06930348571767408 0.3836814501284154 0.08358344982493149 0.9098359324595081 0.9608744400722711 0.8700174304845105 0.2911809311748813 0.3042702307835086 0.6314951364278304 0.8637201016966318 0.7060314117156242 0.2713250614102241 0.5007088082803884 0.7952663588214224
0.6041817302632296 0.3858807406271493 0.7454605927652009 0.1369374080221688 0.9932459005191174 0.08394226373545777 0.7926256761204321 0.229865458470202 0.3790347769556738 0.1463620073363037 0.3735217076317687 0.02542121257144359 0.7843969654825659 0.3403350146843725 0.3464193056713954 0.6572564284503439 0.9803854125032107 0.4975703095743796 0.4001315142355295 0.1158619825137996
0.2145353216170146 0.3164678920847652 0.7824404391932682 0.7927166448987595 0.7751228342470052 0.6746638682713744 0.05045973958001015 0.05537602440762468 0.414469154039278 0.0499446067220799 0.195695695287099 0.01492746763076958 0.8124376411547968 0.3347682893377399 0.2644070344591447 0.01991395307599786 0.03127672090248268 0.08675079862351065 0.4730929466058087 0.07672607413255617
0.5781838477778525 0.6910305593920195 0.6746589562922732 0.02268376890063473 0.9278338751964332 0.03708435130908239 0.1824816744389048 0.6008214624847528 0.7643509738558905 0.2319059754784596 0.8023057629577969 0.9542026653538805 0.4928241530958246 0.5627898618575966 0.3865407130450131 0.2793324231782626 0.1952597805456352 0.556032908836256 0.7987680286728773 0.875672024313812
0.03933493620086415 0.4426966821507843 0.5008877605064017 0.9747047024532185 0.2918398992132735 0.8474268783113724 0.8503251225338829 0.3945718729596589 0.6288007974533797 0.4150510807026275 0.9128833217441716 0.8922783313938686 0.06076735595804617 0.02495330063347223 0.7092486868518447 0.0311419010535926 0.9400210788978919 0.8669872924269909 0.5786637771836179 0.8222399382591169
0.6172276417522594 0.5136776822489254 0.7004578352876077 0.3328858303082941 0.7495673237393456 0.1610072650299537 0.0753161402226814 0.07616094141977092 0.01468510621501118 0.9690245096919077 0.7360692931471183 0.1681899199312358 0.3348932758431422 0.6223607534220332 0.8491303009206209 0.6103918527928167 0.6383653827215178 0.1913775100212327 0.9325566583045135 0.6582189373533491
0.05298639393223981 0.9440730415782838 0.1019548136234879 0.5823098271681464 0.1931643177870687 0.01568225906918874 0.1489767092728925 0.663287522165123 0.6582554374288696 0.6028933587347766 0.6562403404382602 0.9040322699330269 0.2560669416159301 0.9162930968357583 0.2627731261676473 0.5265088236665662 0.5556831676851008 0.6677560951497742 0.208830839569333 0.699438035236725
0.8908346140537864 0.6853129482169168 0.673501070854165 0.5725359175518312 0.9075538035005113 0.60397208572897 0.4463996217683722 0.3991345346054886 0.07074655154800358 0.9481572646443437 0.09649925428260453 0.6887367098139483 0.328669556562865 0.2607325978795548 0.8340910856697153 0.320149800642092 0.602196908454968 0.7934036759885071 0.9112906090098597 0.2699152767295416
0.752568635571103 0.7578668455160052 0.5011904436337066 0.145502841235065 0.3954707255549486 0.1377407238030784 0.5873486765585741 0.221908236599183 0.6791563522694763 0.4716079390541392 0.9136693258867599 0.1718311708477809 0.5344184120599037 0.8625825993359267 0.9945607893457441 0.7183367605439916 0.2563507550150266 0.3488134465372306 0.4209518983893945 0.6228903585638816
0.9253251005680233 0.8040576807201593 0.01840978329377552 0.3492769942999392 0.4664534567604566 0.213003787552163 0.02292032872864236 0.7510082847435278 0.6907128452635363 0.1127965931538389 0.1295561619645572 0.2794658808057683 0.2554133170811725 0.4635197226798871 0.4212268654152771 0.5843518950103926 0.6535531717476737 0.1987370969165954 0.5101682585706568 0.566012992260875
0.3899885797214722 0.8486038517812524 0.6069709154188357 0.520376267766651 0.7363748750851089 0.4350003701132017 0.6206626478370658 0.3558885504672715 0.8847498590941607 0.9399812224437845 0.1550893941781573 0.6115870076837433 0.5549530925618095 0.08122209974519468 0.9585695401957656 0.5013833950603124 0.4998914792095386 0.5444170306980659 0.6879023040182268 0.6771329879629209
0.3487004278458262 0.2131099715649364 0.6076847897734298 0.7741147317973058 0.6173208585407255 0.4666152904198659 0.2752635276549329 0.1057381699986421 0.3906132941110118 0.6922433588118945 0.0483484437982693 0.5650797141842409 0.05593663130802962 0.1410255335653079 0.5057109473481876 0.9501251207423236 0.00809394213571335 0.3833028251175725 0.1401526874495209 0.9144922246771787
0.3774747695963965 0.7200494705299308 0.5379326207019716 0.4351565174345037 0.1090336171155573 0.8706415127901361 0.1626594178462385 0.7588420495194359 0.6356855992737634 0.4582213610648036 0.0515279388343326 0.3072925547573865 0.5292337361781636 0.4687560515416405 0.6271793990294697 0.3089605021963042 0.8977595893792806 0.9544268170096072 0.4202048530929864 0.7073724858993311
0.573237557693589 0.5720183226428848 0.2477835058121213 0.710733317845767 0.3233528284737635 0.9031191349651434 0.9242364080480108 0.02734563506022314 0.599285938022783 0.2632793594357217 0.4613547110486304 0.3315552387637419 0.8931264169442603 0.2089985888592012 0.1808894548158576 0.07159580931071108 0.9988046201233773 0.2055391416313933 0.5089986726933707 0.2342386172326988
0.336864069419235 0.4236460229551622 0.353066327609702 0.9715386500192773 0.00137031762363371 0.9677828506787262 0.3472809299836018 0.186881267634758 0.254281099444765 0.3622137488926229 0.1429463835100655 0.7269624239258344 0.3859948246468777 0.363266282405475 0.2239352555471598 0.2600291563734193 0.5460715101370474 0.361033962572001 0.02219304858870708 0.3020831388151083
0.7359072221057251 0.6710781988616527 0.6167315661992062 0.1708121691291775 0.7063268353763845 0.1099196397763226 0.8627393931189714 0.8011851036935267 0.3807635448555242 0.4504427397075704 0.9037591096906072 0.4607587587455697 0.9187964562630467 0.9804428546829809 0.4028095330552364 0.7450813821223942 0.8525095204345667 0.6843622147966396 0.1591796631306275 0.7903543109010337
0.9704095763086664 0.8433396239099296 0.1332624291469836 0.7252106233040385 0.315610683335925 0.5344990574126928 0.3512955131261637 0.9595736167657377 0.01702848077601016 0.7306336617137393 0.551579844681552 0.3911554440352554 0.8565041195239472 0.03425322831467559 0.7275257773475599 0.3644528537073145 0.314763293866147 0.8527254504122875 0.2744630314240579 0.9225088474392253
0.3395331833104996 0.2555886339697574 0.6900291040980334 0.8698152465603034 0.6577525694400063 0.02755673568107708 0.2092692288510363 0.2870744818192863 0.2741010013483325 0.9223347999194106 0.8351664600807517 0.6913888036826621 0.3682530954180367 0.07058150256839779 0.127767164116831 0.7299931326541521 0.7573237630805307 0.1258922502756777 0.1439242390967109 0.250439376848648
0.7966397288226004 0.2167612553149636 0.03685473268892481 0.8212847218809515 0.9888421025633305 0.4643405933514301 0.6614424174603387 0.2823910767317716 0.4605352746441198 0.4687100184403113 0.3247213117231096 0.8106264010128366 0.937345083478119 0.508812835975236 0.4716388331704813 0.5158477219466986 0.7574636230444108 0.5407064222375032 0.4696441829662421 0.1609965391987551
0.2888849307528429 0.8710267670217317 0.7868381854753422 0.9295262854654354 0.01808713806633555 0.4905710733054913 0.53086522367045 0.03365723881619831 0.7238051634000755 0.6955256377005602 0.6485235847831259 0.8958178057048904 0.5641930002333498 0.8691465674708797 0.226244497729835 0.8603962526356258 0.3648376627688693 0.7424081562032481 0.4685937301770592 0.9400825167756253
0.4744026493592333 0.8560592098589122 0.005021797239652126 0.8831921063722592 0.264836996194848 0.6867225749118102 0.8374571697081525 0.8604338089907704 0.3194513924321359 0.435295465295551 0.5090716440886448 0.6136745469962936 0.009161859281575646 0.3744353103875157 0.2801445906753792 0.2999598008388511 0.5228698564002572 0.318679595683565 0.5425619305476803 0.1793425915699357
0.3584121098178772 0.002492861587837125 0.02086496770855573 0.4537851659703485 0.05589809068230411 0.435001938702452 0.2873930333020327 0.1975318088446104 0.4203007728283188 0.2071087371298959 0.5728463706686462 0.1404411887073078 0.01663251260214926 0.803898622020068 0.3933914815966317 0.2486873956710687 0.8077280066423966 0.7107195691786354 0.6211529916099943 0.3446449557698424
0.6527348327052928 0.5152669500204691 0.8696060437069704 0.3533484084184995 0.1987233937182431 0.5978292103549406 0.9076013976397139 0.6233172839743037 0.8010526820539835 0.8180312147482136 0.7329565089637685 0.03718759488427459 0.1908969488374714 0.1725028056558371 0.8330863548042877 0.4947807618977887 0.7895079826814835 0.7069484797122862 0.8246837985678089 0.2408466993778486
0.5790266306669276 0.5776183017673304 0.7015655132494922 0.6034323877968109 0.2679701246608893 0.9339729214312831 0.249934907847002 0.3858982845270045 0.5341142738837672 0.807350878447844 0.5939622223315547 0.7841015939543337 0.02210724339758241 0.3693824811999107 0.4885618718659305 0.2588567479438638 0.5147847204566774 0.3832322325786237 0.9348324469413731 0.5278116993606131
0.4471372899868558 0.5885686303774014 0.6140170224245857 0.8057771575765568 0.5313472637236927 0.555845012531777 0.4742986408986755 0.9247173976338062 0.6450506434171852 0.8753107924753876 0.6939840515508607 0.4391727403958967 0.6354958611769375 0.1553570556171349 0.1946699047388004 0.6880500673719192 0.02867745457201809 0.7073707344180131 0.6845975033040609 0.2769947903818202
0.1130154831557318 0.2164074492920531 0.6705833787382838 0.8453369048976332 0.1075209848803899 0.06108746994312997 0.3842793930204271 0.5681049559816683 0.6366116051959141 0.1987982802403038 0.8415638553478277 0.1302111600192297 0.9329142841287408 0.8710684771412222 0.9297975283457188 0.1570339500285372 0.7559930956058616 0.5626344921171699 0.4391331060036795 0.3038732307396972
0.5253049968141581 0.3662083489498134 0.6023870539666129 0.4531574833688609 0.7224550129230656 0.2497713239736643 0.0840384531312458 0.2082236363019047 0.8990273787410059 0.6266372981526204 0.543631344868887 0.9279092767789597 0.8819434504480111 0.7378326611320405 0.2610951997559222 0.6035772512555067 0.4976021400446726 0.9711102734169486 0.07157196686619571 0.7420465056476834
0.9264701842533932 0.6517356566210931 0.9304203355226558 0.4553665350163897 0.1108712321174387 0.9579374210763208 0.10449455720482 0.009946327159791601 0.4543514877527974 0.1560623037121692 0.956160248315411 0.02818874321969778 0.9369931948829795 0.05904650893560515 0.2672062433008712 0.6786420809173314 0.8723491048546776 0.09238754145936334 0.6864365243737761 0.9971895988742812
0.8377024411380379 0.3621858493978167 0.3394175173310443 0.4495036945701983 0.03398671463746161 0.1556067653500702 0.2856474139364149 0.1594151573563528 0.8647271678628162 0.5728679796155559 0.3174508588205975 0.5876421369047721 0.5461935603282095 0.2540630604451751 0.9812568181540632 0.4512234798269754 0.2899651645645457 0.6920984689155704 0.7654182788179712 0.5189484918542713
0.2178495529497237 0.8467459332009614 0.8688119201552745 0.6649556123157194 0.2273631256839426 0.10605665629899 0.1719575349134235 0.7114716459520023 0.02809873504839888 0.0237511214950441 0.7343970372018369 0.6339338186104749 0.07706465853848554 0.5910068387750275 0.7924638281239617 0.2454436319800527 0.2858343595105232 0.1307658221549575 0.3436177409200446 0.3714394051612507
0.9438225335251211 0.7418655292772739 0.3850905253508357 0.9121811879077323 0.8855005263577276 0.9862884093005387 0.5282248822098057 0.2925248306851094 0.1183958985966397 0.1141749171859525 0.7368699981303717 0.2846138970188129 0.6140305754156854 0.08896437331556595 0.9407964030158831 0.3953285395933224 0.02439507137012953 0.5036478094033845 0.06973357419558146 0.813071489527468
0.9048692942283235 0.2815057422538237 0.287515936239372 0.9772341525643603 0.6086591032198949 0.5412126310297177 0.4946295272891981 0.1156096930785805 0.7836277227381934 0.7448731585763533 0.4284955379784442 0.6634865636058497 0.7958726555477742 0.2945789083429178 0.7477873623248321 0.8528366227417343 0.4569886329647554 0.4404533812358515 0.2510770383051464 0.5103156634568281
0.04526156410312776 0.4962705181426502 0.7314973879354982 0.5217838462547536 0.7096690343003843 0.51326218650183 0.3026720544870167 0.3679795807088736 0.2038013313742318 0.3044105803815695 0.9466768137697233 0.3017551907416366 0.3891406331000064 0.1887027758966414 0.3197387162695866 0.6717325776018249 0.402405248839391 0.3596359657401216 0.01967350087450015 0.7537270941421986
0.4999516966962032 0.3719415799539839 0.02079247028913533 0.9700571233992022 0.3591289373854375 0.496587384625872 0.6175821738934502 0.3411149335144877 0.9451313238153026 0.02792887538533484 0.7780479447219866 0.8553393282985592 0.8609353971373359 0.3628567374383089 0.6353709177169179 0.414451829541628 0.607855119519355 0.6621948821225954 0.7818618954858356 0.2222362478522732
0.749688286320764 0.181700473422454 0.6478175349119881 0.6408516320184352 0.07392105851311648 0.4440281376055556 0.8566542247675991 0.8131012869619276 0.2477025667740805 0.679008509706 0.3084697995731568 0.0332841256016857 0.4308770726166387 0.5589784388413284 0.300331136704828 0.5435451385593469 0.4648414522176909 0.7795094727698251 0.7066295475440927 0.8579907174730009
0.4409160291698337 0.7022600167962251 0.6985796778833465 0.4479736719947212 0.9901356369179396 0.4638957621493522 0.01080492420390877 0.5615992279270307 0.587579626475917 0.432940508879506 0.3145898297422086 0.4105490602878686 0.1533515424747667 0.4454855112375434 0.3232078188021383 0.7317248263658618 0.3855689093892902 0.8741144042061141 0.8637277425360964 0.7384502372705294
0.9798871136393238 0.5592575822328589 0.5767978907317898 0.5096881141868899 0.5267785466031187 0.2478599197411921 0.5550322981771526 0.5560465639697395 0.07157301217603551 0.1860467124802595 0.08728207912799746 0.6075977181670881 0.4842453287911146 0.1583973428735936 0.2727121204056145 0.0735608000568907 0.5831202277597909 0.5266539684188847 0.7015382209290218 0.5629503663663671
0.6871009798861076 0.02023026301307096 0.5091782917984197 0.8089860897173329 0.5237541109029119 0.5650912537708749 0.9699671253150631 0.5782385413445292 0.6644643391818635 0.4171443959725364 0.9875421825301908 0.2314718887384261 0.7485145262974688 0.9913861280542242 0.3559653945983575 0.425218822863477 0.9313782964725013 0.4589655979510339 0.8264721043333668 0.7449739079806659
0.1266160957849233 0.494081281575814 0.6616182231992461 0.7091488806917425 0.5027014135730431 0.600346053012222 0.8959982686414786 0.5085430287093 0.8062451602794527 0.745233204088769 0.001115104353981544 0.6996289546064763 0.387303547934123 0.7752587375843839 0.2186816042853246 0.3920334775423174 0.7781002948479674 0.3118116531810449 0.462840681178786 0.8247207866311047
0.9561791545812303 0.8662687924184873 0.5298878387238086 0.7973379811646079 0.1164944365325083 0.4848136012848545 0.3650252440165281 0.2048251419934022 0.2194334712666054 0.1108102760674663 0.5674963570848213 0.5218772819337134 0.4581344851053843 0.94645721752467 0.5256134723415853 0.6524832712586611 0.02401921434875598 0.122642829361498 0.2783195753382719 0.6741905255036877
0.5088213663025584 0.961205413807635 0.3222779484120659 0.3368211148771918 0.2840705938123987 0.6557543917971745 0.9899072482993686 0.7275394572734277 0.4198907672339134 0.2432306961441837 0.8040405333238873 0.7088761919335212 0.1002928026747198 0.8214872695083758 0.3951778662349401 0.9322962044273291 0.8705774274187801 0.8906975833202136 0.2400145105959972 0.01178403245117776
0.2556739171026616 0.6421314774551545 0.4715179576148585 0.45531447314047 0.5853596123966278 0.4313216257466339 0.7224511965425554 0.3814682510426739 0.7326719786775564 0.7475904277505334 0.9587525998425879 0.3872178627289448 0.4805790315810633 0.9314435936352549 0.916632628113911 0.9781242944032094 0.547787320622822 0.3273825530016937 0.20872299334407 0.2471901930667501
0.6363769340071012 0.7214709812160267 0.1456525983572591 0.4722863346123476 0.6025964208941922 0.01852557801747645 0.2578403426545162 0.9039146502054414 0.3579310567389189 0.7754469779798725 0.6395818287483032 0.1971493930276575 0.5423775601797763 0.6917016730622415 0.7155678222752362 0.8576844823629926 0.8639081498770247 0.9983577614803976 0.8812032535742608 0.3493756226518864
