0 0 0 0 0 0 0 0 0 0 1 0 0 0 0 0 0 0 0 0
0 0 0 0 0 0 0 0 0 0 0 0 1 0 0 0 0 0 0 0
0 0 0.06573462223684021 0 0 0 0 0 0 0 0 0 0 0 0 0 0 0 0 0
0 0 0 0.3661812351397877 0 0 0 0 0 0 0 0 0 0 0 0 0 0 0 0
0 0 0 0 0 0 0 0.9559959689730773 0 0 0 0 0 0 0 0 0 0 0 0
0 0 0 0 0 0 0 0 0.4724761083682534 0 0 0 0 0 0 0 0 0 0 0
0 0 0 0 0.9571905011399723 0 0 0 0 0 0 0 0 0 0 0 0 0 0 0
0 0 0 0 0 0 0 0 0 0 0 0 0 0 1 0 0 0 0 0
0 0 0 0 0 0 0 0 0.3852307118757302 0 0 0 0 0 0 0 0 0 0 0
0 0 0.1410258254650237 0 0 0 0 0 0 0 0 0 0 0 0 0 0 0 0 0
0 0 0 0 0 0 0 0 0 0 0 0 0 0 0 0 1 0 0 0
0 0 0 0 0 0 1 0 0 0 0 0 0 0 0 0 0 0 0 0
0 0 0 0 0 0 0 0 0 0 0 0 0 0 0 0 0 0.8203299942905522 0 0
0 0.09234669827223933 0 0 0 0 0 0 0 0 0 0 0 0 0 0 0 0 0 0
0 0 0 0.9305435524635586 0 0 0 0 0 0 0 0 0 0 0 0 0 0 0 0
0 0.9957269140272428 0 0 0 0 0 0 0 0 0 0 0 0 0 0 0 0 0 0
0 0 0 0 0 0 0 0 0 0 0 0 0 0 0 0 0 0 0 0.5803450035786984
0 0 0 0 0 0 0 0 0 0 0 0 0 0.2479452267524002 0 0 0 0 0 0
0 0 0 0 0 0 0 0 0 0 0 0 0 0.6558833577027818 0 0 0 0 0 0
0.5767633502551344 0 0 0 0 0 0 0 0 0 0 0 0 0 0 0 0 0 0 0
0 0 0 0 0 0 0 0 0 0 0 0 0 0 0 0 0 0 0 0.8143707244377346
0 0 0 0 0 0.6571668034552224 0 0 0 0 0 0 0 0 0 0 0 0 0 0
0 0 0.3188494672159364 0 0 0 0 0 0 0 0 0 0 0 0 0 0 0 0 0
0 0 0 0 0 0 0 0 0 0 0 0 0 0 0 0 0 0 0.3096333369159443 0
0 0 0 0 0 0.1082639035592929 0 0 0 0 0 0 0 0 0 0 0 0 0 0
0.5219361774132283 0 0 0 0 0 0 0 0 0 0 0 0 0 0 0 0 0 0 0
0 0 0 0 0.2894587095380078 0 0 0 0 0 0 0 0 0 0 0 0 0 0 0
0 0 0 0 0 0 0 0 0 1 0 0 0 0 0 0 0 0 0 0
0 0 0 0 0 0 0 0 0 0 0 0.2052216070705743 0 0 0 0 0 0 0 0
0 0 0 0 0 0 0 0 0 0 0 0.9787155317002847 0 0 0 0 0 0 0 0
0 0 0.2947609719681182 0 0 0 0 0 0 0 0 0 0 0 0 0 0 0 0 0
0 0 0 0 0 0 0 0 0 0 0 0 0 0.3254791928106345 0 0 0 0 0 0
0.4120345916214684 0 0 0 0 0 0 0 0 0 0 0 0 0 0 0 0 0 0 0
0 0 0 0 0 0 0 0 0 0 0 0 0 0.404621150573634 0 0 0 0 0 0
0 0 0 0 0 0 0 0 0 0 0 0 0 0 0 0 0 0 0.6185566856415822 0
0 0 0 0 0 0 0 0 0 0 0 0 0 0 0 0 0 0 0.1449751370024495 0
0 0 0.5747711614360658 0 0 0 0 0 0 0 0 0 0 0 0 0 0 0 0 0
0 0 0 0 0 0 0 0.2933798004417259 0 0 0 0 0 0 0 0 0 0 0 0
0 0 0 0 0 0 0 0 0 0 0 0 0 0 0 0 0 0 0.3667394919995491 0
0 0 0 0 0 0 0 0 0 0 0 0 0 0 0 0.9013198756238657 0 0 0 0
0 0 0 0 0 0 0 0 0 0 0 0 0 0 0 0 0 0.5718904619481447 0 0
0 0 0 0 0 0 0 0 0 0 0 0 0 0 0 0.4331541086096025 0 0 0 0
0 0 0 0 0 0.745929433406773 0 0 0 0 0 0 0 0 0 0 0 0 0 0
0 0 0 0 0 0 0 0 0.6652815198787463 0 0 0 0 0 0 0 0 0 0 0
0 0 0 0 0 0 0 0 0 0 0 0 0 0.4885541988101547 0 0 0 0 0 0
0 0 0.6759288236443601 0 0 0 0 0 0 0 0 0 0 0 0 0 0 0 0 0
0 0 0 0 0 0 0 0 0.3988142105821761 0 0 0 0 0 0 0 0 0 0 0
0 0 0 0 0 0 0 0 0.1634360743362671 0 0 0 0 0 0 0 0 0 0 0
0 0 0 0 0 0 0 0 0 0 0 0 0 0 0 0 0 0 0.6049786591090894 0
0.4745041199158023 0 0 0 0 0 0 0 0 0 0 0 0 0 0 0 0 0 0 0
