0.1885776034994678 0.4408721998222909 0.8448118190062035 0.5952697806732562 0.4621580966913571 0.5126497467571176 0.5738855268923474 0.4403192075855932 0.1935589577238105 0.1139657614591864
0.151227927370148 0.0524909638531339 0.5586764110636315 0.8477210140360106 0.3591193389241107 0.07531087263581782 0.4257244119851162 0.6020078384720013 0.4254034655756376 0.81072123360737
0.9418862461867052 0.8699107732683544 0.7039994982798885 0.4702989247821753 0.6826980429032513 0.01341831055652953 0.9824781185020439 0.172077331828896 0.9062603959616818 0.8071099016661061
0.8001396843869877 0.2689360577850649 0.2191538057572581 0.4288006929140887 0.8493711007306549 0.4503796424717202 0.9354201140070618 0.352679327251738 0.6193921656967597 0.9806990363557802
0.6434625222408049 0.04549821604060378 0.4635570909517118 0.3347513437136638 0.5321815485216747 0.2847462086131314 0.1222612302300028 0.6682889887508018 0.6813597548913063 0.8671392999990885
0.1323814935627374 0.798620308278031 0.826768738405129 0.6465499357511519 0.2049221457806338 0.2614207144058379 0.4184968175391757 0.5417990727827313 0.477437955592217 0.4674598920453694
0.8398407101976674 0.8701023653075677 0.8167539643767667 0.8778014186346996 0.5710087619370731 0.9640361333390818 0.6065443482504677 0.6039477410796814 0.3192977370746188 0.681204184117019
0.05196568850536099 0.1345464210119423 0.1302421675727651 0.6552012872247357 0.1753325917713383 0.3411468232515472 0.04431165583310459 0.2337343601165106 0.9642243248492941 0.5091394025163677
0.1510745184714319 0.5230085317344643 0.9435093839110807 0.865686014006334 0.3920658689303869 0.2838675159734027 0.7617298626927418 0.2404843248030878 0.2542323546573524 0.08408635417992949
0.8641440947640269 0.4478989156202798 0.5617862606099736 0.7367109576935199 0.7964888671311956 0.4475081389903138 0.1841275561757983 0.8287328515283018 0.03099795982825582 0.9467282696079524
0.5769778464775016 0.875388738450687 0.6085654369735587 0.2516595841523237 0.2961299234959044 0.5329225590316532 0.9620782128470935 0.1844956044901777 0.509898378143109 0.3437881034368444
0.7697253449571857 0.802866486432424 0.4245599103022166 0.2041224999943358 0.06708946032885532 0.1986482644205615 0.2724008501293822 0.5987889179092104 0.8730834972744356 0.1282309388454863
0.958188741714896 0.6831708438541465 0.7419642356783802 0.9828807859209906 0.416100772618142 0.5315834658959018 0.6792129501957186 0.5128751425899913 0.2991123446608356 0.1053846727300393
0.2849321457221448 0.7688528482877579 0.6407827044518462 0.8013307032031926 0.5171205319704266 0.232100021846335 0.6279619269819027 0.3040054900223031 0.02952874494202096 0.9033311768168756
0.4203695688027851 0.4261307804247122 0.7412517353318591 0.9484584043057936 0.07251552804546335 0.1727010881322749 0.3223574891327107 0.248424246330199 0.495494981361193 0.8244596107976835
0.8539724149421759 0.5958299420587015 0.2401737338310667 0.1864926882726853 0.743390512402039 0.2372140576435476 0.5394908909265497 0.7492807871271918 0.2282491046153859 0.174501187572744
0.03973568657585125 0.1475688376999476 0.8514389069469908 0.1046359117449586 0.2236450455273178 0.03275719974597713 0.6763566354512786 0.2317031414647196 0.4135917178017643 0.1393011713237268
0.3772172876115065 0.4244374662396153 0.4729649518600131 0.4228418130386131 0.1027565638741643 0.772580266631544 0.1372060034899114 0.424292374325812 0.2719561124527795 0.3010079430799063
0.6724207725864325 0.5177867238134145 0.1900870504799406 0.4691344398333771 0.3395408687963035 0.7044971982481261 0.226095202432549 0.8449881373583452 0.5262296648916304 0.5006195729230891
0.2536858068876802 0.186155669736664 0.4718190627375968 0.9818244178252573 0.1329062376618271 0.2834624324280571 0.800641174283456 0.6647768985107549 0.278758408693437 0.3146476067751118
0.4199482544019291 0.6027867622422961 0.7193387672210755 0.8573003334512307 0.6811114704584097 0.2369820644716983 0.92572053533626 0.7811954006757661 0.3073814804278443 0.3049656416420632
0.8811683184289046 0.1260784803971985 0.6334608342357256 0.2777127324734242 0.8272003251393062 0.3645234475558883 0.7333660944688341 0.1924178904137388 0.4814458975407394 0.8035946264310272
0.396988211672374 0.1615740398560899 0.6489822226486474 0.7533258058943924 0.2801926353730937 0.4513618612324016 0.9004489123860653 0.8719856311909184 0.7071876097841823 0.5909005994904067
0.8173822703971256 0.907644646099839 0.002507559667923154 0.3972277662337618 0.5614096837184815 0.7339231362848766 0.08747276218504352 0.3997549876808645 0.2796211794498489 0.423510053105183
0.4979786326732883 0.660015223526051 0.4962361389702792 0.6204682006051905 0.5824398618892226 0.4283323980388564 0.004976364711265391 0.1945164138596018 0.3202066542862888 0.1469781258549313
0.5986638816064357 0.6114994766596024 0.5000932595969295 0.3208489016008645 0.6532580520244544 0.1902834826790437 0.00588098144462823 0.7349420186839615 0.4435038419039351 0.6978416560498484
0.185043349636976 0.06261980198391548 0.3781085867830213 0.695996510445494 0.1028183674543158 0.1958342336749924 0.4539526504065199 0.6211491896936461 0.750124248068985 0.1097350212856566
0.6246236071556411 0.3873605221444808 0.670090368747807 0.2035603776619016 0.5279187975307311 0.1721625549559327 0.01868100599637534 0.4869502464239571 0.1841777765608931 0.6383433300033875
0.5365748193404329 0.7749453799977457 0.3929599026342032 0.9894521308362529 0.5152146961620737 0.4788234011854717 0.7494424707521696 0.5726882932924154 0.3624653173000254 0.4892447854601422
0.1891383749388498 0.3935834142968619 0.02996175252404853 0.4625290603422029 0.2744741128035708 0.5267158603586157 0.02927212140311253 0.5550867665221745 0.2929978836283572 0.5774906810135474
0.7327698532613667 0.4403378267964377 0.6631568228819655 0.238909954870212 0.9985990885864799 0.2428785216197675 0.9408284143815248 0.2172197503910179 0.4975643846050675 0.8211769648927358
0.7165880467947342 0.705580412120669 0.440440559975718 0.7541750254551594 0.9199535770148588 0.4413517453158379 0.5279654841547008 0.06603558401663734 0.3907730736706927 0.4672385663332459
0.8951377108035733 0.1105574402554412 0.7311376031989666 0.5454711685487195 0.6065354305165435 0.02978294412956028 0.1467473797607796 0.2839832254661852 0.004872047953606073 0.6691577977971368
0.8702579489225982 0.5469683092712408 0.5431640475192038 0.6157259286130373 0.3021815004158042 0.3667319816609417 0.5749397272777665 0.8092165837173445 0.2015966344081711 0.3275240558482891
0.742921250389697 0.3409202491323421 0.04761092870655503 0.1563569286762516 0.1938648596595468 0.4951123625611782 0.6351249610913382 0.880219977218583 0.9025365564222451 0.307160768485095
0.7533800731255857 0.2824280305589726 0.3685768697652759 0.2927265620931302 0.4136907361991013 0.2147156956683806 0.318986006470189 0.1219198138900877 0.9630182395955346 0.5039830093987828
0.9231006825886638 0.7461601407734211 0.4577052876804192 0.7546222253081317 0.6280230786069259 0.3037584341518687 0.5216593134132719 0.7123121956474292 0.3053135314483068 0.01252283688647327
0.2682628291359364 0.7967454755900841 0.9299930889635013 0.6253311549032551 0.132807484580411 0.7575703592474212 0.526905346047344 0.753869071621213 0.8586117030700126 0.9475415511018243
0.6545375346228315 0.8542582098426466 0.7425880576965468 0.7271011884036769 0.8587907562669648 0.9230030407536653 0.9020760015248446 0.3957502615651807 0.0840212797987252 0.8295737184581491
0.5389315533076343 0.542076154739123 0.8251753305664196 0.03198418437577388 0.8779604187251567 0.03463400133772032 0.6931945583783881 0.5874844793504092 0.6417491808335967 0.3740801877382561
0.2754620266501041 0.5094085814387623 0.8858231171497215 0.5652896703655683 0.6631488914643168 0.4413792309535008 0.9721390871214521 0.7425224523517098 0.3549025108507734 0.6535310326636594
0.5426164118717204 0.884056212378686 0.2750540510654117 0.1080674851723373 0.1912720517411701 0.3870462326050859 0.8540597949343145 0.2708449138359166 0.6263588032086836 0.6235518010455583
0.4080471353479287 0.05033512965945175 0.7448338730324927 0.2957255344238812 0.3984581965490401 0.3772395675305095 0.6636026316710936 0.08633328681516406 0.5498899204719812 0.01542182234325584
0.9830389835394168 0.5984272223880148 0.3841142279962266 0.1467479307274827 0.6968783264368051 0.9058084167065523 0.3181087523446168 0.7664921446562297 0.2874981020411876 0.9572253423743934
0.7023157547948075 0.6250155931933211 0.9307347331501478 0.2690423872519185 0.9236157463407607 0.6780829341239825 0.7713625072014619 0.5716353364349513 0.8339046774992332 0.6982817992918626
0.146608701776909 0.6124611286280749 0.2793203356163318 0.9158787230673001 0.1982322902101538 0.2857164953713028 0.04765470496967894 0.4475791440506381 0.5575878151711118 0.5735610825770953
0.905377379959673 0.3474139328006051 0.4475283795912552 0.8512376625014975 0.5768293032320249 0.6539929348777337 0.278359330394316 0.4874713016258491 0.6209523875804722 0.13339403014524
0.03290871659253447 0.1134110011308261 0.4774610763396531 0.02402673463080851 0.6262089291372217 0.09758261797608447 0.2509615377162457 0.4264929458562184 0.115826746706249 0.2705519937974664
0.02107967283551127 0.9850455536104694 0.6115736081214106 0.3783538388352491 0.02652835111044916 0.3898387483749842 0.4525586263864343 0.9310031937645028 0.2785041718380566 0.6147818910832991
0.6651683545821934 0.1859609697963389 0.5057633489864318 0.7865007628599349 0.09657903442841353 0.6060352981689622 0.02605993268839324 0.00704672381007565 0.05952860714007135 0.4814004591490364
