0.2754620266501041 0.5094085814387623 0.8858231171497215 0.5652896703655683 0.6631488914643168 0.4413792309535008 0.9721390871214521 0.7425224523517098 0.3549025108507734 0.6535310326636594 0.5426164118717204 0.884056212378686 0.2750540510654117 0.1080674851723373 0.1912720517411701 0.3870462326050859 0.8540597949343145 0.2708449138359166 0.6263588032086836 0.6235518010455583
0.4080471353479287 0.05033512965945175 0.7448338730324927 0.2957255344238812 0.3984581965490401 0.3772395675305095 0.6636026316710936 0.08633328681516406 0.5498899204719812 0.01542182234325584 0.9830389835394168 0.5984272223880148 0.3841142279962266 0.1467479307274827 0.6968783264368051 0.9058084167065523 0.3181087523446168 0.7664921446562297 0.2874981020411876 0.9572253423743934
0.7023157547948075 0.6250155931933211 0.9307347331501478 0.2690423872519185 0.9236157463407607 0.6780829341239825 0.7713625072014619 0.5716353364349513 0.8339046774992332 0.6982817992918626 0.146608701776909 0.6124611286280749 0.2793203356163318 0.9158787230673001 0.1982322902101538 0.2857164953713028 0.04765470496967894 0.4475791440506381 0.5575878151711118 0.5735610825770953
0.905377379959673 0.3474139328006051 0.4475283795912552 0.8512376625014975 0.5768293032320249 0.6539929348777337 0.278359330394316 0.4874713016258491 0.6209523875804722 0.13339403014524 0.03290871659253447 0.1134110011308261 0.4774610763396531 0.02402673463080851 0.6262089291372217 0.09758261797608447 0.2509615377162457 0.4264929458562184 0.115826746706249 0.2705519937974664
0.02107967283551127 0.9850455536104694 0.6115736081214106 0.3783538388352491 0.02652835111044916 0.3898387483749842 0.4525586263864343 0.9310031937645028 0.2785041718380566 0.6147818910832991 0.6651683545821934 0.1859609697963389 0.5057633489864318 0.7865007628599349 0.09657903442841353 0.6060352981689622 0.02605993268839324 0.00704672381007565 0.05952860714007135 0.4814004591490364
0.9257041086902309 0.4055573841390242 0.07503263933654081 0.8613524744830288 0.5192975854704402 0.3189358689174241 0.9630323387846756 0.9382617685023783 0.2600189719566923 0.2013918537137203 0.5889087033060773 0.8425182098415589 0.3367210897450549 0.5864294214642616 0.1622449994788078 0.1945937352381418 0.7613352159920956 0.15009846135205 0.2659070410478275 0.6894948631776694
0.01508930763297911 0.03219440386857053 0.2875259400240286 0.3366231805122991 0.3622161055300112 0.8071905755135196 0.03598096765864189 0.3583952446253251 0.6382781332668243 0.1430041095183227 0.8577386145114406 0.6455644082734328 0.1152934254800271 0.2080974099989472 0.7454983307481646 0.4034066283341728 0.4844700609485068 0.8874550780727275 0.1374435496242309 0.9643727973861176
0.04262968179657989 0.09944025725488481 0.2232384309404435 0.8065850822605141 0.4558728073695024 0.6532511422613194 0.1743211375198372 0.1667219329265283 0.5208483405537891 0.7402936352802216 0.4624744652150284 0.8696140851211128 0.6604119346706403 0.2490900884519328 0.2349022208021049 0.3740467168670696 0.7566160562962172 0.9379376643097822 0.8619059993188329 0.2616107926829218
0.4122789279785698 0.6115440994503215 0.5468344558158084 0.3892749454089657 0.1014207768812767 0.7122448043972556 0.08813516392543386 0.8660774293737196 0.8634484403326346 0.7084507915153727 0.4864245738076861 0.6991465654129165 0.3949870601017651 0.7974959842933487 0.7864170822798477 0.1555285838736217 0.3178175503505978 0.3439831767859903 0.3641702986535258 0.5666455566878987
0.04168744252028778 0.6599697189638991 0.2016317590566343 0.4164625561731081 0.4508926565007 0.3487267695476459 0.3832803101280126 0.1803060608477594 0.06813005739407441 0.5512566489358516 0.5958669456166511 0.1454997892217088 0.2309417083221241 0.2863771315373824 0.8307513669044257 0.1534209411624123 0.5521388075534814 0.5681397176921924 0.3434200931086723 0.3506171893069536
0.9591120175192023 0.5533439494595207 0.6527312009009547 0.4907401164444133 0.6466499816717906 0.605250785507062 0.1451732929200956 0.3346805328845932 0.4604339934589334 0.1278216616063849 0.3630733236044982 0.2281416342929222 0.847502602270402 0.3414740800212986 0.2267893206662649 0.4081814028522822 0.6830640476222469 0.06562199896142484 0.1807292136029898 0.6943069389237286
0.7522566048040932 0.6177542796100679 0.8791985605365955 0.1688001900775936 0.7035477322014285 0.9172601590800086 0.1507396591030582 0.2437639773961812 0.5466845720908042 0.3441193369759975 0.6906390807823941 0.05756761842510749 0.1607641423234598 0.7162383064796215 0.9706186984339439 0.9295503765123406 0.9010669934228137 0.1277433139035933 0.1459289180716035 0.07226475681487265
0.5425402331447909 0.8824861729023715 0.5317919000668885 0.7817152853959399 0.1884537869112616 0.863111260166335 0.1874247707253515 0.05476412606652326 0.4214910104280981 0.5551044300084385 0.9707420095213946 0.09175383344119148 0.273918093229555 0.1051070690820495 0.3904396367376164 0.2890110831877697 0.5133003494679066 0.348256681750747 0.928228018250101 0.7899477963830404
0.8610113686139755 0.1295009459428959 0.5750701669887139 0.2147825358848587 0.868238571440889 0.01501942175342408 0.1057442151300522 0.3760570755473156 0.4020939060931935 0.2772200829786826 0.09606299875993918 0.1187304051125936 0.3179447538473339 0.9507928340777205 0.207406564819324 0.7472803210592225 0.258188664007484 0.03724025561078481 0.01605220916706207 0.1527059311811765
0.4620841929977422 0.7559010975378051 0.7288149319451539 0.3523894424830367 0.4791392787629136 0.8140737533756652 0.8384029063789791 0.3199167004179855 0.004265018407107135 0.04693084322623264 0.7378073776039841 0.272632281072508 0.4814858121866522 0.1920312660311443 0.8471129160821944 0.5033776096365531 0.5271601757222614 0.2880795880857548 0.5119992306639229 0.00196364538252003
0.2772950403432101 0.3487629835384359 0.283950886289036 0.08595222757741783 0.5217812092340585 0.7884791333735152 0.9425984356081718 0.4972897921166635 0.5937538583554435 0.2908599378104706 0.1491595089201888 0.1318716907284411 0.7323607758695577 0.7344694353499344 0.1793500166366352 0.4135603797757919 0.5941443278915395 0.1252819461861487 0.7853689498688659 0.619992203320239
0.6152216915084545 0.7012080919186323 0.9871830820663744 0.5623944559571782 0.864416261698348 0.4187086750571659 0.6544693512274343 0.9252611878587662 0.6641508156440753 0.3030806759430662 0.6199456938616299 0.3513183203581925 0.3223666751344195 0.6102050587463702 0.160323231988387 0.4867389357577533 0.9456342849863913 0.383914241978538 0.1889625932458114 0.468838949642181
0.8409078314535324 0.8426677225950326 0.8278032394592222 0.01147551260581336 0.2670403099282952 0.9998757875742624 0.1196832771924865 0.4900894960876333 0.7900261506026853 0.1222139100938562 0.6624091806912479 0.4880804455213241 0.1942899820861868 0.8786300265827204 0.1814873975577304 0.6390528592947753 0.7408268781979291 0.5626728865932282 0.6288415685971911 0.1189653966220044
0.3080369870545313 0.5869622072296792 0.3954637163075114 0.6639460814328006 0.8519546448042983 0.1902220893121835 0.903272700870335 0.3831758504310933 0.9431243307282546 0.6173823130249652 0.7900955211459 0.514775428373226 0.5311446943933088 0.3275938987659719 0.1293647072273555 0.3838219118604237 0.2149764807916776 0.03286525588191658 0.2748868298252595 0.1805760526668569
0.8755303150381228 0.08123656243140498 0.1838955990818832 0.7040306955363342 0.9192258910202734 0.2514584522319341 0.02130113146138157 0.9605044727550998 0.6822206404739506 0.3106626960638559 0.4723734422152398 0.5992558738787634 0.3738685720653422 0.874487796621177 0.7261725883076274 0.9543407046242112 0.3510655228482117 0.9371740887217811 0.479100574225744 0.6423226386484714
0.7366472047548874 0.8093379690056801 0.3962593672826938 0.4479459785147711 0.8172770261127507 0.7175572030909549 0.9408492093746439 0.9795978714178412 0.1789133363658466 0.2279194118127552 0.7159864472790468 0.7473827346542434 0.6031795542325254 0.8772997642215113 0.2519904621107385 0.3394873942967924 0.494646848106909 0.3150270889685676 0.5454390893418044 0.6824780792979444
0.2203669011536948 0.4853374539683806 0.9929813576374784 0.3241613031812349 0.03536191949131395 0.8173517292840132 0.5033067835996623 0.0527838561185705 0.8903050272242412 0.4045143799803578 0.9292731821403969 0.4020781738005615 0.07683228477468085 0.2453011441199927 0.3502605057072028 0.7507282923552251 0.1847481523492837 0.4309736537258744 0.8732454198159687 0.5337610913727832
0.1031547197490567 0.02452248705463222 0.7058098011610486 0.9791274909582171 0.7851652629523068 0.7647261968454175 0.6754475156780199 0.7955027102986651 0.04001778567264369 0.264681631716854 0.6953975359715524 0.8669883296077439 0.6746068718168242 0.1762761279834316 0.9363084599456931 0.9033787001108529 0.08667876614010639 0.193000037574253 0.2751930306105267 0.7384118706046068
0.859373328300857 0.5783223874515512 0.1996455706516622 0.4150898876213625 0.1378592002641071 0.9173961868584244 0.7645309404104735 0.5102138338060775 0.453575043170838 0.09784207834556991 0.3186753563003273 0.1206327953573965 0.7823380633622601 0.5448837066761946 0.2272773814151589 0.2242028392559363 0.2603981975157855 0.308872752316256 0.3877051317814099 0.2975489323772372
0.6795558945331504 0.03507361930507891 0.3281103149313681 0.7452918728580155 0.9428079850752847 0.8027325501575512 0.240826209571554 0.2329154683838317 0.1903367947171891 0.8824975348586093 0.2378556872412199 0.7581806234131274 0.2610497314046866 0.03308184340751563 0.7334477000687659 0.7262018097952009 0.08895911096105347 0.3267012579296016 0.9483652901890226 0.1629489985821845
0.08667247265291012 0.5946038881116259 0.9309898653459719 0.1337783077430914 0.5130122936600178 0.6839992141169576 0.1718297596068271 0.01125989349218948 0.8876831304797248 0.03523127065335951 0.2574582838076745 0.6516840317406685 0.2857829333557622 0.009707596574816568 0.5754518344649824 0.3077922783347106 0.1515140618521231 0.9712833117325801 0.1649722678989525 0.7272354411432771
0.890724191493513 0.8587151157269453 0.1842570671584468 0.2368085336942393 0.01836263650257242 0.9314054672648543 0.8871211766573064 0.5954661689695429 0.1093676555068537 0.1735426468425015 0.5769603709326084 0.2516569735001449 0.3001718332360485 0.1709873489430184 0.1895917190727648 0.4634211543904514 0.5098739726284359 0.5115798896647326 0.9971387993669208 0.1295958172701398
0.7561698883877354 0.7937567472248925 0.5848825987705206 0.4627381802693252 0.8934266373502794 0.8281802190731247 0.05029093602870371 0.962983753087854 0.007339891753643801 0.5731322046839419 0.5724308169270726 0.8343796647905168 0.3847160679253756 0.09104086904598219 0.5816872693689248 0.02484586036373126 0.3617957609071614 0.9853168020853229 0.86877886955502 0.1524967417612054
0.7988260890560822 0.8109969194215267 0.928207219127176 0.2243842660439845 0.49896747449996 0.8274440914110759 0.6673337849981975 0.5939361433837695 0.6519758207707419 0.238516012799013 0.02554008487579074 0.736257257446534 0.3267918253308776 0.3767568869201464 0.6126160541495541 0.657165042363517 0.2028989006228424 0.8260315378454188 0.3802066052454794 0.6317444085013915
0.9664114156523105 0.5647862352666362 0.3589111417888569 0.6189701087401422 0.5017931180631695 0.4523762477778516 0.7322707347562686 0.9245101499841026 0.4792714152835895 0.08823015100009579 0.5696535566840739 0.2449508551148344 0.03957791147536915 0.7881402066436831 0.2727682366647881 0.7770704929423838 0.4882089430882048 0.3179358910751153 0.3140254500508968 0.04202476008611444
0.5343998369045507 0.8235515559967603 0.08389535249937796 0.1085587056087176 0.5292559268677169 0.6601418096235968 0.6947459923366617 0.313221695146886 0.0377777758061465 0.4145628796923949 0.2260441708752942 0.001114830252406662 0.6857165722257366 0.9520625390545332 0.3911517605350282 0.3002984293714631 0.5537518126102953 0.8519762580648814 0.7949674246929233 0.6847567049785765
0.4321070912997065 0.6904340198543137 0.216025351251607 0.2839434378462468 0.7778206109003843 0.9299801363463566 0.1900495036166898 0.2960632894182326 0.006210267190516094 0.4315622452804017 0.210295071752601 0.6414247825536215 0.7095892156781084 0.1187777143984851 0.08214400203193162 0.9063350695803358 0.3892387547409639 0.5334034972660143 0.9632415649136705 0.7590540122163353
0.3255402975989895 0.08584930112029354 0.536024016688411 0.3361254429373312 0.0216854045261019 0.7711523332537787 0.3849091298539828 0.5713211500587355 0.7557428557962304 0.9408474199010457 0.6123223386846226 0.3153961787801431 0.1100765078470179 0.07391888791127221 0.3196907738727295 0.660839138956005 0.6951520647276903 0.2077180400629877 0.08279593858834744 0.3055106612860311
0.5475745598545727 0.7546696744748647 0.5296573205700426 0.2869837527470745 0.6241797232639109 0.2648366551761958 0.652692914334523 0.8418980078267378 0.6389478203684317 0.5656314689767339 0.3071421092708613 0.8767770399379612 0.9888218847172996 0.777479431209941 0.5736438575704191 0.1412793326410017 0.3149290223926036 0.3668593185911837 0.2918952210274658 0.4459528147489278
0.6106325168676457 0.2129145905151636 0.2497597542867038 0.1121504832210968 0.3075885891748025 0.4974482785846432 0.4898077847100882 0.9955772118463961 0.9811085630636269 0.4365627716811432 0.9720206217903173 0.2143979041758141 0.5411208861089534 0.4534353144697316 0.9676088975125462 0.8361762231353584 0.2141469247807413 0.4395391021553912 0.1684769716464471 0.5290872104552504
0.7934846741670334 0.03587914896601674 0.19135887753572 0.9774555643930162 0.9607973060206447 0.5565916591021018 0.6460907214959392 0.2720930142932744 0.9520910857128398 0.66977480632724 0.6668079951387617 0.01110333336992286 0.8529698498496928 0.7783262186802019 0.6849239969048068 0.740781813019585 0.1565724245983772 0.71877505284865 0.09681841069321007 0.7069494480386341
0.002631796125503238 0.7762057874603809 0.4915571847815394 0.2043868662978648 0.7292466144453952 0.3156541317831608 0.8838175899975118 0.180233525232222 0.9385506542860252 0.9707501480531616 0.3044852440523308 0.8624863997043009 0.8421791188670099 0.4246127100946028 0.3636844078527848 0.282437473235045 0.9932367844655456 0.2557510269518997 0.9206755977591222 0.4283352137597225
0.9354270123414087 0.8388448341981828 0.1557773256155128 0.5742833543508832 0.6735030146856861 0.4058204059990451 0.004877044482226589 0.3253313297689604 0.8389449479732487 0.06282398021726943 0.1054197464393172 0.7017873465119159 0.5141582677561877 0.4981668249945123 0.373609718926406 0.603513616671319 0.8514687668770384 0.2769230564689927 0.844761362843635 0.4166191485721183
0.5009840123939405 0.7296233785681803 0.2587217075066073 0.9216369186561401 0.7020694642288483 0.618930423097489 0.2730088373119177 0.6958484563594459 0.2572147484534554 0.8164526703274775 0.01147245502290606 0.1665376436115401 0.557828988762059 0.7122809996025021 0.4924806539131104 0.8778095014799501 0.9758699375629136 0.4642770675442432 0.7679869794828058 0.4947721338335273
0.6650987783358207 0.2248749799673657 0.1095417172162685 0.9790089375741902 0.8149946597059848 0.285383532449531 0.5858283844279211 0.3800712052787912 0.1763380407698657 0.4188351430524928 0.2971877941967276 0.01662410653290591 0.3873683069988095 0.9209130038047522 0.8282002587074487 0.5740747551965509 0.3186468647803825 0.2312642948854375 0.9560195836309339 0.5646100990687117
0.2176053035591231 0.2494820510986229 0.9595962025309192 0.238814133296392 0.1067140883555379 0.1839619397526692 0.7662248069179191 0.7087642559312614 0.4379419247771238 0.7938045071164251 0.5175126921426194 0.413598161129107 0.1174419362275896 0.8839110659363493 0.2755932144103168 0.6162607233298604 0.984579778960706 0.1894180220437538 0.9651879917930428 0.6527153684256953
0.1287316045965476 0.7719271460730484 0.9517757782570937 0.5627805496894249 0.6885551997581481 0.0263478788699828 0.9890756855079469 0.3184571198136825 0.02390377936621935 0.8085641504743885 0.9732525517670682 0.7375885099166811 0.002735806045400357 0.06336051137403531 0.5842694052275808 0.3357151077556031 0.8818334807517967 0.8736693693569384 0.9875189087044416 0.7158319690725937
0.8768836998086516 0.3196501118620526 0.111176951919806 0.8653641057823798 0.303472597961525 0.4193322981668862 0.6460302570715727 0.6050991341555126 0.4209230845148799 0.3861505118705936 0.1226810418590063 0.5338618843034166 0.232854097243996 0.7548078511004613 0.6748705841645001 0.07192696480921446 0.9892646847358003 0.7804569355743413 0.2278258868905976 0.03074281834969705
0.4783718310716986 0.352742437501074 0.5465114993642279 0.6596639554249211 0.7972198073587383 0.01354434683912764 0.7142955138788785 0.2953139661018992 0.986402575637417 0.8462417305877817 0.5604011810847819 0.5977656853768393 0.1920756730045573 0.2262515885870655 0.1540131783379511 0.3778135474644417 0.1119554443415811 0.5112728936342619 0.6384779554015474 0.1222123782369833
0.3441963589302681 0.07034787968520784 0.5257611872720692 0.6502897692030054 0.6154721413751028 0.8138695628094851 0.2355662365024204 0.6181818418404456 0.3028285192326406 0.08876770607914231 0.3052614715658132 0.07135647494461617 0.9585742110196708 0.7271654349269293 0.101460857824004 0.7862693223485936 0.3521553600965318 0.9114351403237924 0.4954974347471134 0.8726927229848721
0.2205297947437237 0.3671923259032656 0.3668369421583827 0.09713268160328525 0.3310144340657948 0.6597098038387995 0.4665434913737406 0.8792315697444312 0.2696702663903483 0.3548193487216488 0.3203542901506122 0.5517379706217076 0.1882194156062879 0.1732442715081729 0.9394819242084544 0.37664771374633 0.5870981348830498 0.05515208501882385 0.1408579968993668 0.09635855186124331
0.8121155679581462 0.1031467825834642 0.5163160456795491 0.1555778979920741 0.2788167554288485 0.8826020025030701 0.6315937651309106 0.9636627102130699 0.599714365615993 0.009519716216558005 0.4156410055204216 0.02244175435867979 0.3139843280469464 0.4816249307207418 0.575459341123808 0.2386502029289299 0.5582865784476518 0.3949201341072339 0.506582187506927 0.1959670145425215
0.1567516100034313 0.7545170076023864 0.3299732288055194 0.6441956925382164 0.5654555965905419 0.899530915886071 0.880683617907015 0.4431114003267834 0.204735086492257 0.6321923752918258 0.6368359753465501 0.6924175033786027 0.9074732027348 0.7825809780445985 0.6252909358558468 0.6009655953980898 0.2127590360681421 0.651365361997868 0.8145001707766045 0.9223224808528965
0.9166501120809326 0.5610988058726366 0.2598339757404877 0.3337974568237166 0.9977623655688204 0.5255977882178193 0.8159066728378224 0.5970161877845721 0.5069303873283266 0.3485396153056978 0.5377705282313024 0.00673470699420331 0.8766858065965739 0.5614864815326793 0.02428142532467858 0.8181747453311654 0.1353543908620732 0.03063869809086972 0.4623354041351158 0.9606566952869964
0.09361424846399025 0.06559851613504319 0.8799355762219236 0.8213720415432885 0.8199694222450838 0.4678180478153717 0.4274920945605305 0.4010683054344961 0.5822150421393071 0.7289706693761112 0.784292002349626 0.6547991875604179 0.5624661646760132 0.412392608220297 0.3199150620438546 0.2862477928261852 0.2961767184030752 0.6827528661644432 0.7624411821595793 0.5976197869899762
