0 0 0 0 0 0 0 0 0.5675144683819143 0
0 0 0 0 0 0 0 0 0 0.5373604739396224
0 0.2680496489061126 0 0 0 0 0 0 0 0
0 0 0 0.4915808453802955 0 0 0 0 0 0
0 0 0 0.4919554298152191 0 0 0 0 0 0
0 0 0 0 0 0.1507965133965586 0 0 0 0
0.2858298804573848 0 0 0 0 0 0 0 0 0
0 0.3961573448316085 0 0 0 0 0 0 0 0
0 0 0 0 0.567198497148675 0 0 0 0 0
0 0 0 0 0 0 0 0 0 0.1359389747073537
0 0 0 0.2287462931932071 0 0 0 0 0 0
0 0 0 0 0 0.6830526027438024 0 0 0 0
0 0 0 0 0.2404036263967449 0 0 0 0 0
0 0 0.4519598190794544 0 0 0 0 0 0 0
0.6338038489685724 0 0 0 0 0 0 0 0 0
0 0.4281475477410537 0 0 0 0 0 0 0 0
0 0 0 0.4827931603587642 0 0 0 0 0 0
0 0.1171079571361589 0 0 0 0 0 0 0 0
0 0 0 0 0 0 0 0 0.5270147345021325 0
0 0 0 0.0003788085579881041 0 0 0 0 0 0
0 0 0.0721521269711897 0 0 0 0 0 0 0
0 0 0.4447727822916926 0 0 0 0 0 0 0
0 0 0 0 0 0 0 0 0.6326000298726202 0
0 0 0 0 0.4734513030789102 0 0 0 0 0
0 0 0 0 0.2080603313970363 0 0 0 0 0
0 0 0.4588744770662758 0 0 0 0 0 0 0
0 0 0 0.2442582940835376 0 0 0 0 0 0
0 0 0.4391376941601036 0 0 0 0 0 0 0
0 0 0 0.1474698983933888 0 0 0 0 0 0
0 0 0 0 0 0 0 0.2170326244527758 0 0
0 0.5225737405658198 0 0 0 0 0 0 0 0
0 0 0 0 0 0 0 0.6714636265881112 0 0
0 0 0.3092674224431587 0 0 0 0 0 0 0
0 0 0 0 0 0 0.5455228048303152 0 0 0
0.6796661415463022 0 0 0 0 0 0 0 0 0
0 0 0 0 0.437239502010808 0 0 0 0 0
0 0 0.2934578857489182 0 0 0 0 0 0 0
0 0 0 0 0.2187137866228473 0 0 0 0 0
0 0.1525061912960767 0 0 0 0 0 0 0 0
0.2337688955055866 0 0 0 0 0 0 0 0 0
0 0 0 0 0 0 0 0.6993163755997761 0 0
0 0 0 0 0 0 0.01396089024116261 0 0 0
0 0 0 0 0 0 0.8379796912537557 0 0 0
0 0 0.08678706825181844 0 0 0 0 0 0 0
0 0.5271078588708474 0 0 0 0 0 0 0 0
0 0 0 0 0 0 0 0 0 0.8323246459182246
0 0 0 0.3866579839276583 0 0 0 0 0 0
0 0 0 0 0 0.7146324603825094 0 0 0 0
0 0 0 0 0.3376871640762387 0 0 0 0 0
0 0 0 0 0 0 0 0.1139738781926581 0 0
