0 0 0 0 0 0 0 0 0 0.4168584711553233 0 0 0 0 0 0 0 0 0 0
0 0 0 0 0 0 0 0 0 0 0.1145322446631458 0 0 0 0 0 0 0 0 0
0 0 0 0 0 0 0 0.3180008875436326 0 0 0 0 0 0 0 0 0 0 0 0
0 0 0 0 0.02188013066957625 0 0 0 0 0 0 0 0 0 0 0 0 0 0 0
0 0 0 0 0 0 0 0 0 0 0 0 0 0 0 0 0 0 0.2506267870497496 0
0 0 0 0.4872014265610136 0 0 0 0 0 0 0 0 0 0 0 0 0 0 0 0
0 0 0 0 0 0 0 0 0 0.631161993132578 0 0 0 0 0 0 0 0 0 0
0 0 0 0 0 0 0 0 0 0 0 0 0 0 0 0.1435230186307738 0 0 0 0
0 0 0 0 0 0 0 0 0 0 0.2618562405720132 0 0 0 0 0 0 0 0 0
0 0 0 0 0 0 0 0 0 0 0 0 0 0.8810821746769826 0 0 0 0 0 0
0 0 0 0 0 0.2370608633241761 0 0 0 0 0 0 0 0 0 0 0 0 0 0
0 0 0 0 0 0 0 0 0 0 0 0 0 0 0 0 0 0.7425475164669963 0 0
0 0 0 0 0 0.4085753035348273 0 0 0 0 0 0 0 0 0 0 0 0 0 0
0.423102332399505 0 0 0 0 0 0 0 0 0 0 0 0 0 0 0 0 0 0 0
0.09470213729878652 0 0 0 0 0 0 0 0 0 0 0 0 0 0 0 0 0 0 0
0 0 0 0 0 0 0 0 0 0 0 0 0 0 0 0 0.4303858193061069 0 0 0
0 0 0 0 0 0 0 0 0.3444677428218481 0 0 0 0 0 0 0 0 0 0 0
0 0 0 0 0 0 0 0 0 0 0 0 0 0 0 0 0 0.2320616002676485 0 0
0 0 0 0 0 0 0 0.1262802163350644 0 0 0 0 0 0 0 0 0 0 0 0
0 0 0 0 0 0 0 0 0 0 0 0 0 0.1965483713917978 0 0 0 0 0 0
0 0 0 0 0 0 0 0 0 0 0 0 0 0 0 0 0 0 0 0.5802322384045967
0 1 0 0 0 0 0 0 0 0 0 0 0 0 0 0 0 0 0 0
0 0 0 0 0.1848126554542032 0 0 0 0 0 0 0 0 0 0 0 0 0 0 0
0 0 0 0 0 0 0 0 0 0 0 0 0 0 0 0.9257103911916249 0 0 0 0
0 0 0 0.4175287527244996 0 0 0 0 0 0 0 0 0 0 0 0 0 0 0 0
0 0 0 0 0 0 0 0.2775422856142198 0 0 0 0 0 0 0 0 0 0 0 0
0 0 0 0 0.3306423431087431 0 0 0 0 0 0 0 0 0 0 0 0 0 0 0
0 0 0 0 0 0 0 0 0 0 0.7086321952284653 0 0 0 0 0 0 0 0 0
0 0 0 0.0147062520759878 0 0 0 0 0 0 0 0 0 0 0 0 0 0 0 0
0 0 0.02225712488192761 0 0 0 0 0 0 0 0 0 0 0 0 0 0 0 0 0
0 0 0 0 0 0 0 0 0 0 0 0 0 0 1 0 0 0 0 0
0 0 0 0 0 0 0 0 0 0 0 0 0 0 0 0 0 0 0 0.5097297840652635
0 0 0 0.5514033655852885 0 0 0 0 0 0 0 0 0 0 0 0 0 0 0 0
0 0 0 0 0 0 0 0 0 0 0 0.4179035528863504 0 0 0 0 0 0 0 0
0.1486892909241817 0 0 0 0 0 0 0 0 0 0 0 0 0 0 0 0 0 0 0
0 0 0 0 0 0 0 0 0 0 0 0 0 0 0 0 0 0 0.1715752220924102 0
0 0 0 0 0 0 0 0 0 0 0.5688017594721702 0 0 0 0 0 0 0 0 0
0 0 0.3506361588827214 0 0 0 0 0 0 0 0 0 0 0 0 0 0 0 0 0
0 0 0 0 0.2126578115885873 0 0 0 0 0 0 0 0 0 0 0 0 0 0 0
0 0 0 0 0 0 0 0 0.6523185394852581 0 0 0 0 0 0 0 0 0 0 0
0 0 0 0 0 0 0 0 0 0 0 0 0 0 0 0 0 0 0.685808410874407 0
0 0 0 0 0 0 0 0.221615412570889 0 0 0 0 0 0 0 0 0 0 0 0
0 0 0 0 0 0.4315372109189116 0 0 0 0 0 0 0 0 0 0 0 0 0 0
0 0 0 0 0 0 0 0 0 0 0 0 0 0 0 0 0.104024431894944 0 0 0
0.6364845686017567 0 0 0 0 0 0 0 0 0 0 0 0 0 0 0 0 0 0 0
0 0 0 0.5329564383477614 0 0 0 0 0 0 0 0 0 0 0 0 0 0 0 0
0 0 0 0 0 0 0 0 0 0 0 0 0 0 0 0 0 0 0 0.3478548372741747
0 0 0 0 0 0 0 0 0 0.2724470395813555 0 0 0 0 0 0 0 0 0 0
0 0 0 0 0 0 0 0 0 0 0 0 0 0.4301894224289006 0 0 0 0 0 0
0 0 0 0 0 0 0 0 0.533880987229451 0 0 0 0 0 0 0 0 0 0 0
0.164348390627383 0 0 0 0 0 0 0 0 0 0 0 0 0 0 0 0 0 0 0
0.5732049378593497 0 0 0 0 0 0 0 0 0 0 0 0 0 0 0 0 0 0 0
0 0 0 0 0 0 0 0.3720063965700879 0 0 0 0 0 0 0 0 0 0 0 0
0 0 0 0 0 0 0 0 0 0 0.3043331143877757 0 0 0 0 0 0 0 0 0
0 0 0 0 0 0 0 0 0 0 0 0 0 0 0 0 0.2752421690975039 0 0 0
0 0 0 0 0 0 0 0 0 0 0 0.5009088355657587 0 0 0 0 0 0 0 0
0 0 0 0 0 0 0 0 0 0 0 0 0 0 0 0 0 0 0 0.1220548867832651
0 0 0 0 0 0 0 0 0.4132718096772965 0 0 0 0 0 0 0 0 0 0 0
0 0 0 0 0 0.1600162945769654 0 0 0 0 0 0 0 0 0 0 0 0 0 0
0 0 0 0 0 0 0 0 0 0 0 0 0 0 0 0 0.607492741751582 0 0 0
0 0 0 0 0.5294879739825277 0 0 0 0 0 0 0 0 0 0 0 0 0 0 0
0 0 0 0 0 0 0 0.5733426176114065 0 0 0 0 0 0 0 0 0 0 0 0
0 0 0 0 0 0.5311674348530188 0 0 0 0 0 0 0 0 0 0 0 0 0 0
0 0 0 0 0 0 0 0 0 0 0 0 0 0 0 0.2370310986502476 0 0 0 0
0 0 0 0 0 0 0 0 0 0 0 0 0.6672558174959751 0 0 0 0 0 0 0
0 0 0 0 0 0.2040571234551943 0 0 0 0 0 0 0 0 0 0 0 0 0 0
0 0 0 0 0.3792835892913697 0 0 0 0 0 0 0 0 0 0 0 0 0 0 0
0 0 0 0 0 0 0 0 0 0 0 0 0 0 0 0 0 0.3321002520003706 0 0
0 0 0.2128538935542598 0 0 0 0 0 0 0 0 0 0 0 0 0 0 0 0 0
0 0 0 0 0 0 0 0 0 0 0 0 0.5061179971598685 0 0 0 0 0 0 0
0 0 0 0 0 0 0 0 0 0 0 0 0.05248707984028102 0 0 0 0 0 0 0
0 0 0 0 0 0 0 0 0 0 0 0 0 0 0 0 0 0 0.1339661255438102 0
0 0 0 0 0 0 0 0 0 0 0 0.4677252449089654 0 0 0 0 0 0 0 0
0 0 0 0 0 0 0 0 0 0 0 0 0 0 0 0 0 0 0 0.5160616091395233
0 0 0.5552923010873729 0 0 0 0 0 0 0 0 0 0 0 0 0 0 0 0 0
0 0 0 0 0 0 1 0 0 0 0 0 0 0 0 0 0 0 0 0
0 0 0.3138988686333283 0 0 0 0 0 0 0 0 0 0 0 0 0 0 0 0 0
0 0 0 0 0 0 0 0 0 0.004089837120801539 0 0 0 0 0 0 0 0 0 0
0 0 0 0 0 0.08096567022600451 0 0 0 0 0 0 0 0 0 0 0 0 0 0
0 0 0 0 0 0 0 0.2391071658611698 0 0 0 0 0 0 0 0 0 0 0 0
0 0 0 0 0 0 0 0 0 0.5939254696644393 0 0 0 0 0 0 0 0 0 0
0.1709400945281369 0 0 0 0 0 0 0 0 0 0 0 0 0 0 0 0 0 0 0
0 0 0 0 0 0 0 0 0 0 0 0 0 0 0 0 0 0 0 0.03586264243441626
0 0 0 0 0 0 0 0 0 0 0 0.5148918208888394 0 0 0 0 0 0 0 0
0 0 0 0 0 0 0 0 0 0 0 0 0.03625119649653914 0 0 0 0 0 0 0
0 0 0.5480242689856437 0 0 0 0 0 0 0 0 0 0 0 0 0 0 0 0 0
0 0 0 0 0 0 0 0 0 0 0 0 0 0 0 0 0 0.5333666863342746 0 0
0 0 0 0 0 0.2880516111036824 0 0 0 0 0 0 0 0 0 0 0 0 0 0
0 0 0 0 0 0.3895272334354647 0 0 0 0 0 0 0 0 0 0 0 0 0 0
0 0 0 0 0 0 0 0 0 0 0 0 0.5427201895738454 0 0 0 0 0 0 0
0 0 0 0 0 0 0 0 0 0.02952920233453434 0 0 0 0 0 0 0 0 0 0
0 0 0 0 0 0 0 0 0 0 0 0 0 0 0 0.2574445047687287 0 0 0 0
0 0 0 0 0.3216103113728822 0 0 0 0 0 0 0 0 0 0 0 0 0 0 0
0 0 0 0 0 0 0 0 0 0 0 0 0 0 0 0 0.5992839737376531 0 0 0
0 0 0 0 0.5321382248068004 0 0 0 0 0 0 0 0 0 0 0 0 0 0 0
0 0 0 0 0 0 0 0 0 0 0 0 0 0 0 0 0 0 0.5265661329980149 0
0 0 0 0 0 0 0 0.4821855224560136 0 0 0 0 0 0 0 0 0 0 0 0
0 0 0.3521923986989364 0 0 0 0 0 0 0 0 0 0 0 0 0 0 0 0 0
0 0 0 0 0 0 0 0 0 0 0 0.3009426307350697 0 0 0 0 0 0 0 0
0 0 0 0 0 0 0 0 0 0 0 0 0 0 0 0 0 0 0.3770890679100589 0
