0.3266449017720962 0.5270581022576093 0.8859420993107745 0.3572697600024998 0.9085351509197992 0.6233601157918027 0.01582124284655628 0.9294372337437613 0.6908969175169239 0.9973228504514805
0.1723405083453285 0.1371357496288778 0.9325954630371636 0.6968181614899002 0.06600017272206249 0.7554630526024664 0.7538761884612464 0.9230245355464833 0.7115247586284718 0.1242709619721647
0.01988013383979559 0.02621098687771928 0.02830648802079461 0.2462110676030459 0.860027948682888 0.5388310643416528 0.5528219786857659 0.8420308923596057 0.1241733151199111 0.2791836790111395
0.5857592714582879 0.9695957483196745 0.5610302192557099 0.01864728937294302 0.8006326726806163 0.2329742738410204 0.8071051956187791 0.3878606440641718 0.8635418545594287 0.7471216427371846
0.5562402339904189 0.136455225660685 0.05991768951221166 0.1213434557407373 0.04455187854476172 0.1074941291060929 0.2257093386078547 0.7129889803826767 0.5597169820541424 0.01255598015911585
0.07197427968948678 0.967276330000272 0.5681004619199421 0.2032932346609905 0.2523257445703234 0.7438258540750929 0.1954294811093188 0.5813589272732578 0.9700199890883123 0.8468288014900353
0.2398477591475862 0.49376971426873 0.6199557183813798 0.8289808995501787 0.1567913946460843 0.01857620217740952 0.07002214371922233 0.4863451109370318 0.6063294616533303 0.5688514370864813
0.3173624093221608 0.9886161544124489 0.5797452192457969 0.3801411726235504 0.5509482191178968 0.7453344309065021 0.6692328934531846 0.2649195576628094 0.06633483442844157 0.3700841979141063
0.6297175070215645 0.2101740099148396 0.7527555537388139 0.06653648135411494 0.260315098578541 0.8047545637433454 0.1934342826233277 0.6394608808799401 0.5246703091237337 0.9248079703993507
0.263296770487111 0.06596109068402378 0.7350659632886695 0.7721780295432468 0.907815852503524 0.9319720691968373 0.01395157297559702 0.2343620861214205 0.6167783570016576 0.9490163206876164
0.9501761192470797 0.5566531881951564 0.9156063497662745 0.6415662089463375 0.3900077141412462 0.4859906670969097 0.6043104829199732 0.5495479215085626 0.9261814267064536 0.9187334356336061
0.3948756129235549 0.9632625284407118 0.1739556666804644 0.1263295194396373 0.1350791580467313 0.5056621656768967 0.02152480527419798 0.947970211217681 0.8271154711707325 0.01501898074212238
0.1761962555750552 0.332063574366837 0.1309968448109169 0.8094906921265821 0.3447366526832935 0.9401074823333672 0.58201417994708 0.8788319844118441 0.8447344453922219 0.9053923187086492
0.459880265816807 0.5463468160203733 0.7986035911520394 0.2857188517341476 0.4902535226199277 0.5991103076458784 0.01553327555083572 0.5934814081966372 0.4336763489894583 0.8073605288848414
0.3152448030953729 0.8928887085251513 0.5778572152845355 0.1840102016274651 0.7879292338255043 0.6120311770449339 0.05390927207375296 0.4201936800011322 0.6790688365654296 0.9186017779775258
0.0004020248913574331 0.9767591490310596 0.3765803147457745 0.9737835383583225 0.604716100974053 0.828845807980693 0.5747115047081023 0.6280761983073504 0.2855762816956939 0.5868333406560829
0.7500217637026599 0.8583138364290424 0.7550821884676802 0.698057248447303 0.8644794300545998 0.3226809968367464 0.6707887907875872 0.4508739364133492 0.3821027520315172 0.4108113499221856
0.4014795834695406 0.3173839459582769 0.6219193679203014 0.4302472708212643 0.9738020779272523 0.6778008914343111 0.1985698884271109 0.4267010093480328 0.343346239774423 0.7976388039585666
0.8799982885634318 0.9038419558263719 0.6627198123752622 0.2702082620297578 0.2523667015045897 0.8548979426974024 0.5277146463087466 0.8021610840045981 0.5724885171916063 0.7331425252875111
0.5190116274640558 0.770883910501888 0.5688579907047155 0.4657098785919809 0.3426889079532818 0.06820934841670412 0.3779241793280999 0.07962607769825236 0.982817113730445 0.1816128513307638
0.8118586977205398 0.8749616449558981 0.6884132523859433 0.5694944127453757 0.1609714368156088 0.4668800227633063 0.345172051155215 0.2250399578140846 0.5925118687657968 0.312269837701917
0.9163055534683507 0.9096355249515571 0.2571182937821962 0.1108913007440292 0.1929627320191128 0.4995841706788861 0.7285856679745962 0.2081944384087915 0.2480335583772307 0.851671874936367
0.4158487182675273 0.6166850671552362 0.2336661392392501 0.1019672594257974 0.5158570169685298 0.4771409870497824 0.1526716440931633 0.6218062317404155 0.5440101188139381 0.6541373469707443
0.1445455401246598 0.7515278171352439 0.2220491397999227 0.519351824366033 0.7852960282216189 0.02233042799180618 0.3243624597261865 0.8729223764001111 0.8447096076020696 0.5384405925945437
0.866608274166513 0.9498059913536265 0.8264069976293413 0.8541154438365387 0.09874340182034835 0.6513043323409911 0.703516988152653 0.6102408126466297 0.799615261736028 0.03457121987163425
0.7702387345549799 0.7317286007395269 0.2596983932983531 0.2570692988221467 0.6323033174301278 0.3452974615910815 0.7965886780072875 0.4461462320034573 0.7827494147841719 0.9904717836238407
0.3002483395339001 0.1430058282580994 0.9013084363492738 0.5415593788873733 0.9747403708550822 0.6366044000018972 0.9939130246104789 0.5460708041429516 0.5264259339055213 0.1354279030721699
0.3557051709838811 0.02621856729637329 0.1603951795196491 0.7456371927074961 0.03039968992878883 0.3665430972437443 0.8623462528380441 0.6926777175073543 0.6909421420661686 0.1886368009553109
0.4419042807484234 0.5815774073442912 0.9897517076637052 0.2039062252331219 0.2477329017623549 0.2621730837729119 0.7501724132979928 0.4569753274356928 0.05692943841109499 0.5085162406102396
0.211960164643676 0.7986042447602102 0.2973313815072722 0.02760601195450363 0.593432449464621 0.8438404289311888 0.3810161240622142 0.7498583107261434 0.5111414782971282 0.5409518049621886
0.9594343210617524 0.8039608914986468 0.03232306662357398 0.7093872512312951 0.4650014815635061 0.9475489413950998 0.2214327343234883 0.2670720196843658 0.081473964877262 0.4286188286637865
0.1090187640190683 0.6337867606119179 0.8029632373737379 0.6968004961201785 0.7662113810757705 0.3424541198435198 0.8458514830276777 0.4287687749994425 0.8240098704123188 0.6264961586242938
0.1434230486702449 0.07838689985494796 0.01833264291300729 0.06672499763935646 0.4585838137084318 0.1133419227675905 0.02778334884866995 0.7548614813904674 0.3948504804606394 0.7469384956075251
0.4524048267464515 0.4500867470007611 0.478072506717831 0.474003926562194 0.8031633421141696 0.4023925198577358 0.904686160343623 0.03706104795403586 0.7738743427204187 0.1256413811377388
0.6185135669120855 0.01036426133523194 0.538627282576347 0.003017956619596363 0.9511937854902045 0.9054020337027781 0.7959669419422694 0.9152743199147875 0.1455582311583971 0.1577300698705333
0.187631672902434 0.6224959022999211 0.9058094960083019 0.9899551783590737 0.7111224587658159 0.7318004091422953 0.9092932045442544 0.4008737323711209 0.2498506802250368 0.1734301707871229
0.119457050333729 0.8126105880328287 0.1467923734172432 0.2642974827269007 0.8190891786335308 0.31058725179421 0.9824174492929428 0.2666387021516352 0.5336533449712114 0.3144670111858496
0.9107728311738374 0.3665566438512344 0.4335923272731645 0.5122926922783614 0.9388864773697133 0.03094900627115071 0.7168786636316892 0.8910189542923389 0.02728722351746882 0.5220512472525107
0.3259898117700253 0.8594893208655858 0.5585165509225178 0.6902278681627478 0.4528534999515375 0.6283090375213571 0.2900968516874258 0.009348577966515781 0.5767559349870908 0.3114442141324628
0.5172675985011298 0.9164058530538978 0.426474788501396 0.2473960366023854 0.3712937612790544 0.9318611166365406 0.9368683813090937 0.8443299485657132 0.9202065143056605 0.2279002899513169
0.08748220955359087 0.2273097362846888 0.3143766161140504 0.1747658763563116 0.6070941619724605 0.4135864150011613 0.8163515118272141 0.1851303982690307 0.7018765297563104 0.2403556248491389
0.5742190888408597 0.3489875972207889 0.05696439948283272 0.2288136709603759 0.6641025553547935 0.4972500933605313 0.5190159840736788 0.1747201501089225 0.5707158515462564 0.99675342520821
0.8168351087916219 0.5943726238309778 0.9759890683309049 0.9015625846693213 0.5956079336026455 0.03242632531445711 0.09357709581748075 0.06537171504222639 0.4517331486914753 0.3754348331678578
0.9753500342702865 0.1679832931996149 0.9727875919326552 0.7674748688630131 0.8242378396244978 0.6326158167779973 0.6687327702067321 0.4768823335211934 0.01313635692307225 0.3530060855418248
0.4920718014935584 0.7300912110901043 0.4686283427461092 0.4574049160894317 0.1376627409456032 0.01088873380347899 0.7582782604769962 0.3199528380776784 0.9843834501935107 0.220234226159156
0.3387080254816797 0.5238961356661317 0.7548914570605327 0.4638577839002956 0.1248225431116763 0.3125013784920495 0.5045191697009946 0.6738490080168676 0.7701499563120922 0.1303357809543543
0.02291513132238177 0.5190823222119895 0.8099887106624163 0.01260376702987631 0.6724698446537339 0.6868082266569918 0.4492467535866376 0.9147886867419343 0.6443610847569929 0.005239837651465851
0.4844284455143756 0.8593178060976 0.8303995700373394 0.6491541971124779 0.6736984238986317 0.5784995797892005 0.2741197751668522 0.5605299905360588 0.6717297848174203 0.3524296302164088
0.8558283672539277 0.1950374860087073 0.7473208103319232 0.2896027461868774 0.773799287244182 0.4277373293360762 0.8076984091122095 0.3535348626679904 0.2136932376295811 0.7672845084217665
0.3086419476306511 0.7332450677264275 0.7444731530777321 0.2213967009082011 0.2141121368206484 0.1989479234270667 0.1425183377658447 0.3770825992073341 0.02662788469162147 0.1109203690342406
