0 0 0 0 0 0 0 0 0 0 0 0.509058301395791 0 0 0 0 0 0 0 0
0 0 0 0 0 0 0 0 0 0 0 0.1403686956385702 0 0 0 0 0 0 0 0
0 0 0 0 0 0.06225001986896189 0 0 0 0 0 0 0 0 0 0 0 0 0 0
0 0 0 0 0 0 0 0 0 0 0 0 0 0 0 1 0 0 0 0
0 0 0 0 0 0 0 0 0 0 0 0 0 0 0 0 0 1 0 0
0 0 0 0 0 0.775974484362939 0 0 0 0 0 0 0 0 0 0 0 0 0 0
0 0 0 0 0 0 0 0 0 0 0.9631561191232566 0 0 0 0 0 0 0 0 0
0 0 0 0 0 0 0 0 0 0 0 0.5965092804617841 0 0 0 0 0 0 0 0
0 0 0 0 0 0 0.6138975122524847 0 0 0 0 0 0 0 0 0 0 0 0 0
0 0 0 0 0 0 0 0 0.3869883469365422 0 0 0 0 0 0 0 0 0 0 0
0 0.5997245429083735 0 0 0 0 0 0 0 0 0 0 0 0 0 0 0 0 0 0
0 0 0.7509146825099186 0 0 0 0 0 0 0 0 0 0 0 0 0 0 0 0 0
0 0 0 0 0 0.4381224157952641 0 0 0 0 0 0 0 0 0 0 0 0 0 0
0 0 0 0 0 0 0 0 0 0 0 0 0 0 1 0 0 0 0 0
0 0 0 0 0 0 0 0 0 0 0 0 0 0 0 0 0.1955785092344138 0 0 0
0.2492832404067473 0 0 0 0 0 0 0 0 0 0 0 0 0 0 0 0 0 0 0
0 0 0 0 0 0 0 0 0 0 0 0 0.7363963546573131 0 0 0 0 0 0 0
0 0 0 0 0 0 0 0 0 0 0 0 0 0 0 0 0.7566802475342008 0 0 0
0 0 0 0 0 0 0 0.6004913451552782 0 0 0 0 0 0 0 0 0 0 0 0
0.5461273280609676 0 0 0 0 0 0 0 0 0 0 0 0 0 0 0 0 0 0 0
0 0 0 0.1109631702954585 0 0 0 0 0 0 0 0 0 0 0 0 0 0 0 0
0 0.2529598576207014 0 0 0 0 0 0 0 0 0 0 0 0 0 0 0 0 0 0
0 0 0 0.034949779350155 0 0 0 0 0 0 0 0 0 0 0 0 0 0 0 0
0 0 0 0 0 0 0 0 0 0 0 0 0 0 0 0 0 0 0 1
0 0 0 0 0 0 0 0.1027058484118858 0 0 0 0 0 0 0 0 0 0 0 0
0.7997517162202904 0 0 0 0 0 0 0 0 0 0 0 0 0 0 0 0 0 0 0
0 0 0 0 0 0 0 0 0.1844189839912932 0 0 0 0 0 0 0 0 0 0 0
0 0 0 0.669833609705666 0 0 0 0 0 0 0 0 0 0 0 0 0 0 0 0
0 0 0 0 0 0 0 0 0.164910846890536 0 0 0 0 0 0 0 0 0 0 0
0 0 0 0 0 0 0 0.07356403870747756 0 0 0 0 0 0 0 0 0 0 0 0
0 0 0 0 0 0.4494855764334452 0 0 0 0 0 0 0 0 0 0 0 0 0 0
0 0 0 0 0 0 0 0 0 1 0 0 0 0 0 0 0 0 0 0
0 0 0 0.5022750927169564 0 0 0 0 0 0 0 0 0 0 0 0 0 0 0 0
0 0 0.1966481991399303 0 0 0 0 0 0 0 0 0 0 0 0 0 0 0 0 0
0 0 0 0 0 0 0 0 0.2484737840591389 0 0 0 0 0 0 0 0 0 0 0
0 0 0 0 0 0 0 0 0 0 0 0.4831009816024747 0 0 0 0 0 0 0 0
0 0 0 0 0 0 0 0 0 0 0 0 0 0 0 0 0 0 1 0
0 0 0.6304416113852658 0 0 0 0 0 0 0 0 0 0 0 0 0 0 0 0 0
0 0 0 0 0 0 0 0 0.852815835272845 0 0 0 0 0 0 0 0 0 0 0
0 0 0 0 0 0 0 0 0 0 0 0 0 1 0 0 0 0 0 0
0 0 0 0 0 0 0 0.7895884911171412 0 0 0 0 0 0 0 0 0 0 0 0
0 0 0 0 0 0 0 0 0 0 0 0 0.6765503742127564 0 0 0 0 0 0 0
0 0 0 0 0 0 0 0 0 0 0.2689429125212764 0 0 0 0 0 0 0 0 0
0 0 0 0 0 0 0 0 0 0 0 0.3632442634955829 0 0 0 0 0 0 0 0
0 0 0 0 0 0 0 0 0 0 0 0 0 0 0 0 0.6086464326893567 0 0 0
0 0 0 0 0 0 0 0 0 0 0 0 0 0 0 0 0.1368706312243257 0 0 0
0 0 0 0.5343298179085716 0 0 0 0 0 0 0 0 0 0 0 0 0 0 0 0
0 0.7591717744133121 0 0 0 0 0 0 0 0 0 0 0 0 0 0 0 0 0 0
0 0 0 0 0 0 0.7893857386919342 0 0 0 0 0 0 0 0 0 0 0 0 0
0 0 0 0 1 0 0 0 0 0 0 0 0 0 0 0 0 0 0 0
