0 0 0 0 0 0 0 0 0 0 0 0 0 0 0 0.8049171922946459 0 0 0 0
0 0 0 0 0 0 0 0 0 0.4271764757369578 0 0 0 0 0 0 0 0 0 0
0 0.2502916406400434 0 0 0 0 0 0 0 0 0 0 0 0 0 0 0 0 0 0
0 0 0 0 0 0 0 0.4288806728540817 0 0 0 0 0 0 0 0 0 0 0 0
0 0 0 0 0 0 0 0 0 0 0 0 0 0 0 0 0.3550251137641265 0 0 0
0 0 0.4065917565725822 0 0 0 0 0 0 0 0 0 0 0 0 0 0 0 0 0
0 0 0 0 0 0 0 0 0 0 0.4890204636816026 0 0 0 0 0 0 0 0 0
0.3526369015309348 0 0 0 0 0 0 0 0 0 0 0 0 0 0 0 0 0 0 0
0 0.271536581301131 0 0 0 0 0 0 0 0 0 0 0 0 0 0 0 0 0 0
0 0 0 0 0 0 0 0 0 0 0 0 0 0 0 0.2818776510074524 0 0 0 0
0 0 0 0 0 0 0 0 0 0 0 0 0.5515624719014313 0 0 0 0 0 0 0
0 0 0 0 0 0.5445365270533519 0 0 0 0 0 0 0 0 0 0 0 0 0 0
0 0 0.04749929148950533 0 0 0 0 0 0 0 0 0 0 0 0 0 0 0 0 0
0 0 0 0 0 0 0 0 0 0 0 0 0 0 0 0.1832950933401156 0 0 0 0
0 0 0.6560766586233078 0 0 0 0 0 0 0 0 0 0 0 0 0 0 0 0 0
0 0.479884343787603 0 0 0 0 0 0 0 0 0 0 0 0 0 0 0 0 0 0
0 0 0 0 0 0 0 0.1046624314250859 0 0 0 0 0 0 0 0 0 0 0 0
0 0 0 0 0 0.8387371284882257 0 0 0 0 0 0 0 0 0 0 0 0 0 0
0 0 0 0 0 0 0 0 0 0 0 0 0 0 0 0 0 0.6081652283222861 0 0
0 0 0 0 0 0 0.2066379714434346 0 0 0 0 0 0 0 0 0 0 0 0 0
0 0 0 0 0 0 0 0 0 0 0 0 0 0 0 0 0.3681310966062321 0 0 0
0 0 0 0 0.7062588431482538 0 0 0 0 0 0 0 0 0 0 0 0 0 0 0
0 0 0 0 0 0 0 0 0 0 0 0 0 0 0 0.4889337502857245 0 0 0 0
0 0 0 0 0 0 0 0 0 0 0 0.5517851017001462 0 0 0 0 0 0 0 0
0 0 0 0 0 0 0 0 0 0 0 0 0 0.04603946045837062 0 0 0 0 0 0
0 0 0 0 0 0 0 0.2415573373828324 0 0 0 0 0 0 0 0 0 0 0 0
0 0 0 0 0 0 0 0 0 0 0 0 0.833953965039984 0 0 0 0 0 0 0
0 0 0 0 0.7079537036239659 0 0 0 0 0 0 0 0 0 0 0 0 0 0 0
0 0 0 0 0 0 0 0 0 0 0 0 0 0 0 0 0.2959868857856859 0 0 0
0 0 0 0 0 0 0 0 0 0 0 0 0 0 0.1028350230357228 0 0 0 0 0
0 0 0 0 0 0 0 0 0 0 0 0 0 0 0 0 0.1528145387715783 0 0 0
0 0 0 0 0 0 0 0 0.0756232372453932 0 0 0 0 0 0 0 0 0 0 0
0 0 0 0 0 0 0 0 0 0 0 0 0 0.5412224833272001 0 0 0 0 0 0
0 0 0 0 0 0 0 0 0 0.04893386491819532 0 0 0 0 0 0 0 0 0 0
0 0 0.07844013156653358 0 0 0 0 0 0 0 0 0 0 0 0 0 0 0 0 0
0 0 0 0 0 0 0 0 0 0.3003213214861194 0 0 0 0 0 0 0 0 0 0
0.07652249506976831 0 0 0 0 0 0 0 0 0 0 0 0 0 0 0 0 0 0 0
0 0 0 0 0 0 0 0 0 0 0 0 0 0 0 0 0 0 0 0.6543573346704009
0 0 0 0 0 0 0 0 0 0.3044780152275996 0 0 0 0 0 0 0 0 0 0
0 0 0 0 0 0 0 0 0 0 0 0 0 0 0.09664706280441733 0 0 0 0 0
0 0 0.6187297884664978 0 0 0 0 0 0 0 0 0 0 0 0 0 0 0 0 0
0 0 0 0 0 0 0.3652213355213397 0 0 0 0 0 0 0 0 0 0 0 0 0
0 0 0 0 0 0 0 0 0 0 0 0 0 0 0.413983822185284 0 0 0 0 0
0 0.6261724678789335 0 0 0 0 0 0 0 0 0 0 0 0 0 0 0 0 0 0
0 0 0 0 0 0 0 0 0 0 0 0 0 0 0 0 0.2119051967144393 0 0 0
0 0 0 0 0 0 0 0 0 0.2635680885647214 0 0 0 0 0 0 0 0 0 0
0 0 0 0 0 0 0 0.3044660080017885 0 0 0 0 0 0 0 0 0 0 0 0
0 0 0 0 0 0 0 0 0 0.1380207174447854 0 0 0 0 0 0 0 0 0 0
0 0 0 0 0 0 0 0 0 0 0 0 0 0 0 0 0 0.1066887497167689 0 0
0 0 0 0 0 0 0 0.4669643916801413 0 0 0 0 0 0 0 0 0 0 0 0
0 0 0 0 0 0 0 0 0 0.3796252625518403 0 0 0 0 0 0 0 0 0 0
0 0 0 0 0 0 0 0 0 0.4777254983040491 0 0 0 0 0 0 0 0 0 0
0 0 0 0 0 0 0 0 0 0 0 0 0 0 0 0 0 0.01749177108859075 0 0
0 0 0 0 0 0 0 0 0 0.4139699627919556 0 0 0 0 0 0 0 0 0 0
0 0 0 0 0 0 0.3678108400181634 0 0 0 0 0 0 0 0 0 0 0 0 0
0 0 0 0 0 0 0 0 0.08531991231661101 0 0 0 0 0 0 0 0 0 0 0
0 0 0 0 0 0 0.1579314000831804 0 0 0 0 0 0 0 0 0 0 0 0 0
0 0 0 0 0 0 0 0 0 0 0 0 0 0.5920444606086045 0 0 0 0 0 0
0 0 0 0 0 0 0 0 0 0 0 0 0 0 0.2852567206190139 0 0 0 0 0
0 0 0 0 0 0 0 0 0 0 0 0 0 0.05372084781699785 0 0 0 0 0 0
0 0 0 0 0 0 0 0.114659680015488 0 0 0 0 0 0 0 0 0 0 0 0
0 0 0 0 0 0 0 0 0 0 0 0 0 0.4229237755501353 0 0 0 0 0 0
0 0 0 0 0 0 0 0.108955026768468 0 0 0 0 0 0 0 0 0 0 0 0
0 0 0 0.2161228422229589 0 0 0 0 0 0 0 0 0 0 0 0 0 0 0 0
0 0 0 0 0 0 0.4387513446053965 0 0 0 0 0 0 0 0 0 0 0 0 0
0 0 0.1140656540283725 0 0 0 0 0 0 0 0 0 0 0 0 0 0 0 0 0
0 0 0 0 0 0 0 0.3645932285388734 0 0 0 0 0 0 0 0 0 0 0 0
0 0.1725649158359027 0 0 0 0 0 0 0 0 0 0 0 0 0 0 0 0 0 0
0 0 0 0 0 0 0 0 0 0 0 0 0 0 0 0 0.3254049020046163 0 0 0
0 0 0 0 0 0 0 0.06890264057588266 0 0 0 0 0 0 0 0 0 0 0 0
0 0 0 0 0 0 0.1233696826067557 0 0 0 0 0 0 0 0 0 0 0 0 0
0 0 0 0 0 0 0 0 0 0 0 0 0 0 0.2653990299375267 0 0 0 0 0
0 0 0 0 0 0 0 0 0 0 0 0 0 0.2635864137718292 0 0 0 0 0 0
0 0 0 0 0 0 0.3964839212993062 0 0 0 0 0 0 0 0 0 0 0 0 0
0 0 0 0.4166000285523652 0 0 0 0 0 0 0 0 0 0 0 0 0 0 0 0
0 0 0 0 0 0 0 0 0 0 0 0.8339863317475649 0 0 0 0 0 0 0 0
0 0 0 0 0 0 0 0 0 0 0 0 0 0 0.8104897633574963 0 0 0 0 0
0 0.1276698709578845 0 0 0 0 0 0 0 0 0 0 0 0 0 0 0 0 0 0
0 0 0 0 0 0 0 0 0 0 0.6461327856238975 0 0 0 0 0 0 0 0 0
0 0 0 0 0 0 0 0 0 0 0 0 0.01730964425030464 0 0 0 0 0 0 0
0 0 0 0 0 0 0.3298865688933147 0 0 0 0 0 0 0 0 0 0 0 0 0
0 0 0 0 0 0 0 0 0 0 0 0 0 0.3080392683371847 0 0 0 0 0 0
0 0.4417723288879716 0 0 0 0 0 0 0 0 0 0 0 0 0 0 0 0 0 0
0 0 0 0 0 0 0 0 0 0 0.5859790179200386 0 0 0 0 0 0 0 0 0
0 0 0 0 0 0 0 0.5041810742349031 0 0 0 0 0 0 0 0 0 0 0 0
0 0 0 0 0 0 0.435820507211441 0 0 0 0 0 0 0 0 0 0 0 0 0
0.9326261434395666 0 0 0 0 0 0 0 0 0 0 0 0 0 0 0 0 0 0 0
0 0 0 0 0 0 0 0 0 0 0 0 0 0 0 0 0.3342475959126812 0 0 0
0 0 0 0 0 0 0 0 0 0 0 0 0 0 0 0 0 0 0.8208744276953457 0
0 0 0 0 0 0 0 0.13823715730738 0 0 0 0 0 0 0 0 0 0 0 0
0 0 0 0 0 0 0 0 0 0 0 0 0 0 0 0 0.3664075144021841 0 0 0
0 0 0 0 0 0 0 0 0 0 0 0 0 0 0 0 0 0.7864137611256294 0 0
0 0 0 0.8830262358954226 0 0 0 0 0 0 0 0 0 0 0 0 0 0 0 0
0 0 0 0 0 0 0 0 0.6503021008316908 0 0 0 0 0 0 0 0 0 0 0
0 0 0 0 0 0 0 0 0 0 0 0 0 0.09124423546694362 0 0 0 0 0 0
0 0 0 0 0 0 0 0 0 0 0 0 0 0 0 0 0.4803207884988638 0 0 0
0 0 0 0 0 0 0 0 0 0 0 0 0 0 0 0 0 0 0 0.756185478942203
0 0 0 0 0 0 0 0 0 0 0 0 0 0 0 0 0 0 0.5421840245706266 0
0 0 0 0 0 0 0 0 0 0 0 0 0 0 0 0 0 0 0.1794482027110803 0
0 0 0 0 0 0 0 0 0.7510717783306081 0 0 0 0 0 0 0 0 0 0 0
