0 0 0 0 0 0 0 0 0 0 0 0 0 0 0.3444575390009246 0 0 0 0 0
0 0 0 0 0 0 0 0 0 0 0 0 0 0.2245516232929807 0 0 0 0 0 0
0 0 0 0 0 0 0 0 0 0 0 0 0 0 0 0 0 0 0 0.4341348774312956
0 0 0 0 0 0 0 0 0 0 0 0 0 0 0 0 0 0 0.1809702292309327 0
0 0 0 0 0 0 0 0 0 0.7363153800494213 0 0 0 0 0 0 0 0 0 0
0 0 0 0 0 0 0 0 0 0 0 0 0 0 0.5519455234962112 0 0 0 0 0
0 0 0 0 0 0 0 0 0.961780515593625 0 0 0 0 0 0 0 0 0 0 0
0 0 0 0 0 0 0 0 0 0 0 0 0 0 0 0 0 0 0.3676991911532098 0
0 0 0 0 0 0 0 0 0 0 0.04987500907011359 0 0 0 0 0 0 0 0 0
0 0 0 0 0 0 0 0.8474252067504114 0 0 0 0 0 0 0 0 0 0 0 0
0 0 0 0 0 0 0 0 0 0 0 0 0 0 0 0 0 0.07698481365816642 0 0
0 0 0 0 0 0 0 0 0 0 0 0 0 0 0.4266988772715868 0 0 0 0 0
0 0 0 0 0 0 0 0 0 0 0 0 0.02966629706790325 0 0 0 0 0 0 0
0 0 0.3510089430097839 0 0 0 0 0 0 0 0 0 0 0 0 0 0 0 0 0
0.9737702830955248 0 0 0 0 0 0 0 0 0 0 0 0 0 0 0 0 0 0 0
0 0 0 0 0 0 0 0 0 0 0 0 0 0 0 0 0 0.3808721807313769 0 0
0 0 0 0 0 0 0 0 0 0 0.4650422455042161 0 0 0 0 0 0 0 0 0
0 0 0 0 0 0 0.9484368579232906 0 0 0 0 0 0 0 0 0 0 0 0 0
0 0 0 0 0 0 0 0 0 0 0 1 0 0 0 0 0 0 0 0
0 0 0 0 1 0 0 0 0 0 0 0 0 0 0 0 0 0 0 0
0 0 0 0 0 0 0 0 0 0 0 0 0 0 0.2666873996859601 0 0 0 0 0
0.2275333728490428 0 0 0 0 0 0 0 0 0 0 0 0 0 0 0 0 0 0 0
0 0 0 1 0 0 0 0 0 0 0 0 0 0 0 0 0 0 0 0
0 0 0 0 0 0 0 0 0 0 0 0 0.8767725318113152 0 0 0 0 0 0 0
0 0 0 0 0 0 0 0 0 0 0 0 0 0 0 0 0 0 0.255901936096671 0
0 0 0 0 0 0 0 0 0 0 0 0 0 0 0 1 0 0 0 0
0 0 0 0 0 0 0 0.5309147944482452 0 0 0 0 0 0 0 0 0 0 0 0
0 0 0 0 0 0 0 0 0.2738215474071771 0 0 0 0 0 0 0 0 0 0 0
0 0 0 0 0 0 0.3153072297670909 0 0 0 0 0 0 0 0 0 0 0 0 0
0 0 0 0 0 0 0 0 0 0 0 0 0 0 0 0 0 0 0 0.9008478829401297
0 0 0 0 0 0 0 0 0 0 0 0 0 0 0 0 0 0 0.6216413170334564 0
0 0 0 0 0 0 0 0 0 0.6766385010496198 0 0 0 0 0 0 0 0 0 0
0 0 0 0 0 0 0 0 0 0 0 0 0.3025687422045844 0 0 0 0 0 0 0
0 0 0 0 0 0 0 0 0 0 0.5379914139885144 0 0 0 0 0 0 0 0 0
0 0 0 0 0 0 0.03238637659879214 0 0 0 0 0 0 0 0 0 0 0 0 0
0 0 0 0 0 1 0 0 0 0 0 0 0 0 0 0 0 0 0 0
0 0 0 0 0 0 0 0 0 0 0 0 0 0 0 0 0 0 0.5209762107007991 0
0 0 0.9363721065512119 0 0 0 0 0 0 0 0 0 0 0 0 0 0 0 0 0
0 0 0 0 0 0 0 0 0 0 0.5693782730128225 0 0 0 0 0 0 0 0 0
0 0 0 0 0 0 0 0 0 0 0 0 0 0 0 0 0 0.6598046189962666 0 0
0 0 0 0 0 0 0 0 0 0 0 0 0 0.802917851772778 0 0 0 0 0 0
0 0 0 0 0 0 0 0 0 0 0 0 0 0 0.5687803107543616 0 0 0 0 0
0 0 0 0 0 0 0 0 0 0 0 0 0 0 0 0 0 0.642717640116896 0 0
0 0 0 0 0 0 0 0 0 0 0 0 0 0 0 0 0 0 0.3297076597534557 0
0 1 0 0 0 0 0 0 0 0 0 0 0 0 0 0 0 0 0 0
0 0 0 0 0 0 0 0 0 0 0.4094164311092404 0 0 0 0 0 0 0 0 0
0 0 0 0 0 0 0 0 0 0 0 0 0 0 0 0 1 0 0 0
0 0 0 0 0 0 0 0 0 0 0 0 0 0 0 0 0 0.02411680419753441 0 0
0 0 0 0 0 0 0 0 0 0 0 0 0 0.5521770474957056 0 0 0 0 0 0
0 0 0 0 0 0 0 0 0 0 0 0 0.3726150755406857 0 0 0 0 0 0 0
