0.6870733460577697 0.7527811924889369 0.3382834159725218 0.4698036185469243 0.7973822739807863 0.6474677389552546 0.0229781717825962 0.283972485448597 0.9543948318485683 0.8831546554020264 0.325217951078929 0.9106338892935747 0.4791750818669104 0.2020687207866142 0.2714494081184106 0.2409819163916721 0.05557545631473737 0.43713611124302 0.9045828875237261 0.5257574641792632
0.5454564729055315 0.2269996101655362 0.04640082974115911 0.1258080227978765 0.215125692811644 0.8733934154093561 0.9883286097862081 0.01776624857101217 0.4433099552400858 0.3691972907854745 0.5364635635120685 0.6165228186390816 0.395999761200828 0.1838640641874468 0.5852742458204657 0.03329676963646211 0.8939776650163531 0.6444107973976545 0.09454426425571583 0.5513749856881907
0.1289743211440313 0.1188208401421885 0.2655489015921338 0.7629083015715699 0.6982209458758758 0.5588521344343241 0.2552266187918415 0.5178687670230947 0.9297509936085084 0.1853192030819407 0.7342074071499061 0.872182896750039 0.6694562083904586 0.2036956686558588 0.1291659963716761 0.5150329913726867 0.1303081811738389 0.8257000008348281 0.5236445287137309 0.2914236874448831
0.5681267334492116 0.2606373804456115 0.5844702046818477 0.2321224272530563 0.2190520522215541 0.5185060815998277 0.8354157832401411 0.6447707704612369 0.09419074119458959 0.1340683253469441 0.3903005958146033 0.3195646928707799 0.8912206018412917 0.8912914879792161 0.02982410102377187 0.2105219377909703 0.3883527127176891 0.1763747449849493 0.918686339938344 0.1895985534953601
0.7339859615174913 0.9569156335362365 0.4777180452458304 0.8142192933706808 0.4282193818775361 0.8134492549192449 0.7616984963076888 0.9596036477349872 0.3366000066454339 0.7665944044640568 0.921617803833032 0.8107716829180092 0.8143374919221436 0.948298238781793 0.2906829027070243 0.4401465594582736 0.1060575008908403 0.8772821235223091 0.3436993279384193 0.9052448802492974
0.2038575715953397 0.3496058152639734 0.6904793775772908 0.9227065240960876 0.6879460130074898 0.3400935179887544 0.04004345990809655 0.3317507174847859 0.4761610597040945 0.7304001354118015 0.8936285933130457 0.006309041039328278 0.0767344622459043 0.2817905463438688 0.5356189297149452 0.5357855982615345 0.4252634793257445 0.8836374179203876 0.7273520450342843 0.1359613633298138
0.2351363452335682 0.5053058555146819 0.3625185543238116 0.8086200438431687 0.4193355363070452 0.9411625571261576 0.182456524343541 0.4827874781576865 0.8942473715874777 0.06573604136793065 0.2792316632894336 0.2027729254143843 0.9848127592862254 0.468453756468121 0.8881711480327409 0.8539254092751906 0.1039685832413332 0.3499435627110252 0.496695515942555 0.8788950441676689
0.9818540680087512 0.3369489293171689 0.7819485950343507 0.8587173362075939 0.2812492913825978 0.1989274353776971 0.6466136791600009 0.5641393330402388 0.1545755583498639 0.7421725312554781 0.3600926880302802 0.6046740203819879 0.006492972582530121 0.5905153664209507 0.7334260110546541 0.3456743376907632 0.7593298235379096 0.4269701211546654 0.4232000582420562 0.2993526375962332
0.7410589188281478 0.9170848638770785 0.4431012387881994 0.9869846488981605 0.7994877367102835 0.3112352492736875 0.2331052981841301 0.3589360040376469 0.4046692860273702 0.4958982904383696 0.7015337423351009 0.8409983347570872 0.05907402174593479 0.4530720120071641 0.4275558899293027 0.4240324145005606 0.5636770885928416 0.9398018101694869 0.3303214160955078 0.9489681421433714
0.2458842579096526 0.5484050277202206 0.713400836019665 0.8806216959925202 0.7816986897799817 0.9657612589875492 0.5511431027259658 0.9054263375404868 0.6546843569563314 0.1690100961978512 0.03066071514208635 0.7607805017586521 0.6776200720841414 0.2883134649731277 0.1060166129944062 0.6894602214202571 0.7494525153968865 0.5582820097955107 0.6652373633942178 0.4040609819585678
0.866087519586982 0.532401281751286 0.8948392016800111 0.7397095550632874 0.522901877997628 0.7196571309622739 0.8867460123730111 0.1945112851229119 0.4298050517698698 0.8593510087313693 0.03049636510686249 0.1330821821555361 0.4053468800031138 0.1123589980856868 0.7261520125492258 0.9748099995916681 0.4890665651791291 0.9602674925938464 0.1357691180578697 0.7004434248024517
0.5828583143224961 0.7917335624838278 0.5377006123447916 0.9798927970615768 0.4396527816134019 0.9502723535014963 0.9182785222225094 0.4238696728954923 0.4105219060232265 0.01994706530866552 0.4484941130033685 0.199410012046883 0.3359256340698007 0.2825157926023575 0.6701979675084021 0.4401735743398574 0.6002490211186909 0.843518432484373 0.8327720048654893 0.5855573426905576
0.4405364469063512 0.4004102571655167 0.07112713607759813 0.4673819807255151 0.4030428154695641 0.2015306927642802 0.8027249620079742 0.6981479779225153 0.9754081138097127 0.3855158212009935 0.4169275843723977 0.5197349195043111 0.3532884565943896 0.5452467443953123 0.8897525417359518 0.7305193866733154 0.2065119498005623 0.8001528795685877 0.7953080630390437 0.7990909604018334
0.3168026539627374 0.6129515207255519 0.6522909819467742 0.1202250039109185 0.9186752903843785 0.3681357735171472 0.6883767236348786 0.9283383793637647 0.6748721631716321 0.9384774127274217 0.6991076570229255 0.1708578946238436 0.7289055090750023 0.405720147290497 0.3185732933797989 0.7806462711010128 0.7904891353633537 0.9490117656563958 0.2031852952091615 0.5326643311279697
0.772122458631183 0.5163488687598282 0.2287864539478861 0.9952902913150423 0.8893198435637796 0.5771433371365626 0.538047806843471 0.8399761180782848 0.9146339813581575 0.8195853556817784 0.4328097755526352 0.8556231314791921 0.2256053317919582 0.5405160670188519 0.3151502886198437 0.1196344957255239 0.1455119527532067 0.9366048176878554 0.1949924278414866 0.6499101292412803
0.2391211579400825 0.5254695727323251 0.130634204114543 0.2895403460364386 0.4005245300481158 0.7066787742228039 0.9010699353512651 0.4285771319843574 0.713821968579719 0.1390864605494792 0.100575074472647 0.4481095903734141 0.7605062334799418 0.2316152840736775 0.8091328236943013 0.2524077355612057 0.08380122692037884 0.5130006140297886 0.0009778081589543186 0.7081130395586114
0.7390592486112548 0.9733195963038493 0.6631646068687582 0.4942167259302379 0.07362331711648329 0.5342950271226653 0.1418303940378226 0.8023887623876489 0.576148850536745 0.212914237650623 0.7070551786748137 0.3330084769159914 0.6690982123270099 0.7795510881468012 0.08657611869611215 0.5106564625707463 0.1036743620639057 0.6494615057501819 0.3154978825073803 0.643501190424533
0.04855378206841809 0.866996397020029 0.4781592550120661 0.7935531886275523 0.22663697816785 0.3349737422529327 0.7637749232114304 0.8534229165541922 0.4371238648457362 0.9303323300063634 0.5796142988403586 0.0490974814309052 0.4528613379550066 0.160400046327681 0.7328244469214485 0.3473526679306684 0.2011776397061527 0.842788034064323 0.8177963318022827 0.3436466908555792
0.4036227912413543 0.06059981017907001 0.1788847173767312 0.7359188438468761 0.566130348490864 0.8232369701013067 0.5011500981247835 0.7678624156754708 0.5099180004770675 0.5680690305779442 0.1846179642971857 0.5444010245167868 0.2010331487116715 0.5562191720969792 0.1414412376582579 0.1860099892913912 0.7647839601930789 0.07088626571143097 0.3693136455916091 0.8778780189185478
0.1043373998146707 0.3591532152607505 0.1139603675982034 0.8765407575704615 0.1262371128803381 0.2545555078427233 0.4219063525189753 0.6652560178001928 0.3447053095482027 0.2135016652967208 0.3733851057664603 0.5710246261646967 0.9907513493930348 0.3271651758113694 0.3622033363809831 0.7062352536720174 0.2989356914102731 0.3497007210488695 0.9947077354793283 0.6042673787827755
0.8288107950381358 0.03166569048661938 0.1454902197262089 0.727728294216953 0.5397439455910149 0.9952645064599802 0.4956296594508092 0.384103868507898 0.1943740012337618 0.5901664445660855 0.7666251865451571 0.9244391872210278 0.1376258262604034 0.008089923305083069 0.477960489221536 0.1829475862569223 0.6103386115064283 0.6202693045764363 0.4096301850713838 0.677205263887532
0.1996705691105815 0.8085819804847832 0.05033968420563784 0.1718618586534073 0.9806023190695672 0.9003771794068164 0.9397290211237066 0.908444293345448 0.4414171999533564 0.9388041036339804 0.2374134630686884 0.0495143119387923 0.5572640744729289 0.3133202351245092 0.5320773163972055 0.4716085694535741 0.4831324095157857 0.5700775293549659 0.9234422776550973 0.2361924935592524
0.8760801490992749 0.733835433258643 0.07921076300310081 0.8353874860030593 0.3976440185452329 0.3357381098211646 0.000393003192162511 0.2458051859861901 0.6879463498675434 0.8511726351136841 0.2410494693695195 0.3709397705100095 0.1504233377652363 0.8035001641072596 0.7170237234044958 0.7004781873795244 0.6788545241061085 0.892045004085718 0.8830309923985088 0.6253678484792837
0.2887783770398952 0.4031027853215536 0.0289572504552178 0.9164840140021397 0.6874477338720318 0.908170823529499 0.3020871371186011 0.9448264539608809 0.8640311717405328 0.8860127590881511 0.0001413302084268819 0.3772402189253093 0.1223252922827551 0.9328079064690463 0.5137072525150828 0.489336413426905 0.4869211668341662 0.570291901023215 0.5445075098554931 0.9171108608633298
0.8843845465271899 0.7837192592950845 0.3227273357745709 0.7844374215713414 0.1451854751117918 0.8602262001703626 0.7729997416212465 0.7759671355687482 0.5286986943613842 0.4501853666907679 0.2266314926925042 0.8086781770695518 0.9659290965618759 0.5435319722003557 0.9022074570473902 0.2823504419746198 0.517755251349526 0.3281625894251633 0.9918011592067861 0.2503166518227775
0.678755487511491 0.7642020789997055 0.03222663872243181 0.9822712283503278 0.09132273980371786 0.6140748319390118 0.1493508108256505 0.5207964967050822 0.09334509360030752 0.7812004399897563 0.7729310172845505 0.598148764929093 0.01454331957556299 0.04202422054464117 0.1809706574109177 0.9720306709820733 0.2546001889305973 0.7510088258632285 0.2812352095658633 0.2555186175363635
0.2578637359786262 0.2970529955101251 0.008944604937137224 0.9871761820679249 0.5664606358223131 0.6018424112867922 0.5382600708594458 0.04383754803860984 0.4715204888987573 0.5396765012085889 0.6729557907518587 0.5341680027167658 0.05507230898662863 0.6200989899363766 0.5811752027766969 0.545596325824134 0.8432812802132525 0.4473867597038816 0.6035654463082336 0.1236128863988412
0.2523792529929978 0.8503543257543007 0.01622436248646686 0.1562509781029018 0.8233849747596624 0.2293376814793499 0.2591949553381178 0.7007906066726736 0.9665252791289367 0.1982798199644802 0.7474972878938463 0.1405062449817521 0.3824975712793079 0.3232892514033832 0.8837855189840369 0.6553813962406582 0.3335753600012303 0.02160795914792346 0.3690086591281789 0.9721806718439246
0.5290990867820917 0.7421448232056075 0.345388836894019 0.4605898653252292 0.2116356982179798 0.8369597301372854 0.3598088594001205 0.03708813295068469 0.6889891899907271 0.1557888841089706 0.798751169310482 0.01526245262533199 0.585623147313232 0.4955162770256144 0.9974617337584916 0.1343707364262665 0.6725536822244123 0.09494547529971986 0.1617684143190222 0.9883312916279946
0.8066650674613896 0.2446402886671024 0.846300445700792 0.03560025903492647 0.5356070511818318 0.09147475560820062 0.9709056666420878 0.5831009367246858 0.5557412746375598 0.3179730730240664 0.8499045421492847 0.530154513465718 0.01709822415172679 0.1848948905473273 0.4334683098322705 0.07997641110511489 0.2806575533854596 0.2503952863580918 0.0006086423091991033 0.6928853192293604
0.7738896364811566 0.8203492980213409 0.8516296143866011 0.1515248809808434 0.8900366384529912 0.6582128898145322 0.6961336628141894 0.5640716642088865 0.9396819983471073 0.2518470435011207 0.7868842837227377 0.4952584663688091 0.8909002067462011 0.2761986897941914 0.0152469091908527 0.06489100463442987 0.8996350862213649 0.6411502232454998 0.7302687217068667 0.5043617045380032
0.5575746004125175 0.3638944826554436 0.7826356482727505 0.7568652512075241 0.7000061369477979 0.9618924149418538 0.7688383710827266 0.977922591143854 0.5902764496936616 0.6192590906865287 0.6390532170869906 0.3263713869512017 0.0330290180615378 0.7881763786137156 0.7101878505852305 0.0790316916668774 0.1485818364369702 0.6863402441962448 0.5350373773137375 0.1912144427589973
0.05595335088496012 0.6114123003073613 0.05361162687879506 0.2135753119522728 0.5026626703120288 0.09403110962040273 0.4089061107150217 0.02011579808306752 0.1194637458058411 0.9400625138171678 0.558861088998048 0.6864613759880351 0.3777702031407377 0.7631214106853785 0.8963890348402849 0.9101921629339087 0.496486148131659 0.7626102319611849 0.7089620332115116 0.9512968538192491
0.2415544901471862 0.5613397077830184 0.04377326756780975 0.9231779590175359 0.9452565787586052 0.5009063448895332 0.5861174481858638 0.7719418450568793 0.2493311842774562 0.3789904760461922 0.2886055961989953 0.5388039652149142 0.9489568238140139 0.3854006995498551 0.04500976581373906 0.6825186327094862 0.4950306601798781 0.2965120008987219 0.4158886067092111 0.8625102968817711
0.8210177135498551 0.1708463401004969 0.6851332782460625 0.9976633612725854 0.7843592980408396 0.7250463554353692 0.310019979210334 0.1594707905844115 0.8643221540234217 0.6103462184166267 0.3900903985337764 0.7555907348208796 0.718627885721305 0.6473331254774046 0.2072633615633397 0.8855278177946995 0.7190059624284972 0.3026305634146216 0.06359849887670277 0.9127964154958703
0.7938500584516285 0.4985836429715954 0.4139251942081669 0.6155624739890907 0.3985151761030816 0.03891804002549182 0.3019683321053582 0.2462785581235365 0.9723025876721264 0.7674980490993547 0.4036966138355975 0.7366272087072516 0.3026550151405917 0.5272958274321721 0.207143239828657 0.2542602835857236 0.4340230688193736 0.08242585896444932 0.8532879567289522 0.9163292162919756
0.2131078625515476 0.4737220117607128 0.841459701675827 0.2882789734588559 0.6107088220506567 0.4420480119556424 0.3974914783719659 0.7893742213089067 0.4645126140061657 0.4648025184152748 0.9920285043254465 0.9622297954466864 0.2350808879822273 0.2269537671213898 0.6627380175437828 0.4119464352032193 0.7187540405514171 0.7334533565591088 0.7832948611987212 0.2633144877988361
0.998358215305066 0.4937004367704417 0.08392651435770837 0.1120156832445609 0.5614997241464469 0.5101089424261638 0.9348355065512138 0.9008260608353997 0.4654036478537409 0.2064771332281155 0.5644176059163296 0.3087333817774225 0.6505856339559448 0.5151040068807616 0.8431800914407652 0.1317404149332022 0.251006777252771 0.5975314342455021 0.6252147812669753 0.4125940853790218
0.9005921743687358 0.8102750250424482 0.5408498828153867 0.4050293603878681 0.3971781442327371 0.1139888473931161 0.9372449468869547 0.2345355136768663 0.1528168276661543 0.5100158064555218 0.4550445354605238 0.07402697049277207 0.5755728724790967 0.6985352813761585 0.4905487346816844 0.07289365228724298 0.1796639885388505 0.1159354593520853 0.5834625741376914 0.08508780297389018
0.3840548740663904 0.1471563954411074 0.4114862358555937 0.6252749588601846 0.3595396617024561 0.8959843477482992 0.4174803476249062 0.933655236309334 0.8204568328933642 0.1166424875580141 0.1039656215977748 0.1328101383845905 0.6384683675245519 0.6845921351882761 0.790010083814763 0.5423258639370772 0.6753578692002615 0.6867516712595328 0.3382298681394844 0.6505163127267886
0.4040960185300494 0.6401644971550445 0.9346202183348619 0.4299706922714241 0.5061675452156382 0.3320648020129806 0.5787205369807141 0.8634203032304242 0.2836493560105574 0.83439032219953 0.5194772047229053 0.2260762600567963 0.4194472284690277 0.1669946738486131 0.9123945247299408 0.0579471474662161 0.6040034328780133 0.1039516679424443 0.3134780709344828 0.1429416599114329
0.4995104875439256 0.6360977745823923 0.8292554710198417 0.4500129348811263 0.7694491171666842 0.5953378136788511 0.9722643330460055 0.1197157953174368 0.8163176825978249 0.8351562049127252 0.7915717827274511 0.4548248726627996 0.5272094061190504 0.98538461742128 0.944635813433744 0.7630017536657997 0.4602613340588871 0.5402355602833143 0.8045603312460032 0.2768695895548876
0.2565331178037924 0.213861345395875 0.5512061607760821 0.951395602838791 0.2377366944896655 0.8015993547597385 0.03041001828202705 0.5062200113876759 0.2840253587052725 0.2827217298726605 0.3919738907254965 0.5354573610136704 0.7728853634255273 0.9616582544972533 0.1503856378108287 0.3947901414439905 0.162740260175215 0.8366421548115258 0.08480241664150034 0.8562857216543666
0.7408451571254663 0.8583365084057961 0.8899202098221197 0.1507766460348161 0.556686044291935 0.3025176099964864 0.2712231961231227 0.01643437559277483 0.515180771178199 0.01904939961756835 0.8982285778096194 0.2669816914342679 0.4933734055496374 0.6364175239710728 0.001499756841966238 0.1132389460482083 0.4665414298958832 0.6232778015416 0.819671062347814 0.4148056144153559
0.9268541348147243 0.5973832457074379 0.001830797119396821 0.6800379256025162 0.2127736450379927 0.01525583223166094 0.7357482316354939 0.5519103823134891 0.7836210892704623 0.0881690729527439 0.3556996834024179 0.2997016387616143 0.5690029977179771 0.5101532052376175 0.7821262500216196 0.1870579083080708 0.5764955065612383 0.6443774083467568 0.4598679872862814 0.5579772299699466
0.9743260633386297 0.7516724175522118 0.3809863610008279 0.4340162854684582 0.7128314840965011 0.09371209374096712 0.6378082226396038 0.114358495877141 0.1018479878990138 0.6666687791670224 0.1670998775369686 0.764718468999262 0.7505904110774281 0.312020271678708 0.5708645996220422 0.6451406450065615 0.8114646093675147 0.2014663196803215 0.6762427163892354 0.8228905834822886
0.4143856788852301 0.4936968050183258 0.5142493960889272 0.9393286277176713 0.05165076136192959 0.571552824094102 0.4897600923469176 0.343828100189723 0.669916719851435 0.7694400106617776 0.5400595769588181 0.0416380471168103 0.2350808651400905 0.02043975133049991 0.3277782923589608 0.4680560778756401 0.7845691130895557 0.5322729558284961 0.4774265006789925 0.6979497206785618
0.01741718530221414 0.6949907649340304 0.3119595867952945 0.5597909594664436 0.6068066454095338 0.1821426571500366 0.2502725902591647 0.5788180585538116 0.2626226717460972 0.2394170493667156 0.3590313502569825 0.9044109982517952 0.8692103055155421 0.5140357785375853 0.05174768110702721 0.8003379069103024 0.1811891879194154 0.6687412544085102 0.8353717147661669 0.9647965567706357
0.1268459086882018 0.523311321703079 0.850611044662294 0.537609254036449 0.7300464760863334 0.785459646223292 0.8365955447696011 0.6665324271498678 0.8977391897292477 0.6477912340100236 0.9446373903547087 0.6292983819035761 0.8724286238902514 0.5956553604281646 0.3443489842906311 0.8134574863103849 0.4323810279877621 0.1265456604379588 0.9685687326655372 0.8525635238982158
0.5612594235880608 0.6706122975626793 0.9977242219091645 0.1613087202858273 0.5345399601043379 0.3909787078216136 0.5411475699980743 0.1033778532751273 0.440742258109414 0.4614641374475624 0.5958916441909958 0.6623751810848598 0.5901493735310075 0.7293827600961478 0.5809026238628769 0.443103108613214 0.4967884445398908 0.4300888170299059 0.2100738531048549 0.2268011161554399
